((0, 10, 5, 6, 7, 8, 9), (7, 8, 9, 11, 12, 13, 14), (10, 9, 8, 14, 13, 12, 11), (11, 9, 8, 7, 6, 5, 10), (14, 8, 7, 6, 5, 10, 9), (15, 14, 8, 9, 11, 12, 13), (17, 13, 12, 11, 9, 8, 14), (18, 13, 12, 11, 9, 8, 14), (19, 10, 5, 6, 7, 8, 9))	1a28_ligand
((21, 29, 28, 27, 26, 31, 30), (22, 31, 26, 27, 28, 29, 30), (25, 26, 27, 28, 29, 30, 31))	1a2c_ligand
((11, 12, 13, 22, 19, 18, 17), (11, 12, 13, 22, 20, 21, 17), (12, 17, 18, 19, 22, 20, 21), (13, 22, 19, 18, 17, 21, 20), (14, 13, 12, 17, 18, 19, 22), (14, 13, 12, 17, 21, 20, 22), (18, 17, 12, 13, 22, 20, 21), (19, 22, 13, 12, 17, 21, 20), (20, 22, 13, 12, 17, 18, 19), (21, 17, 12, 13, 22, 19, 18), (23, 22, 13, 12, 17, 18, 19), (23, 22, 13, 12, 17, 21, 20), (23, 22, 19, 18, 17, 21, 20))	1a4k_ligand
((7, 8, 9, 11, 12, 13, 14), (10, 9, 8, 14, 13, 12, 11), (15, 14, 8, 9, 11, 12, 13), (17, 13, 12, 11, 9, 8, 14), (19, 13, 12, 11, 9, 8, 14))	1a52_ligand
((3, 4, 5, 6, 7, 8, 9),)	1a9m_ligand
((19, 20, 21, 27, 26, 25, 24), (22, 21, 20, 24, 25, 26, 27), (28, 25, 24, 20, 21, 27, 26))	1aq7_ligand
((5, 4, 3, 2, 1, 0, 9), (8, 9, 0, 1, 2, 3, 4), (9, 8, 7, 13, 12, 11, 10), (14, 13, 7, 8, 10, 11, 12), (16, 12, 11, 10, 8, 7, 13), (17, 12, 11, 10, 8, 7, 13), (18, 9, 0, 1, 2, 3, 4), (25, 13, 7, 8, 10, 11, 12), (26, 3, 2, 1, 0, 9, 4), (27, 3, 2, 1, 0, 9, 4), (33, 2, 1, 0, 9, 4, 3), (38, 11, 10, 8, 7, 13, 12))	1awf_ligand
((5, 4, 3, 2, 1, 0, 9), (8, 9, 0, 1, 2, 3, 4), (9, 8, 7, 13, 12, 11, 10), (14, 13, 7, 8, 10, 11, 12), (16, 12, 11, 10, 8, 7, 13), (17, 12, 11, 10, 8, 7, 13), (18, 9, 0, 1, 2, 3, 4), (25, 13, 7, 8, 10, 11, 12), (26, 3, 2, 1, 0, 9, 4), (27, 3, 2, 1, 0, 9, 4), (33, 2, 1, 0, 9, 4, 3))	1awh_ligand
((4, 6, 7, 8, 9, 10, 11), (12, 9, 8, 7, 6, 11, 10), (18, 8, 7, 6, 11, 10, 9))	1axs_ligand
((6, 3, 2, 1, 0, 5, 4), (7, 0, 1, 2, 3, 4, 5))	1b2i_ligand
((13, 14, 15, 16, 17, 18, 19),)	1b3h_ligand
((1, 0, 2, 4, 6, 8, 10), (3, 2, 0, 10, 8, 6, 4), (5, 4, 2, 0, 10, 8, 6), (7, 6, 4, 2, 0, 10, 8), (9, 8, 6, 4, 2, 0, 10), (11, 10, 0, 2, 4, 6, 8))	1b55_ligand
((30, 31, 32, 33, 34, 35, 36),)	1bil_ligand
((25, 26, 27, 28, 29, 30, 31),)	1bim_ligand
((6, 3, 2, 1, 0, 5, 4),)	1bkm_ligand
((6, 0, 1, 2, 3, 4, 5), (11, 1, 0, 5, 4, 3, 2), (16, 2, 1, 0, 5, 4, 3), (21, 3, 2, 1, 0, 5, 4), (26, 4, 3, 2, 1, 0, 5), (31, 5, 0, 1, 2, 3, 4))	1bq3_ligand
((6, 0, 1, 2, 3, 4, 5), (7, 1, 0, 5, 4, 3, 2), (8, 2, 1, 0, 5, 4, 3), (9, 3, 2, 1, 0, 5, 4), (10, 4, 3, 2, 1, 0, 5), (11, 5, 0, 1, 2, 3, 4))	1btn_ligand
((1, 0, 2, 4, 6, 8, 10), (3, 2, 0, 10, 8, 6, 4), (5, 4, 2, 0, 10, 8, 6), (7, 6, 4, 2, 0, 10, 8), (9, 8, 6, 4, 2, 0, 10), (11, 10, 0, 2, 4, 6, 8))	1bwn_ligand
((24, 25, 26, 27, 28, 29, 31), (32, 28, 27, 26, 25, 31, 29))	1c4u_ligand
((1, 5, 6, 7, 8, 9, 10), (4, 8, 7, 6, 5, 10, 9))	1c4v_ligand
((0, 11, 10, 9, 8, 7, 12), (6, 8, 7, 12, 11, 10, 9))	1c4y_ligand
((6, 3, 2, 1, 0, 5, 4), (7, 0, 1, 2, 3, 4, 5))	1ceb_ligand
((27, 28, 29, 30, 31, 32, 33), (34, 28, 29, 30, 31, 32, 33))	1cj1_ligand
((12, 13, 14, 15, 16, 17, 18),)	1cr6_ligand
((0, 10, 5, 6, 7, 8, 9), (4, 5, 6, 7, 8, 9, 10), (6, 5, 4, 2, 1, 0, 10), (7, 8, 9, 11, 12, 13, 14), (9, 10, 0, 1, 2, 4, 5), (10, 9, 8, 14, 13, 12, 11), (11, 9, 8, 7, 6, 5, 10), (14, 8, 7, 6, 5, 10, 9), (15, 14, 8, 9, 11, 12, 13), (17, 13, 12, 11, 9, 8, 14), (19, 13, 12, 11, 9, 8, 14), (20, 10, 0, 1, 2, 4, 5), (20, 10, 5, 6, 7, 8, 9))	1d2s_ligand
((4, 6, 7, 8, 9, 10, 11), (12, 9, 8, 7, 6, 11, 10), (18, 8, 7, 6, 11, 10, 9))	1d6v_ligand
((6, 1, 0, 5, 4, 3, 2), (7, 4, 3, 2, 1, 0, 5))	1d6w_ligand
((1, 2, 3, 4, 5, 6, 7), (8, 5, 4, 3, 2, 7, 6))	1d9i_ligand
((0, 4, 3, 2, 11, 6, 5), (16, 15, 9, 10, 12, 13, 14), (18, 14, 13, 12, 10, 9, 15), (19, 14, 13, 12, 10, 9, 15), (29, 2, 3, 4, 5, 6, 11))	1db1_ligand
((0, 10, 5, 6, 7, 8, 9), (7, 8, 9, 11, 12, 13, 14), (10, 9, 8, 14, 13, 12, 11), (11, 9, 8, 7, 6, 5, 10), (14, 8, 7, 6, 5, 10, 9), (15, 14, 8, 9, 11, 12, 13), (17, 13, 12, 11, 9, 8, 14), (18, 13, 12, 11, 9, 8, 14), (19, 10, 5, 6, 7, 8, 9))	1dbb_ligand
((0, 10, 5, 6, 7, 8, 9), (3, 2, 1, 0, 10, 5, 4), (4, 5, 6, 7, 8, 9, 10), (6, 5, 4, 2, 1, 0, 10), (7, 8, 9, 11, 12, 13, 14), (9, 10, 0, 1, 2, 4, 5), (10, 9, 8, 14, 13, 12, 11), (11, 9, 8, 7, 6, 5, 10), (14, 8, 7, 6, 5, 10, 9), (15, 14, 8, 9, 11, 12, 13), (17, 13, 12, 11, 9, 8, 14), (19, 13, 12, 11, 9, 8, 14), (20, 10, 0, 1, 2, 4, 5), (20, 10, 5, 6, 7, 8, 9))	1dbj_ligand
((0, 10, 5, 6, 7, 8, 9), (4, 5, 6, 7, 8, 9, 10), (6, 5, 4, 2, 1, 0, 10), (7, 8, 9, 11, 12, 13, 14), (9, 10, 0, 1, 2, 4, 5), (10, 9, 8, 14, 13, 12, 11), (11, 9, 8, 7, 6, 5, 10), (14, 8, 7, 6, 5, 10, 9), (15, 14, 8, 9, 11, 12, 13), (17, 13, 12, 11, 9, 8, 14), (19, 13, 12, 11, 9, 8, 14), (20, 10, 0, 1, 2, 4, 5), (20, 10, 5, 6, 7, 8, 9))	1dbk_ligand
((7, 12, 13, 14, 15, 16, 17),)	1e1v_ligand
((3, 4, 5, 6, 7, 8, 9),)	1e1x_ligand
((1, 7, 6, 11, 10, 9, 8), (4, 9, 8, 7, 6, 11, 10), (12, 6, 7, 8, 9, 10, 11))	1e2k_ligand
((1, 7, 6, 11, 10, 9, 8), (4, 9, 8, 7, 6, 11, 10), (12, 6, 7, 8, 9, 10, 11))	1e2l_ligand
((1, 2, 3, 9, 8, 7, 6), (3, 9, 8, 10, 11, 12, 13), (4, 3, 2, 6, 7, 8, 9), (6, 2, 1, 0, 5, 4, 3), (7, 8, 9, 13, 12, 11, 10), (9, 3, 2, 1, 0, 5, 4), (10, 8, 7, 6, 2, 3, 9), (13, 9, 3, 2, 6, 7, 8), (14, 10, 8, 9, 13, 12, 11), (16, 11, 10, 8, 9, 13, 12), (17, 3, 2, 1, 0, 5, 4), (17, 3, 2, 6, 7, 8, 9), (19, 12, 11, 10, 8, 9, 13), (20, 0, 1, 2, 3, 4, 5), (21, 11, 10, 8, 9, 13, 12))	1e3v_ligand
((24, 25, 26, 28, 30, 29, 27),)	1eed_ligand
((1, 0, 2, 9, 8, 6, 3), (1, 5, 4, 6, 8, 9, 7), (2, 0, 1, 5, 4, 6, 3), (2, 9, 7, 5, 4, 6, 8), (3, 0, 1, 5, 7, 9, 2), (3, 6, 4, 5, 7, 9, 8), (4, 5, 1, 0, 2, 9, 7), (4, 6, 3, 0, 2, 9, 8), (7, 5, 1, 0, 3, 6, 4), (7, 9, 2, 0, 3, 6, 8), (8, 6, 3, 0, 1, 5, 4), (8, 9, 2, 0, 1, 5, 7), (12, 9, 2, 0, 1, 5, 7), (12, 9, 2, 0, 3, 6, 8), (12, 9, 7, 5, 4, 6, 8))	1ejn_ligand
((6, 2, 1, 0, 5, 4, 3),)	1ek1_ligand
((6, 4, 3, 2, 1, 0, 5),)	1ek2_ligand
((29, 30, 31, 33, 35, 34, 32),)	1epo_ligand
((18, 26, 27, 28, 29, 30, 31),)	1epq_ligand
((1, 0, 2, 4, 6, 8, 10), (3, 2, 0, 10, 8, 6, 4), (5, 4, 2, 0, 10, 8, 6), (7, 6, 4, 2, 0, 10, 8), (9, 8, 6, 4, 2, 0, 10), (11, 10, 0, 2, 4, 6, 8))	1fao_ligand
((6, 5, 0, 1, 2, 3, 4), (16, 0, 1, 2, 3, 4, 5), (17, 0, 1, 2, 3, 4, 5), (18, 4, 3, 2, 1, 0, 5))	1fbm_ligand
((46, 47, 48, 49, 51, 53, 54), (50, 49, 48, 47, 54, 53, 51), (52, 51, 49, 48, 47, 54, 53))	1fkb_ligand
((26, 27, 28, 29, 30, 31, 32), (55, 29, 28, 27, 32, 31, 30), (56, 30, 29, 28, 27, 32, 31))	1fkf_ligand
((18, 27, 28, 29, 30, 31, 32),)	1fkh_ligand
((20, 21, 22, 24, 26, 25, 23),)	1fq4_ligand
((27, 35, 36, 37, 38, 39, 40),)	1fq6_ligand
((30, 31, 32, 34, 36, 35, 33),)	1fq7_ligand
((29, 30, 31, 33, 35, 34, 32),)	1fq8_ligand
((1, 31, 32, 33, 34, 36, 37), (35, 34, 33, 32, 31, 37, 36))	1g37_ligand
((7, 8, 9, 11, 12, 13, 14), (10, 9, 8, 14, 13, 12, 11), (15, 14, 8, 9, 11, 12, 13), (17, 13, 12, 11, 9, 8, 14), (19, 13, 12, 11, 9, 8, 14))	1g50_ligand
((18, 19, 22, 21, 20, 24, 23), (25, 20, 21, 22, 19, 23, 24))	1g5s_ligand
((5, 4, 3, 2, 1, 0, 6), (7, 1, 0, 6, 4, 3, 2), (8, 2, 1, 0, 6, 4, 3), (9, 3, 2, 1, 0, 6, 4), (17, 0, 1, 2, 3, 4, 6))	1gai_ligand
((3, 4, 5, 6, 7, 8, 9),)	1gnm_ligand
((3, 4, 5, 6, 7, 8, 9),)	1gnn_ligand
((3, 4, 5, 6, 7, 8, 9),)	1gno_ligand
((13, 0, 1, 2, 3, 4, 5), (14, 1, 0, 5, 4, 3, 2), (15, 2, 1, 0, 5, 4, 3), (16, 3, 2, 1, 0, 5, 4), (17, 4, 3, 2, 1, 0, 5), (18, 5, 0, 1, 2, 3, 4))	1gym_ligand
((6, 0, 1, 2, 3, 4, 5), (7, 1, 0, 5, 4, 3, 2), (8, 2, 1, 0, 5, 4, 3), (9, 3, 2, 1, 0, 5, 4), (10, 4, 3, 2, 1, 0, 5), (11, 5, 0, 1, 2, 3, 4))	1h0a_ligand
((7, 12, 13, 14, 15, 16, 17),)	1h1p_ligand
((2, 3, 4, 5, 6, 7, 8),)	1h1q_ligand
((4, 5, 6, 7, 8, 9, 10),)	1h1r_ligand
((2, 3, 4, 5, 6, 7, 8),)	1h1s_ligand
((0, 10, 5, 6, 7, 8, 9), (7, 8, 9, 11, 12, 13, 14), (10, 9, 8, 14, 13, 12, 11), (11, 9, 8, 7, 6, 5, 10), (14, 8, 7, 6, 5, 10, 9), (15, 14, 8, 9, 11, 12, 13), (17, 13, 12, 11, 9, 8, 14), (18, 13, 12, 11, 9, 8, 14), (19, 10, 5, 6, 7, 8, 9))	1h60_ligand
((0, 9, 4, 5, 6, 7, 8), (6, 7, 8, 10, 11, 12, 13), (9, 8, 7, 13, 12, 11, 10), (10, 8, 7, 6, 5, 4, 9), (13, 7, 6, 5, 4, 9, 8), (14, 13, 7, 8, 10, 11, 12), (16, 12, 11, 10, 8, 7, 13), (17, 12, 11, 10, 8, 7, 13), (18, 9, 4, 5, 6, 7, 8))	1h61_ligand
((0, 1, 14, 15, 16, 17, 18), (1, 18, 2, 3, 4, 5, 17), (2, 18, 1, 14, 15, 16, 17), (5, 17, 16, 15, 14, 1, 18), (6, 5, 4, 3, 2, 18, 17), (8, 4, 3, 2, 18, 17, 5), (9, 4, 3, 2, 18, 17, 5), (10, 1, 14, 15, 16, 17, 18), (16, 17, 5, 4, 3, 2, 18))	1h62_ligand
((6, 0, 1, 2, 3, 4, 5), (7, 1, 0, 5, 4, 3, 2), (8, 2, 1, 0, 5, 4, 3), (9, 3, 2, 1, 0, 5, 4), (10, 4, 3, 2, 1, 0, 5), (11, 5, 0, 1, 2, 3, 4))	1h6h_ligand
((23, 24, 25, 26, 27, 28, 29),)	1hih_ligand
((23, 24, 25, 26, 27, 28, 29),)	1hii_ligand
((26, 27, 28, 30, 32, 31, 29),)	1hiv_ligand
((21, 22, 23, 24, 25, 26, 27),)	1hrn_ligand
((36, 37, 38, 39, 40, 41, 42), (43, 42, 37, 38, 39, 40, 41))	1hxb_ligand
((0, 10, 5, 6, 7, 8, 9), (7, 8, 9, 11, 12, 13, 14), (10, 9, 8, 14, 13, 12, 11), (11, 9, 8, 7, 6, 5, 10), (14, 8, 7, 6, 5, 10, 9), (15, 14, 8, 9, 11, 12, 13), (17, 13, 12, 11, 9, 8, 14), (19, 13, 12, 11, 9, 8, 14), (20, 10, 5, 6, 7, 8, 9))	1i37_ligand
((7, 8, 9, 11, 12, 13, 14), (10, 9, 8, 14, 13, 12, 11), (15, 14, 8, 9, 11, 12, 13), (17, 13, 12, 11, 9, 8, 14), (19, 13, 12, 11, 9, 8, 14))	1i5r_ligand
((0, 9, 4, 5, 6, 7, 8), (3, 4, 5, 6, 7, 8, 9), (5, 4, 3, 2, 1, 0, 9), (6, 7, 8, 10, 11, 12, 13), (8, 9, 0, 1, 2, 3, 4), (9, 8, 7, 13, 12, 11, 10), (10, 8, 7, 6, 5, 4, 9), (13, 7, 6, 5, 4, 9, 8), (14, 13, 7, 8, 10, 11, 12), (16, 12, 11, 10, 8, 7, 13), (17, 12, 11, 10, 8, 7, 13), (18, 9, 0, 1, 2, 3, 4), (18, 9, 4, 5, 6, 7, 8), (29, 0, 1, 2, 3, 4, 9), (30, 2, 1, 0, 9, 4, 3), (31, 4, 3, 2, 1, 0, 9), (31, 4, 5, 6, 7, 8, 9), (32, 10, 8, 7, 13, 12, 11), (33, 13, 7, 8, 10, 11, 12))	1ibg_ligand
((0, 4, 3, 2, 11, 6, 5), (16, 15, 9, 10, 12, 13, 14), (18, 14, 13, 12, 10, 9, 15), (19, 14, 13, 12, 10, 9, 15), (29, 2, 3, 4, 5, 6, 11))	1ie9_ligand
((0, 10, 5, 6, 7, 8, 9), (3, 2, 1, 0, 10, 5, 4), (4, 5, 6, 7, 8, 9, 10), (6, 5, 4, 2, 1, 0, 10), (7, 8, 9, 11, 12, 14, 15), (9, 10, 0, 1, 2, 4, 5), (10, 9, 8, 15, 14, 12, 11), (11, 9, 8, 7, 6, 5, 10), (13, 12, 11, 9, 8, 15, 14), (15, 8, 7, 6, 5, 10, 9), (16, 15, 8, 9, 11, 12, 14), (17, 15, 8, 9, 11, 12, 14), (19, 14, 12, 11, 9, 8, 15), (20, 14, 12, 11, 9, 8, 15), (21, 10, 0, 1, 2, 4, 5), (21, 10, 5, 6, 7, 8, 9))	1igj_ligand
((29, 30, 31, 32, 33, 34, 35),)	1ijr_ligand
((0, 1, 14, 15, 16, 17, 18), (1, 18, 2, 3, 4, 5, 17), (2, 18, 1, 14, 15, 16, 17), (5, 17, 16, 15, 14, 1, 18), (6, 5, 4, 3, 2, 18, 17), (8, 4, 3, 2, 18, 17, 5), (9, 4, 3, 2, 18, 17, 5), (10, 1, 0, 11, 12, 13, 14), (10, 1, 14, 15, 16, 17, 18), (13, 14, 1, 18, 17, 16, 15), (15, 14, 1, 0, 11, 12, 13), (16, 17, 5, 4, 3, 2, 18), (18, 1, 0, 11, 12, 13, 14), (23, 12, 11, 0, 1, 14, 13), (24, 3, 2, 18, 17, 5, 4))	1imx_ligand
((26, 27, 28, 30, 32, 31, 29),)	1ivp_ligand
((7, 8, 9, 11, 12, 13, 14), (10, 9, 8, 14, 13, 12, 11), (15, 14, 8, 9, 11, 12, 13), (17, 13, 12, 11, 9, 8, 14), (19, 13, 12, 11, 9, 8, 14))	1jgl_ligand
((1, 0, 2, 4, 6, 8, 10), (3, 2, 0, 10, 8, 6, 4), (5, 4, 2, 0, 10, 8, 6), (7, 6, 4, 2, 0, 10, 8), (9, 8, 6, 4, 2, 0, 10), (11, 10, 0, 2, 4, 6, 8))	1joc_ligand
((19, 21, 20, 25, 24, 23, 22),)	1k1o_ligand
((7, 0, 1, 2, 3, 4, 5),)	1k1p_ligand
((19, 21, 20, 25, 24, 23, 22),)	1k21_ligand
((7, 0, 1, 2, 3, 4, 5),)	1k22_ligand
((0, 10, 5, 6, 7, 8, 9), (4, 5, 6, 7, 8, 9, 10), (6, 5, 4, 2, 1, 0, 10), (7, 8, 9, 11, 12, 13, 14), (9, 10, 0, 1, 2, 4, 5), (10, 9, 8, 14, 13, 12, 11), (11, 9, 8, 7, 6, 5, 10), (14, 8, 7, 6, 5, 10, 9), (15, 14, 8, 9, 11, 12, 13), (17, 13, 12, 11, 9, 8, 14), (19, 13, 12, 11, 9, 8, 14), (20, 10, 0, 1, 2, 4, 5), (20, 10, 5, 6, 7, 8, 9))	1kdk_ligand
((7, 8, 9, 10, 12, 14, 15), (11, 10, 9, 8, 15, 14, 12), (13, 12, 10, 9, 8, 15, 14), (16, 15, 8, 9, 10, 12, 14))	1l5r_ligand
((7, 8, 9, 11, 12, 13, 14), (10, 9, 8, 14, 13, 12, 11), (15, 14, 8, 9, 11, 12, 13), (17, 13, 12, 11, 9, 8, 14), (19, 13, 12, 11, 9, 8, 14))	1lhu_ligand
((0, 9, 4, 5, 6, 7, 8), (6, 7, 8, 10, 11, 12, 13), (9, 8, 7, 13, 12, 11, 10), (10, 8, 7, 6, 5, 4, 9), (13, 7, 6, 5, 4, 9, 8), (14, 13, 7, 8, 10, 11, 12), (16, 12, 11, 10, 8, 7, 13), (17, 12, 11, 10, 8, 7, 13))	1lhv_ligand
((1, 17, 2, 3, 4, 5, 16), (6, 5, 4, 3, 2, 17, 16), (8, 4, 3, 2, 17, 16, 5), (9, 4, 3, 2, 17, 16, 5), (15, 16, 5, 4, 3, 2, 17))	1lhw_ligand
((6, 8, 10, 18, 17, 15, 12), (9, 8, 10, 18, 17, 15, 12), (11, 10, 8, 12, 15, 17, 18), (12, 15, 16, 22, 21, 19, 17), (13, 12, 8, 10, 18, 17, 15), (14, 12, 8, 10, 18, 17, 15), (16, 15, 12, 8, 10, 18, 17), (17, 19, 21, 23, 24, 26, 27), (18, 17, 15, 16, 22, 21, 19), (19, 17, 15, 12, 8, 10, 18), (20, 19, 17, 15, 16, 22, 21), (20, 19, 21, 23, 24, 26, 27), (22, 21, 19, 27, 26, 24, 23), (23, 21, 19, 17, 15, 16, 22), (25, 24, 23, 21, 19, 27, 26), (27, 19, 17, 15, 16, 22, 21))	1lke_ligand
((6, 8, 9, 10, 17, 15, 12), (10, 17, 15, 16, 22, 21, 18), (11, 8, 9, 10, 17, 15, 12), (12, 15, 16, 22, 21, 18, 17), (13, 12, 8, 9, 10, 17, 15), (14, 12, 8, 9, 10, 17, 15), (16, 15, 12, 8, 9, 10, 17), (17, 18, 19, 25, 24, 23, 21), (18, 17, 10, 9, 8, 12, 15), (19, 18, 17, 15, 16, 22, 21), (20, 18, 17, 15, 16, 22, 21), (20, 18, 19, 25, 24, 23, 21), (22, 21, 18, 19, 25, 24, 23), (23, 21, 18, 17, 15, 16, 22), (26, 24, 23, 21, 18, 19, 25))	1lnm_ligand
((6, 26, 17, 30, 31, 32, 33), (10, 32, 31, 30, 17, 26, 33), (11, 33, 26, 17, 30, 31, 32), (16, 30, 17, 26, 33, 32, 31), (27, 26, 17, 30, 31, 32, 33), (29, 30, 17, 26, 33, 32, 31), (34, 33, 26, 17, 30, 31, 32))	1m13_ligand
((6, 0, 1, 2, 3, 4, 5), (7, 1, 0, 5, 4, 3, 2), (8, 2, 1, 0, 5, 4, 3), (9, 3, 2, 1, 0, 5, 4), (10, 4, 3, 2, 1, 0, 5), (11, 5, 0, 1, 2, 3, 4))	1mai_ligand
((6, 0, 1, 2, 3, 4, 5), (7, 1, 0, 5, 4, 3, 2), (8, 2, 1, 0, 5, 4, 3), (9, 3, 2, 1, 0, 5, 4), (10, 4, 3, 2, 1, 0, 5), (11, 5, 0, 1, 2, 3, 4))	1n4k_ligand
((6, 2, 1, 0, 5, 4, 3),)	1n94_ligand
((10, 9, 8, 30, 29, 20, 19), (21, 20, 19, 9, 8, 30, 29), (22, 20, 19, 9, 8, 30, 29), (28, 29, 20, 19, 9, 8, 30), (31, 30, 8, 9, 19, 20, 29))	1nhz_ligand
((1, 18, 16, 15, 13, 21, 19), (14, 13, 15, 16, 18, 19, 21), (17, 16, 15, 13, 21, 19, 18), (20, 19, 18, 16, 15, 13, 21), (22, 21, 13, 15, 16, 18, 19))	1njj_ligand
((17, 28, 29, 30, 31, 32, 33),)	1nt1_ligand
((15, 16, 17, 18, 21, 20, 19), (22, 21, 18, 17, 16, 19, 20))	1nwl_ligand
((21, 22, 23, 24, 25, 26, 27),)	1nzq_ligand
((21, 22, 23, 24, 25, 26, 27),)	1o0d_ligand
((20, 26, 21, 22, 23, 24, 25), (27, 21, 22, 23, 24, 25, 26))	1o2r_ligand
((11, 14, 15, 16, 17, 18, 19),)	1o4i_ligand
((20, 26, 21, 22, 23, 24, 25), (27, 21, 22, 23, 24, 25, 26))	1o5c_ligand
((20, 26, 21, 22, 23, 24, 25), (27, 21, 22, 23, 24, 25, 26))	1o5f_ligand
((20, 26, 21, 22, 23, 24, 25), (27, 21, 22, 23, 24, 25, 26))	1o5g_ligand
((10, 13, 14, 15, 16, 17, 18), (19, 16, 15, 14, 13, 18, 17))	1o79_ligand
((1, 2, 3, 4, 5, 6, 7),)	1ogu_ligand
((8, 1, 0, 5, 4, 3, 2), (9, 0, 1, 2, 3, 4, 5))	1ohr_ligand
((3, 4, 5, 6, 7, 8, 9),)	1oi9_ligand
((2, 3, 4, 5, 6, 7, 8),)	1oiu_ligand
((1, 2, 3, 4, 5, 6, 7),)	1oiy_ligand
((0, 11, 5, 6, 7, 9, 10), (3, 2, 1, 0, 11, 5, 4), (4, 5, 6, 7, 9, 10, 11), (6, 5, 4, 2, 1, 0, 11), (7, 9, 10, 12, 13, 14, 15), (8, 7, 6, 5, 11, 10, 9), (10, 11, 0, 1, 2, 4, 5), (11, 10, 9, 15, 14, 13, 12), (12, 10, 9, 7, 6, 5, 11), (15, 9, 7, 6, 5, 11, 10), (16, 15, 9, 10, 12, 13, 14), (18, 14, 13, 12, 10, 9, 15), (19, 14, 13, 12, 10, 9, 15), (20, 11, 0, 1, 2, 4, 5), (20, 11, 5, 6, 7, 9, 10), (27, 6, 5, 11, 10, 9, 7))	1osv_ligand
((0, 9, 4, 5, 6, 7, 8), (6, 7, 8, 10, 11, 12, 13), (9, 8, 7, 13, 12, 11, 10), (10, 8, 7, 6, 5, 4, 9), (13, 7, 6, 5, 4, 9, 8), (14, 13, 7, 8, 10, 11, 12), (16, 12, 11, 10, 8, 7, 13), (17, 12, 11, 10, 8, 7, 13), (18, 9, 4, 5, 6, 7, 8), (22, 8, 7, 6, 5, 4, 9), (22, 8, 7, 13, 12, 11, 10), (24, 10, 8, 7, 13, 12, 11))	1p93_ligand
((46, 47, 48, 49, 51, 53, 54), (50, 49, 48, 47, 54, 53, 51), (52, 51, 49, 48, 47, 54, 53))	1pbk_ligand
((4, 5, 6, 7, 8, 9, 10),)	1pw6_ligand
((1, 9, 4, 5, 6, 7, 8),)	1q6k_ligand
((0, 1, 2, 3, 4, 6, 5), (4, 17, 15, 16, 20, 19, 18), (7, 6, 4, 3, 2, 1, 5), (8, 15, 16, 20, 19, 18, 17), (17, 4, 3, 2, 1, 5, 6), (21, 20, 16, 15, 17, 18, 19))	1q83_ligand
((0, 1, 2, 3, 4, 5, 6), (4, 14, 15, 16, 17, 20, 19), (7, 5, 4, 3, 2, 1, 6), (14, 4, 3, 2, 1, 6, 5), (18, 17, 16, 15, 14, 19, 20), (21, 19, 14, 15, 16, 17, 20))	1q84_ligand
((1, 2, 3, 4, 5, 6, 7), (8, 5, 4, 3, 2, 7, 6))	1q8t_ligand
((0, 9, 4, 5, 6, 7, 8), (3, 4, 5, 6, 7, 8, 9), (5, 4, 3, 2, 1, 0, 9), (6, 7, 8, 10, 11, 12, 13), (8, 9, 0, 1, 2, 3, 4), (9, 8, 7, 13, 12, 11, 10), (10, 8, 7, 6, 5, 4, 9), (13, 7, 6, 5, 4, 9, 8), (14, 13, 7, 8, 10, 11, 12), (16, 12, 11, 10, 8, 7, 13), (17, 3, 2, 1, 0, 9, 4), (18, 9, 0, 1, 2, 3, 4), (18, 9, 4, 5, 6, 7, 8), (19, 7, 6, 5, 4, 9, 8), (19, 7, 8, 10, 11, 12, 13), (20, 13, 7, 8, 10, 11, 12), (31, 10, 8, 7, 13, 12, 11), (36, 2, 1, 0, 9, 4, 3))	1qca_ligand
((7, 8, 9, 11, 12, 13, 14), (10, 9, 8, 14, 13, 12, 11), (15, 14, 8, 9, 11, 12, 13), (17, 13, 12, 11, 9, 8, 14), (19, 13, 12, 11, 9, 8, 14))	1qkt_ligand
((7, 8, 9, 11, 12, 13, 14), (10, 9, 8, 14, 13, 12, 11), (15, 14, 8, 9, 11, 12, 13), (17, 13, 12, 11, 9, 8, 14), (19, 13, 12, 11, 9, 8, 14))	1qku_ligand
((26, 27, 28, 29, 30, 31, 32), (64, 29, 28, 27, 32, 31, 30), (65, 30, 29, 28, 27, 32, 31))	1qpl_ligand
((6, 5, 0, 1, 2, 3, 4),)	1r5h_ligand
((0, 1, 4, 10, 16, 11, 5), (6, 4, 1, 5, 11, 16, 10), (17, 11, 5, 1, 4, 10, 16))	1riw_ligand
((0, 1, 2, 4, 6, 8, 7), (5, 4, 2, 1, 7, 8, 6), (17, 15, 14, 11, 12, 13, 16), (18, 14, 11, 12, 13, 16, 15), (20, 15, 14, 11, 12, 13, 16))	1rjk_ligand
((21, 22, 23, 24, 25, 26, 27),)	1rne_ligand
((0, 4, 3, 2, 11, 6, 5), (1, 2, 3, 4, 5, 6, 11), (16, 15, 9, 10, 12, 13, 14), (18, 14, 13, 12, 10, 9, 15), (19, 14, 13, 12, 10, 9, 15))	1s19_ligand
((32, 33, 34, 35, 36, 37, 38),)	1sb1_ligand
((29, 31, 30, 35, 34, 33, 32),)	1skj_ligand
((3, 4, 5, 10, 9, 8, 6), (5, 4, 3, 1, 2, 7, 6), (6, 8, 9, 14, 13, 12, 11), (7, 6, 4, 5, 10, 9, 8), (8, 6, 4, 3, 1, 2, 7), (10, 9, 8, 11, 12, 13, 14), (11, 8, 6, 4, 5, 10, 9), (14, 9, 8, 6, 4, 5, 10), (15, 13, 12, 11, 8, 9, 14), (16, 13, 12, 11, 8, 9, 14), (19, 14, 9, 8, 11, 12, 13))	1sqn_ligand
((6, 9, 11, 20, 19, 15, 13), (7, 6, 4, 5, 14, 13, 9), (8, 6, 4, 5, 14, 13, 9), (10, 9, 6, 4, 5, 14, 13), (10, 9, 11, 20, 19, 15, 13), (11, 9, 6, 4, 5, 14, 13), (12, 11, 9, 13, 15, 19, 20), (14, 13, 9, 11, 20, 19, 15), (15, 13, 9, 6, 4, 5, 14), (16, 15, 13, 9, 11, 20, 19), (21, 19, 15, 13, 9, 11, 20), (22, 19, 15, 13, 9, 11, 20))	1sr7_ligand
((0, 10, 5, 6, 7, 8, 9), (4, 5, 6, 7, 8, 9, 10), (6, 5, 4, 2, 1, 0, 10), (7, 8, 9, 11, 12, 13, 14), (9, 10, 0, 1, 2, 4, 5), (10, 9, 8, 14, 13, 12, 11), (11, 9, 8, 7, 6, 5, 10), (14, 8, 7, 6, 5, 10, 9), (15, 14, 8, 9, 11, 12, 13), (17, 13, 12, 11, 9, 8, 14), (19, 13, 12, 11, 9, 8, 14), (20, 10, 0, 1, 2, 4, 5), (20, 10, 5, 6, 7, 8, 9))	1t7r_ligand
((9, 0, 1, 3, 5, 4, 2),)	1ta6_ligand
((11, 0, 1, 2, 3, 4, 5),)	1tkt_ligand
((11, 0, 1, 2, 3, 4, 5),)	1tkz_ligand
((11, 0, 1, 2, 3, 4, 5),)	1tl1_ligand
((11, 0, 1, 2, 3, 4, 5),)	1tl3_ligand
((6, 0, 1, 2, 3, 4, 5),)	1tng_ligand
((0, 1, 2, 3, 4, 5, 6), (7, 4, 3, 2, 1, 6, 5))	1tom_ligand
((18, 19, 20, 21, 22, 23, 24),)	1u9v_ligand
((6, 2, 1, 0, 5, 4, 3),)	1uvs_ligand
((6, 2, 1, 0, 5, 4, 3),)	1vj5_ligand
((1, 0, 2, 4, 6, 8, 10), (3, 2, 0, 10, 8, 6, 4), (5, 4, 2, 0, 10, 8, 6), (7, 6, 4, 2, 0, 10, 8), (9, 8, 6, 4, 2, 0, 10), (11, 10, 0, 2, 4, 6, 8))	1w1d_ligand
((9, 10, 11, 13, 19, 25, 31), (12, 11, 10, 31, 25, 19, 13), (14, 13, 11, 10, 31, 25, 19), (20, 19, 13, 11, 10, 31, 25), (26, 25, 19, 13, 11, 10, 31), (32, 31, 10, 11, 13, 19, 25))	1w1g_ligand
((25, 27, 28, 29, 30, 31, 32), (33, 27, 28, 29, 30, 31, 32))	1x0n_ligand
((0, 10, 5, 6, 7, 8, 9), (3, 2, 1, 0, 10, 5, 4), (4, 5, 6, 7, 8, 9, 10), (6, 5, 4, 2, 1, 0, 10), (7, 8, 9, 11, 12, 13, 14), (9, 10, 0, 1, 2, 4, 5), (10, 9, 8, 14, 13, 12, 11), (11, 9, 8, 7, 6, 5, 10), (14, 8, 7, 6, 5, 10, 9), (15, 14, 8, 9, 11, 12, 13), (17, 13, 12, 11, 9, 8, 14), (19, 13, 12, 11, 9, 8, 14), (20, 10, 0, 1, 2, 4, 5), (20, 10, 5, 6, 7, 8, 9))	1x8j_ligand
((20, 44, 45, 47, 49, 51, 52), (46, 45, 44, 52, 51, 49, 47), (48, 47, 45, 44, 52, 51, 49), (50, 49, 47, 45, 44, 52, 51), (53, 51, 49, 47, 45, 44, 52))	1xd0_ligand
((1, 3, 4, 5, 8, 7, 6), (9, 8, 5, 4, 3, 6, 7), (11, 8, 5, 4, 3, 6, 7))	1xlx_ligand
((0, 1, 2, 3, 7, 5, 4), (3, 7, 5, 6, 12, 11, 9), (4, 5, 6, 12, 11, 9, 7), (6, 5, 4, 1, 2, 3, 7), (7, 9, 10, 16, 15, 13, 11), (8, 7, 3, 2, 1, 4, 5), (8, 7, 5, 6, 12, 11, 9), (9, 7, 3, 2, 1, 4, 5), (10, 9, 7, 5, 6, 12, 11), (12, 11, 9, 10, 16, 15, 13), (13, 11, 9, 7, 5, 6, 12), (14, 13, 11, 9, 10, 16, 15), (17, 15, 13, 11, 9, 10, 16), (18, 15, 13, 11, 9, 10, 16))	1xnx_ligand
((1, 3, 4, 5, 8, 7, 6), (9, 8, 5, 4, 3, 6, 7), (11, 8, 5, 4, 3, 6, 7))	1xom_ligand
((0, 6, 7, 8, 11, 10, 9), (12, 11, 8, 7, 6, 9, 10))	1y91_ligand
((26, 27, 28, 29, 30, 31, 32),)	1ywh_ligand
((9, 27, 25, 23, 22, 24, 26), (9, 27, 25, 23, 30, 29, 31), (9, 27, 26, 24, 28, 29, 31), (22, 23, 25, 27, 31, 29, 30), (22, 24, 26, 27, 31, 29, 28), (25, 23, 22, 24, 28, 29, 30), (25, 27, 26, 24, 28, 29, 31), (26, 24, 22, 23, 30, 29, 28), (26, 27, 25, 23, 30, 29, 31), (28, 24, 22, 23, 25, 27, 26), (28, 29, 30, 23, 25, 27, 31), (30, 23, 22, 24, 26, 27, 25), (30, 29, 28, 24, 26, 27, 31), (31, 27, 25, 23, 22, 24, 26), (31, 29, 28, 24, 22, 23, 30))	1z4u_ligand
((1, 0, 9, 10, 11, 12, 13),)	1zd2_ligand
((1, 0, 11, 12, 13, 14, 15),)	1zd3_ligand
((1, 0, 13, 14, 15, 16, 17),)	1zd4_ligand
((1, 0, 14, 15, 16, 17, 18),)	1zd5_ligand
((6, 7, 8, 10, 11, 12, 13), (8, 9, 0, 1, 2, 3, 4), (9, 8, 7, 13, 12, 11, 10), (14, 13, 7, 8, 10, 11, 12), (16, 12, 11, 10, 8, 7, 13), (17, 12, 11, 10, 8, 7, 13), (18, 9, 0, 1, 2, 3, 4), (27, 2, 1, 0, 9, 4, 3))	1zhy_ligand
((6, 0, 1, 2, 3, 4, 5), (11, 1, 0, 5, 4, 3, 2), (16, 2, 1, 0, 5, 4, 3), (21, 3, 2, 1, 0, 5, 4), (26, 4, 3, 2, 1, 0, 5), (31, 5, 0, 1, 2, 3, 4))	1zsh_ligand
((6, 1, 3, 2, 4, 0, 5), (7, 1, 3, 2, 4, 0, 5), (8, 4, 0, 5, 1, 3, 2))	2a2g_ligand
((25, 26, 27, 28, 29, 30, 31),)	2a2x_ligand
((0, 9, 4, 5, 6, 7, 8), (6, 7, 8, 10, 11, 12, 13), (9, 8, 7, 13, 12, 11, 10), (10, 8, 7, 6, 5, 4, 9), (13, 7, 6, 5, 4, 9, 8), (14, 13, 7, 8, 10, 11, 12), (16, 12, 11, 10, 8, 7, 13), (17, 12, 11, 10, 8, 7, 13), (18, 9, 4, 5, 6, 7, 8), (22, 10, 8, 7, 13, 12, 11))	2a3i_ligand
((8, 9, 10, 11, 12, 13, 14),)	2a4g_ligand
((10, 11, 12, 14, 16, 15, 13),)	2a4q_ligand
((8, 9, 10, 12, 14, 13, 11),)	2a4r_ligand
((7, 8, 9, 10, 12, 14, 15), (11, 10, 9, 8, 15, 14, 12), (13, 12, 10, 9, 8, 15, 14), (16, 15, 8, 9, 10, 12, 14))	2a58_ligand
((0, 10, 5, 6, 7, 8, 9), (7, 8, 9, 11, 12, 13, 14), (10, 9, 8, 14, 13, 12, 11), (11, 9, 8, 7, 6, 5, 10), (14, 8, 7, 6, 5, 10, 9), (15, 14, 8, 9, 11, 12, 13), (17, 13, 12, 11, 9, 8, 14), (18, 13, 12, 11, 9, 8, 14), (19, 10, 5, 6, 7, 8, 9))	2aa6_ligand
((0, 10, 5, 6, 7, 8, 9), (7, 8, 9, 11, 12, 13, 14), (10, 9, 8, 14, 13, 12, 11), (11, 9, 8, 7, 6, 5, 10), (14, 8, 7, 6, 5, 10, 9), (15, 14, 8, 9, 11, 12, 13), (17, 13, 12, 11, 9, 8, 14), (19, 13, 12, 11, 9, 8, 14), (20, 10, 5, 6, 7, 8, 9))	2am9_ligand
((0, 10, 5, 6, 7, 8, 9), (4, 5, 6, 7, 8, 9, 10), (6, 5, 4, 2, 1, 0, 10), (7, 8, 9, 11, 12, 13, 14), (9, 10, 0, 1, 2, 4, 5), (10, 9, 8, 14, 13, 12, 11), (11, 9, 8, 7, 6, 5, 10), (14, 8, 7, 6, 5, 10, 9), (15, 14, 8, 9, 11, 12, 13), (17, 13, 12, 11, 9, 8, 14), (19, 13, 12, 11, 9, 8, 14), (20, 10, 0, 1, 2, 4, 5), (20, 10, 5, 6, 7, 8, 9))	2ama_ligand
((5, 6, 7, 8, 9, 10, 11),)	2ank_ligand
((26, 27, 28, 29, 30, 31, 32),)	2anm_ligand
((6, 0, 1, 2, 3, 4, 5),)	2ay2_ligand
((21, 22, 23, 24, 25, 26, 27),)	2b55_ligand
((5, 30, 29, 28, 27, 32, 31), (26, 27, 28, 29, 30, 31, 32))	2bdf_ligand
((1, 17, 2, 3, 4, 5, 16), (6, 5, 4, 3, 2, 17, 16), (8, 4, 3, 2, 17, 16, 5), (9, 4, 3, 2, 17, 16, 5), (15, 16, 5, 4, 3, 2, 17))	2bw7_ligand
((17, 18, 19, 20, 21, 24, 25), (21, 24, 26, 44, 42, 38, 31), (22, 21, 20, 19, 18, 25, 24), (25, 24, 26, 44, 42, 38, 31), (26, 24, 21, 20, 19, 18, 25), (27, 26, 24, 31, 38, 42, 44), (30, 18, 19, 20, 21, 24, 25), (31, 24, 21, 20, 19, 18, 25), (31, 38, 39, 33, 34, 37, 42), (32, 31, 24, 26, 44, 42, 38), (32, 33, 34, 37, 42, 38, 39), (35, 34, 33, 39, 38, 42, 37), (37, 42, 38, 31, 24, 26, 44), (39, 38, 31, 24, 26, 44, 42), (40, 39, 33, 34, 37, 42, 38), (43, 42, 37, 34, 33, 39, 38), (43, 42, 38, 31, 24, 26, 44), (44, 42, 37, 34, 33, 39, 38), (45, 44, 26, 24, 31, 38, 42), (46, 25, 18, 19, 20, 21, 24), (46, 44, 26, 24, 31, 38, 42))	2byr_ligand
((8, 14, 18, 22, 25, 23, 19), (28, 25, 22, 18, 14, 19, 23))	2c0o_ligand
((20, 22, 23, 24, 25, 26, 27),)	2c6i_ligand
((20, 21, 22, 23, 24, 25, 26),)	2c6k_ligand
((20, 21, 22, 23, 24, 26, 27), (25, 24, 23, 22, 21, 27, 26))	2c6l_ligand
((20, 21, 22, 23, 24, 25, 26),)	2c6m_ligand
((2, 3, 4, 5, 6, 7, 8),)	2c6o_ligand
((8, 9, 10, 12, 14, 16, 11), (13, 12, 10, 9, 11, 16, 14), (15, 14, 12, 10, 9, 11, 16), (17, 11, 9, 10, 12, 14, 16))	2ccc_ligand
((7, 8, 9, 11, 12, 13, 14), (10, 9, 8, 14, 13, 12, 11), (15, 14, 8, 9, 11, 12, 13), (17, 13, 12, 11, 9, 8, 14), (19, 13, 12, 11, 9, 8, 14))	2d06_ligand
((0, 10, 5, 6, 7, 8, 9), (3, 2, 1, 0, 10, 5, 4), (4, 5, 6, 7, 8, 9, 10), (6, 5, 4, 2, 1, 0, 10), (7, 8, 9, 11, 12, 13, 14), (9, 10, 0, 1, 2, 4, 5), (10, 9, 8, 14, 13, 12, 11), (11, 9, 8, 7, 6, 5, 10), (14, 8, 7, 6, 5, 10, 9), (15, 14, 8, 9, 11, 12, 13), (17, 13, 12, 11, 9, 8, 14), (18, 13, 12, 11, 9, 8, 14), (19, 10, 0, 1, 2, 4, 5), (19, 10, 5, 6, 7, 8, 9))	2dbl_ligand
((20, 21, 22, 23, 24, 25, 26),)	2dxs_ligand
((26, 28, 29, 30, 31, 32, 33), (34, 31, 30, 29, 28, 33, 32))	2e9n_ligand
((0, 4, 3, 2, 1, 6, 5), (7, 1, 2, 3, 4, 5, 6))	2e9o_ligand
((12, 13, 14, 15, 16, 17, 18), (19, 18, 13, 14, 15, 16, 17))	2ei6_ligand
((46, 47, 48, 50, 52, 51, 49),)	2er0_ligand
((1, 2, 3, 4, 5, 6, 7), (8, 5, 4, 3, 2, 7, 6))	2etr_ligand
((15, 18, 22, 25, 27, 26, 23), (28, 27, 25, 22, 18, 23, 26))	2exc_ligand
((13, 14, 15, 16, 17, 18, 19),)	2f1g_ligand
((42, 43, 44, 45, 49, 48, 47), (46, 44, 43, 47, 48, 49, 45))	2f3k_ligand
((8, 9, 10, 11, 12, 13, 14),)	2f9u_ligand
((8, 9, 10, 12, 14, 13, 11),)	2f9v_ligand
((20, 21, 22, 23, 24, 25, 26),)	2feq_ligand
((23, 24, 25, 26, 27, 28, 29),)	2fes_ligand
((36, 37, 38, 39, 40, 41, 42), (43, 42, 37, 38, 39, 40, 41))	2fgu_ligand
((36, 37, 38, 39, 40, 41, 42), (43, 42, 37, 38, 39, 40, 41))	2fgv_ligand
((32, 33, 34, 35, 36, 37, 38),)	2fle_ligand
((27, 28, 29, 30, 31, 32, 33),)	2g9x_ligand
((8, 13, 14, 20, 19, 18, 17), (15, 14, 13, 17, 18, 19, 20), (21, 19, 18, 17, 13, 14, 20), (22, 19, 18, 17, 13, 14, 20), (24, 20, 14, 13, 17, 18, 19))	2gd8_ligand
((6, 5, 0, 1, 2, 3, 4), (7, 3, 2, 1, 0, 5, 4), (9, 2, 1, 0, 5, 4, 3), (43, 0, 1, 2, 3, 4, 5))	2gde_ligand
((0, 3, 2, 1, 10, 5, 4), (6, 5, 4, 3, 2, 1, 10), (7, 8, 9, 11, 12, 13, 14), (15, 14, 8, 9, 11, 12, 13), (17, 13, 12, 11, 9, 8, 14), (18, 13, 12, 11, 9, 8, 14))	2gj5_ligand
((1, 2, 3, 4, 5, 6, 7), (8, 5, 4, 3, 2, 7, 6))	2gnf_ligand
((1, 2, 3, 4, 5, 6, 7), (8, 5, 4, 3, 2, 7, 6))	2gnj_ligand
((15, 16, 17, 19, 21, 20, 18),)	2gvf_ligand
((4, 5, 6, 26, 20, 18, 12), (7, 6, 5, 12, 18, 20, 26), (13, 12, 5, 6, 26, 20, 18), (19, 18, 12, 5, 6, 26, 20), (21, 20, 18, 12, 5, 6, 26), (27, 26, 6, 5, 12, 18, 20))	2i5f_ligand
((2, 3, 4, 5, 6, 7, 8),)	2iw8_ligand
((2, 3, 4, 5, 6, 7, 8),)	2iw9_ligand
((7, 8, 9, 11, 12, 13, 14), (10, 9, 8, 14, 13, 12, 11), (15, 14, 8, 9, 11, 12, 13), (17, 13, 12, 11, 9, 8, 14), (19, 13, 12, 11, 9, 8, 14))	2j7x_ligand
((0, 1, 2, 5, 7, 9, 11), (3, 2, 1, 11, 9, 7, 5), (6, 5, 2, 1, 11, 9, 7), (8, 7, 5, 2, 1, 11, 9), (10, 9, 7, 5, 2, 1, 11))	2jal_ligand
((11, 12, 13, 21, 19, 16, 15), (14, 13, 12, 15, 16, 19, 21), (17, 16, 15, 12, 13, 21, 19), (20, 19, 16, 15, 12, 13, 21), (22, 21, 13, 12, 15, 16, 19))	2jf4_ligand
((4, 7, 6, 8, 9, 10, 11), (12, 11, 7, 6, 8, 9, 10), (15, 9, 8, 6, 7, 11, 10), (16, 10, 9, 8, 6, 7, 11), (18, 8, 6, 7, 11, 10, 9), (19, 6, 7, 11, 10, 9, 8))	2jld_ligand
((29, 30, 31, 33, 35, 34, 32),)	2jxr_ligand
((9, 8, 10, 12, 14, 16, 18), (11, 10, 8, 18, 16, 14, 12), (13, 12, 10, 8, 18, 16, 14), (15, 14, 12, 10, 8, 18, 16), (17, 16, 14, 12, 10, 8, 18), (19, 18, 8, 10, 12, 14, 16))	2k4i_ligand
((2, 1, 7, 28, 5, 27, 25), (7, 1, 2, 24, 0, 23, 25), (15, 19, 18, 0, 23, 22, 21), (17, 18, 0, 23, 22, 21, 19), (18, 0, 23, 25, 1, 2, 24), (20, 19, 18, 0, 23, 22, 21), (22, 23, 0, 24, 2, 1, 25), (23, 25, 1, 7, 28, 5, 27), (24, 0, 18, 19, 21, 22, 23), (25, 23, 0, 18, 19, 21, 22), (26, 25, 1, 2, 24, 0, 23), (26, 25, 1, 7, 28, 5, 27), (27, 25, 1, 2, 24, 0, 23), (29, 28, 5, 27, 25, 1, 7))	2k62_ligand
((12, 13, 15, 16, 17, 18, 19), (23, 16, 15, 13, 19, 18, 17), (24, 18, 17, 16, 15, 13, 19))	2ko7_ligand
((58, 69, 68, 67, 66, 65, 70), (64, 65, 66, 67, 68, 69, 70), (71, 70, 65, 66, 67, 68, 69), (76, 65, 66, 67, 68, 69, 70), (80, 68, 67, 66, 65, 70, 69))	2l65_ligand
((6, 0, 1, 2, 3, 4, 5), (11, 1, 0, 5, 4, 3, 2), (16, 2, 1, 0, 5, 4, 3), (21, 3, 2, 1, 0, 5, 4), (26, 4, 3, 2, 1, 0, 5), (31, 5, 0, 1, 2, 3, 4))	2lha_ligand
((1, 0, 2, 4, 6, 8, 10), (3, 2, 0, 10, 8, 6, 4), (5, 4, 2, 0, 10, 8, 6), (7, 6, 4, 2, 0, 10, 8), (9, 8, 6, 4, 2, 0, 10), (11, 10, 0, 2, 4, 6, 8))	2lko_ligand
((5, 10, 13, 16, 19, 17, 14), (5, 10, 13, 16, 21, 18, 15), (5, 10, 14, 17, 20, 18, 15), (13, 10, 14, 17, 20, 18, 15), (13, 16, 19, 17, 20, 18, 21), (14, 10, 13, 16, 21, 18, 15), (14, 17, 19, 16, 21, 18, 20), (15, 10, 13, 16, 19, 17, 14), (15, 18, 20, 17, 19, 16, 21), (19, 16, 13, 10, 15, 18, 21), (19, 17, 14, 10, 15, 18, 20), (20, 17, 14, 10, 13, 16, 19), (20, 18, 15, 10, 13, 16, 21), (21, 16, 13, 10, 14, 17, 19), (21, 18, 15, 10, 14, 17, 20))	2ly0_ligand
((13, 14, 15, 16, 17, 18, 19), (13, 14, 15, 16, 23, 21, 22), (13, 14, 19, 18, 20, 21, 22), (15, 14, 19, 18, 20, 21, 22), (15, 16, 17, 18, 20, 21, 23), (17, 16, 15, 14, 22, 21, 23), (17, 18, 19, 14, 22, 21, 20), (19, 14, 15, 16, 23, 21, 22), (19, 18, 17, 16, 23, 21, 20), (20, 18, 17, 16, 15, 14, 19), (20, 21, 22, 14, 15, 16, 23), (22, 14, 15, 16, 17, 18, 19), (22, 21, 20, 18, 17, 16, 23), (23, 16, 15, 14, 19, 18, 17), (23, 21, 20, 18, 19, 14, 22))	2mlm_ligand
((36, 37, 38, 39, 40, 41, 42), (43, 42, 37, 38, 39, 40, 41))	2nmy_ligand
((36, 37, 38, 39, 40, 41, 42), (43, 42, 37, 38, 39, 40, 41))	2nmz_ligand
((36, 37, 38, 39, 40, 41, 42), (43, 42, 37, 38, 39, 40, 41))	2nnk_ligand
((36, 37, 38, 39, 40, 41, 42), (43, 42, 37, 38, 39, 40, 41))	2nnp_ligand
((9, 10, 12, 13, 14, 18, 17), (11, 10, 12, 13, 14, 18, 17), (16, 17, 10, 12, 13, 14, 18), (24, 23, 22, 21, 25, 26, 28), (27, 26, 25, 21, 22, 23, 28))	2o4j_ligand
((0, 1, 2, 4, 6, 8, 7), (5, 4, 2, 1, 7, 8, 6), (17, 16, 14, 13, 12, 11, 15), (18, 15, 11, 12, 13, 14, 16), (20, 16, 14, 13, 12, 11, 15))	2o4r_ligand
((3, 23, 6, 1, 2, 4, 22), (4, 22, 21, 20, 19, 3, 23), (5, 3, 19, 20, 21, 22, 23), (6, 23, 3, 19, 20, 21, 22), (7, 4, 2, 1, 6, 23, 22), (8, 2, 1, 6, 23, 22, 4), (9, 2, 1, 6, 23, 22, 4), (10, 3, 19, 20, 21, 22, 23), (21, 22, 4, 2, 1, 6, 23), (28, 21, 20, 19, 3, 23, 22))	2oax_ligand
((8, 9, 10, 12, 14, 13, 11),)	2oc0_ligand
((8, 9, 10, 12, 14, 13, 11),)	2oc7_ligand
((10, 12, 13, 14, 15, 16, 17),)	2ooh_ligand
((6, 2, 1, 0, 5, 4, 3), (10, 5, 0, 1, 2, 3, 4))	2oph_ligand
((7, 0, 1, 2, 3, 4, 5), (8, 1, 0, 5, 4, 3, 2), (9, 2, 1, 0, 5, 4, 3), (10, 3, 2, 1, 0, 5, 4), (11, 4, 3, 2, 1, 0, 5), (12, 5, 0, 1, 2, 3, 4))	2ork_ligand
((6, 0, 1, 2, 3, 4, 5), (7, 1, 0, 5, 4, 3, 2), (8, 2, 1, 0, 5, 4, 3), (9, 3, 2, 1, 0, 5, 4), (10, 4, 3, 2, 1, 0, 5), (11, 5, 0, 1, 2, 3, 4))	2os9_ligand
((5, 6, 1, 10, 9, 4, 7), (8, 7, 4, 9, 10, 1, 6), (18, 10, 1, 6, 7, 4, 9), (19, 1, 6, 7, 4, 9, 10), (21, 10, 1, 6, 7, 4, 9))	2oz7_ligand
((6, 0, 1, 2, 3, 4, 5), (7, 1, 0, 5, 4, 3, 2), (8, 2, 1, 0, 5, 4, 3), (9, 3, 2, 1, 0, 5, 4), (10, 4, 3, 2, 1, 0, 5), (11, 5, 0, 1, 2, 3, 4))	2p0d_ligand
((0, 1, 2, 3, 4, 14, 15), (5, 4, 3, 2, 1, 15, 14), (13, 14, 4, 3, 2, 1, 15), (16, 15, 1, 2, 3, 4, 14), (18, 1, 2, 3, 4, 14, 15))	2p15_ligand
((8, 21, 4, 2, 19, 12, 5), (23, 0, 1, 35, 45, 46, 33), (39, 1, 0, 33, 46, 45, 35))	2p59_ligand
((23, 22, 0, 1, 2, 20, 21), (28, 0, 1, 2, 20, 21, 22))	2p94_ligand
((1, 7, 8, 9, 10, 11, 12), (13, 7, 8, 9, 10, 11, 12))	2pcp_ligand
((11, 12, 13, 14, 15, 16, 17),)	2pj4_ligand
((7, 8, 9, 10, 11, 12, 13),)	2pjl_ligand
((17, 18, 19, 20, 21, 22, 23),)	2pvj_ligand
((8, 1, 0, 5, 4, 3, 2), (9, 0, 1, 2, 3, 4, 5))	2pym_ligand
((8, 1, 0, 5, 4, 3, 2), (9, 0, 1, 2, 3, 4, 5))	2pyn_ligand
((1, 25, 26, 27, 28, 29, 30),)	2q11_ligand
((1, 31, 32, 33, 34, 35, 36), (6, 7, 8, 9, 10, 11, 12))	2q15_ligand
((8, 1, 0, 5, 4, 3, 2), (9, 0, 1, 2, 3, 4, 5))	2q63_ligand
((8, 1, 0, 5, 4, 3, 2), (9, 0, 1, 2, 3, 4, 5))	2q64_ligand
((5, 12, 11, 16, 15, 14, 13), (17, 16, 11, 12, 13, 14, 15))	2q9m_ligand
((4, 5, 6, 7, 8, 9, 10), (11, 10, 5, 6, 7, 8, 9), (16, 9, 8, 7, 6, 5, 10))	2q9n_ligand
((20, 21, 22, 23, 24, 25, 26), (27, 23, 22, 21, 26, 25, 24), (28, 23, 22, 21, 26, 25, 24), (29, 25, 24, 23, 22, 21, 26), (30, 25, 24, 23, 22, 21, 26))	2qbq_ligand
((20, 21, 22, 23, 24, 25, 26),)	2qbs_ligand
((0, 1, 2, 4, 5, 30, 31), (3, 2, 1, 31, 30, 5, 4), (4, 5, 7, 26, 28, 29, 30), (6, 5, 4, 2, 1, 31, 30), (6, 5, 7, 26, 28, 29, 30), (7, 5, 4, 2, 1, 31, 30), (8, 7, 5, 30, 29, 28, 26), (9, 10, 11, 18, 22, 23, 24), (10, 11, 12, 14, 16, 17, 18), (12, 11, 10, 24, 23, 22, 18), (13, 12, 11, 18, 17, 16, 14), (15, 14, 12, 11, 18, 17, 16), (17, 18, 11, 10, 24, 23, 22), (19, 18, 11, 10, 24, 23, 22), (19, 18, 11, 12, 14, 16, 17), (22, 18, 11, 12, 14, 16, 17), (24, 26, 7, 5, 30, 29, 28), (25, 24, 10, 11, 18, 22, 23), (26, 24, 10, 11, 18, 22, 23), (27, 26, 7, 5, 30, 29, 28), (29, 30, 5, 4, 2, 1, 31), (31, 30, 5, 7, 26, 28, 29), (32, 31, 1, 2, 4, 5, 30), (33, 31, 1, 2, 4, 5, 30))	2qn1_ligand
((0, 1, 2, 5, 29, 31, 32), (2, 5, 6, 7, 8, 28, 29), (3, 2, 1, 32, 31, 29, 5), (4, 2, 1, 32, 31, 29, 5), (6, 5, 2, 1, 32, 31, 29), (8, 10, 12, 13, 14, 24, 25), (9, 8, 7, 6, 5, 29, 28), (10, 8, 7, 6, 5, 29, 28), (11, 10, 12, 13, 14, 24, 25), (13, 14, 18, 19, 20, 23, 24), (15, 14, 13, 12, 10, 25, 24), (15, 14, 18, 19, 20, 23, 24), (18, 14, 13, 12, 10, 25, 24), (21, 20, 19, 18, 14, 24, 23), (22, 20, 19, 18, 14, 24, 23), (23, 24, 14, 13, 12, 10, 25), (25, 24, 14, 18, 19, 20, 23), (27, 28, 8, 7, 6, 5, 29), (28, 29, 5, 2, 1, 32, 31), (30, 29, 5, 2, 1, 32, 31), (30, 29, 5, 6, 7, 8, 28), (31, 29, 5, 6, 7, 8, 28), (33, 32, 1, 2, 5, 29, 31))	2qn2_ligand
((5, 4, 3, 2, 1, 0, 6), (7, 1, 0, 6, 4, 3, 2), (8, 2, 1, 0, 6, 4, 3), (9, 3, 2, 1, 0, 6, 4), (10, 6, 0, 1, 2, 3, 4), (17, 0, 1, 2, 3, 4, 6))	2qpu_ligand
((2, 25, 26, 27, 28, 29, 30), (9, 28, 27, 26, 25, 30, 29))	2qt9_ligand
((0, 19, 18, 17, 16, 21, 20), (25, 16, 17, 18, 19, 20, 21))	2qtb_ligand
((8, 1, 0, 5, 4, 3, 2), (9, 0, 1, 2, 3, 4, 5))	2r5q_ligand
((19, 26, 9, 29, 10, 28, 27),)	2r6n_ligand
((10, 11, 12, 13, 14, 15, 16),)	2r9m_ligand
((16, 17, 18, 19, 20, 21, 22), (23, 22, 17, 18, 19, 20, 21), (24, 21, 20, 19, 18, 17, 22))	2r9s_ligand
((28, 29, 30, 31, 32, 33, 34),)	2uzv_ligand
((0, 9, 4, 5, 6, 7, 8), (6, 7, 8, 10, 11, 12, 13), (9, 8, 7, 13, 12, 11, 10), (10, 8, 7, 6, 5, 4, 9), (13, 7, 6, 5, 4, 9, 8), (14, 13, 7, 8, 10, 11, 12), (16, 12, 11, 10, 8, 7, 13), (17, 12, 11, 10, 8, 7, 13), (18, 9, 4, 5, 6, 7, 8), (22, 10, 8, 7, 13, 12, 11))	2v95_ligand
((6, 5, 0, 1, 2, 3, 4),)	2vgo_ligand
((25, 26, 28, 29, 30, 31, 32),)	2viy_ligand
((18, 20, 22, 23, 24, 25, 26),)	2viz_ligand
((18, 20, 22, 23, 24, 25, 26),)	2vj6_ligand
((29, 30, 31, 32, 33, 34, 35),)	2vj9_ligand
((0, 1, 2, 4, 6, 9, 12), (3, 2, 1, 12, 9, 6, 4), (5, 4, 2, 1, 12, 9, 6), (7, 6, 4, 2, 1, 12, 9), (10, 4, 2, 1, 12, 9, 6), (11, 12, 1, 2, 4, 6, 9))	2vo5_ligand
((7, 8, 9, 10, 11, 13, 14), (12, 11, 10, 9, 8, 14, 13))	2vts_ligand
((4, 2, 1, 0, 12, 11, 3),)	2vw2_ligand
((10, 9, 8, 30, 29, 20, 19), (21, 20, 19, 9, 8, 30, 29), (22, 20, 19, 9, 8, 30, 29), (28, 29, 20, 19, 9, 8, 30), (31, 30, 8, 9, 19, 20, 29))	2w8y_ligand
((6, 5, 0, 1, 2, 3, 4),)	2wcx_ligand
((1, 3, 4, 13, 12, 8, 6), (7, 6, 3, 4, 13, 12, 8), (9, 8, 6, 3, 4, 13, 12), (14, 13, 4, 3, 6, 8, 12), (15, 13, 4, 3, 6, 8, 12), (19, 12, 8, 6, 3, 4, 13))	2wq5_ligand
((20, 19, 17, 15, 14, 16, 18),)	2wqb_ligand
((5, 6, 7, 14, 12, 10, 8), (9, 8, 6, 7, 14, 12, 10), (11, 10, 8, 6, 7, 14, 12), (13, 12, 10, 8, 6, 7, 14), (15, 14, 7, 6, 8, 10, 12))	2wtx_ligand
((12, 13, 14, 19, 21, 22, 23), (15, 14, 13, 23, 22, 21, 19), (17, 19, 14, 13, 23, 22, 21), (20, 19, 14, 13, 23, 22, 21))	2wuf_ligand
((8, 9, 10, 11, 12, 35, 36), (13, 12, 11, 10, 9, 36, 35))	2x24_ligand
((5, 24, 8, 9, 21, 22, 23), (7, 8, 9, 21, 22, 23, 24), (10, 9, 8, 24, 23, 22, 21), (20, 21, 9, 8, 24, 23, 22), (25, 24, 8, 9, 21, 22, 23))	2x7s_ligand
((5, 8, 9, 14, 13, 12, 11), (7, 9, 8, 11, 12, 13, 14), (10, 8, 9, 14, 13, 12, 11), (15, 14, 9, 8, 11, 12, 13), (19, 13, 12, 11, 8, 9, 14))	2x7t_ligand
((5, 13, 16, 17, 18, 21, 24), (14, 24, 13, 16, 17, 18, 21), (19, 18, 17, 16, 13, 24, 21), (20, 18, 17, 16, 13, 24, 21), (22, 21, 18, 17, 16, 13, 24))	2x7u_ligand
((7, 4, 2, 0, 1, 3, 5), (13, 5, 3, 1, 0, 2, 4))	2x8d_ligand
((8, 7, 0, 1, 9, 10, 4), (12, 9, 1, 0, 7, 4, 10), (19, 10, 4, 7, 0, 1, 9))	2x8e_ligand
((8, 7, 2, 3, 10, 9, 5), (13, 9, 5, 7, 2, 3, 10), (19, 10, 3, 2, 7, 5, 9))	2x8i_ligand
((8, 9, 10, 12, 14, 16, 17), (13, 12, 10, 9, 17, 16, 14), (15, 14, 12, 10, 9, 17, 16), (18, 17, 9, 10, 12, 14, 16), (21, 17, 9, 10, 12, 14, 16))	2xb8_ligand
((8, 9, 10, 12, 14, 16, 17), (13, 12, 10, 9, 17, 16, 14), (15, 14, 12, 10, 9, 17, 16), (18, 17, 9, 10, 12, 14, 16), (21, 17, 9, 10, 12, 14, 16))	2xb9_ligand
((5, 6, 7, 8, 15, 17, 18), (9, 8, 7, 6, 18, 17, 15), (16, 15, 8, 7, 6, 18, 17), (19, 18, 6, 7, 8, 15, 17))	2xct_ligand
((36, 37, 38, 39, 40, 41, 42),)	2xfi_ligand
((18, 20, 22, 23, 24, 25, 26),)	2xfj_ligand
((28, 29, 30, 31, 32, 33, 34),)	2xfk_ligand
((3, 2, 1, 0, 6, 5, 4), (7, 6, 0, 1, 2, 4, 5))	2xj1_ligand
((12, 13, 14, 15, 16, 20, 21), (17, 16, 15, 14, 13, 21, 20))	2xk3_ligand
((14, 15, 16, 17, 18, 22, 23), (19, 18, 17, 16, 15, 23, 22))	2xk6_ligand
((24, 25, 26, 27, 28, 32, 33), (29, 28, 27, 26, 25, 33, 32), (34, 33, 25, 26, 27, 28, 32))	2xpc_ligand
((18, 19, 20, 21, 22, 23, 25),)	2xwy_ligand
((8, 10, 11, 13, 15, 22, 23), (9, 15, 13, 11, 10, 23, 22), (12, 22, 15, 13, 11, 10, 23), (16, 10, 11, 13, 15, 22, 23), (18, 15, 13, 11, 10, 23, 22), (21, 22, 15, 13, 11, 10, 23), (24, 23, 10, 11, 13, 15, 22), (61, 11, 10, 23, 22, 15, 13))	2y3p_ligand
((20, 32, 33, 34, 37, 36, 35), (22, 33, 32, 35, 36, 37, 34), (24, 34, 33, 32, 35, 36, 37), (28, 35, 32, 33, 34, 37, 36), (29, 36, 35, 32, 33, 34, 37), (31, 37, 34, 33, 32, 35, 36))	2yak_ligand
((9, 6, 1, 2, 7, 8, 4), (11, 7, 2, 1, 6, 4, 8), (18, 8, 4, 6, 1, 2, 7))	2yex_ligand
((31, 30, 29, 38, 37, 36, 35), (39, 37, 36, 35, 30, 29, 38))	2yol_ligand
((20, 21, 22, 23, 24, 25, 26),)	2zdk_ligand
((3, 4, 5, 6, 7, 8, 9),)	2zdm_ligand
((46, 47, 48, 49, 50, 51, 52),)	2zlg_ligand
((2, 8, 17, 14, 29, 9, 30), (2, 25, 6, 9, 29, 14, 10), (3, 7, 4, 12, 15, 27, 11), (6, 9, 29, 14, 17, 8, 30), (6, 25, 2, 8, 17, 14, 10), (10, 14, 17, 8, 30, 9, 29), (10, 25, 2, 8, 30, 9, 6), (13, 4, 7, 11, 27, 15, 12), (17, 8, 2, 25, 6, 9, 30), (17, 14, 10, 25, 6, 9, 29), (23, 25, 2, 8, 17, 14, 10), (23, 25, 2, 8, 30, 9, 6), (23, 25, 6, 9, 29, 14, 10), (24, 4, 7, 11, 27, 15, 12), (29, 9, 6, 25, 2, 8, 30), (29, 14, 10, 25, 2, 8, 17), (30, 8, 2, 25, 10, 14, 17), (30, 9, 6, 25, 10, 14, 29), (37, 33, 32, 31, 34, 26, 35), (38, 26, 34, 31, 32, 33, 35))	2zmj_ligand
((23, 17, 18, 19, 20, 21, 22),)	2zmm_ligand
((8, 29, 30, 31, 32, 33, 34),)	2zn7_ligand
((21, 22, 23, 24, 25, 26, 27),)	2zq1_ligand
((0, 9, 4, 5, 6, 7, 8), (3, 4, 5, 6, 7, 8, 9), (5, 4, 3, 2, 1, 0, 9), (6, 7, 8, 10, 11, 12, 13), (8, 9, 0, 1, 2, 3, 4), (9, 8, 7, 13, 12, 11, 10), (10, 8, 7, 6, 5, 4, 9), (13, 7, 6, 5, 4, 9, 8), (14, 13, 7, 8, 10, 11, 12), (16, 12, 11, 10, 8, 7, 13), (17, 12, 11, 10, 8, 7, 13), (18, 9, 0, 1, 2, 3, 4), (18, 9, 4, 5, 6, 7, 8), (29, 0, 1, 2, 3, 4, 9), (30, 2, 1, 0, 9, 4, 3), (31, 4, 3, 2, 1, 0, 9), (31, 4, 5, 6, 7, 8, 9), (32, 10, 8, 7, 13, 12, 11), (33, 13, 7, 8, 10, 11, 12))	3a3y_ligand
((6, 5, 3, 2, 1, 0, 4), (9, 4, 0, 1, 2, 3, 5), (12, 11, 10, 16, 17, 18, 19), (15, 10, 11, 19, 18, 17, 16))	3arp_ligand
((21, 22, 23, 24, 25, 26, 27),)	3atw_ligand
((25, 26, 27, 28, 29, 30, 31),)	3avz_ligand
((0, 10, 5, 6, 7, 8, 9), (3, 2, 1, 0, 10, 5, 4), (4, 5, 6, 7, 8, 9, 10), (6, 5, 4, 2, 1, 0, 10), (7, 8, 9, 11, 12, 14, 15), (9, 10, 0, 1, 2, 4, 5), (10, 9, 8, 15, 14, 12, 11), (11, 9, 8, 7, 6, 5, 10), (13, 12, 11, 9, 8, 15, 14), (15, 8, 7, 6, 5, 10, 9), (16, 15, 8, 9, 11, 12, 14), (17, 15, 8, 9, 11, 12, 14), (19, 14, 12, 11, 9, 8, 15), (20, 14, 12, 11, 9, 8, 15), (21, 10, 0, 1, 2, 4, 5), (21, 10, 5, 6, 7, 8, 9))	3b0w_ligand
((6, 5, 0, 1, 2, 3, 4),)	3b4p_ligand
((5, 13, 14, 20, 19, 18, 17), (15, 14, 13, 17, 18, 19, 20), (21, 19, 18, 17, 13, 14, 20), (22, 19, 18, 17, 13, 14, 20), (24, 20, 14, 13, 17, 18, 19))	3bet_ligand
((19, 8, 20, 12, 21, 22, 23),)	3bgq_ligand
((1, 0, 2, 3, 6, 4, 14), (1, 0, 2, 3, 7, 5, 15), (1, 0, 14, 4, 8, 5, 15), (2, 0, 14, 4, 8, 5, 15), (2, 3, 6, 4, 8, 5, 7), (6, 3, 2, 0, 15, 5, 7), (6, 4, 8, 5, 15, 0, 14), (7, 3, 2, 0, 14, 4, 6), (7, 5, 8, 4, 14, 0, 15), (8, 4, 6, 3, 2, 0, 14), (8, 5, 7, 3, 2, 0, 15), (14, 0, 2, 3, 7, 5, 15), (14, 4, 6, 3, 7, 5, 8), (15, 0, 2, 3, 6, 4, 14), (15, 5, 7, 3, 6, 4, 8), (20, 3, 2, 0, 14, 4, 6), (20, 3, 2, 0, 15, 5, 7), (20, 3, 6, 4, 8, 5, 7))	3bjm_ligand
((12, 13, 1, 5, 14, 15, 2),)	3buh_ligand
((11, 17, 16, 18, 19, 20, 21), (15, 16, 17, 21, 20, 19, 18))	3bv9_ligand
((1, 2, 3, 7, 9, 22, 21), (4, 3, 2, 21, 22, 9, 7), (8, 7, 3, 2, 21, 22, 9), (10, 9, 7, 3, 2, 21, 22), (19, 21, 2, 3, 7, 9, 22), (23, 22, 9, 7, 3, 2, 21))	3bwf_ligand
((8, 15, 14, 16, 17, 18, 19), (13, 14, 15, 19, 18, 17, 16), (20, 17, 16, 14, 15, 19, 18), (21, 16, 14, 15, 19, 18, 17), (24, 17, 16, 14, 15, 19, 18))	3c7p_ligand
((6, 7, 8, 9, 19, 20, 21), (9, 10, 11, 12, 13, 14, 15), (10, 9, 8, 7, 21, 20, 19), (16, 15, 10, 11, 12, 13, 14), (18, 19, 9, 8, 7, 21, 20))	3ce0_ligand
((1, 17, 18, 19, 20, 21, 22),)	3cgf_ligand
((4, 8, 7, 9, 10, 11, 12), (13, 12, 8, 7, 9, 10, 11), (16, 10, 9, 7, 8, 12, 11), (17, 11, 10, 9, 7, 8, 12), (19, 9, 7, 8, 12, 11, 10), (20, 7, 8, 12, 11, 10, 9))	3cst_ligand
((36, 37, 38, 39, 40, 41, 42), (43, 42, 37, 38, 39, 40, 41))	3cyx_ligand
((36, 37, 38, 39, 40, 41, 42), (43, 42, 37, 38, 39, 40, 41))	3d1x_ligand
((36, 37, 38, 39, 40, 41, 42), (43, 42, 37, 38, 39, 40, 41))	3d1y_ligand
((28, 29, 30, 31, 32, 33, 34), (37, 38, 39, 40, 41, 42, 43))	3d4f_ligand
((37, 38, 39, 40, 41, 42, 43),)	3d91_ligand
((7, 30, 31, 32, 33, 34, 35),)	3dpk_ligand
((33, 34, 35, 36, 37, 38, 39),)	3dpo_ligand
((1, 22, 8, 9, 24, 10, 23), (25, 8, 9, 24, 10, 23, 22))	3dsz_ligand
((0, 20, 21, 22, 23, 24, 25),)	3dux_ligand
((6, 15, 16, 17, 18, 22, 23), (19, 18, 17, 16, 15, 23, 22))	3e2m_ligand
((3, 2, 1, 0, 12, 5, 4), (6, 5, 4, 2, 1, 0, 12), (6, 10, 11, 13, 14, 15, 16), (11, 12, 0, 1, 2, 4, 5), (12, 11, 10, 16, 15, 14, 13), (17, 10, 11, 13, 14, 15, 16), (18, 15, 14, 13, 11, 10, 16), (20, 4, 2, 1, 0, 12, 5), (21, 4, 2, 1, 0, 12, 5), (23, 12, 0, 1, 2, 4, 5))	3ebl_ligand
((6, 0, 1, 2, 3, 4, 5), (11, 1, 0, 5, 4, 3, 2), (16, 2, 1, 0, 5, 4, 3), (21, 3, 2, 1, 0, 5, 4), (26, 4, 3, 2, 1, 0, 5), (31, 5, 0, 1, 2, 3, 4))	3eeb_ligand
((36, 37, 38, 39, 40, 41, 42), (43, 42, 37, 38, 39, 40, 41))	3ekq_ligand
((0, 14, 2, 1, 5, 17, 19), (3, 2, 1, 5, 17, 19, 14), (15, 1, 2, 14, 19, 17, 5), (18, 17, 5, 1, 2, 14, 19), (20, 19, 14, 2, 1, 5, 17), (32, 14, 2, 1, 5, 17, 19))	3eks_ligand
((8, 1, 0, 5, 4, 3, 2), (9, 0, 1, 2, 3, 4, 5))	3ekx_ligand
((8, 1, 0, 5, 4, 3, 2), (9, 0, 1, 2, 3, 4, 5))	3el0_ligand
((36, 37, 38, 39, 40, 41, 42), (43, 42, 37, 38, 39, 40, 41))	3el4_ligand
((8, 1, 0, 5, 4, 3, 2), (9, 0, 1, 2, 3, 4, 5))	3el5_ligand
((11, 12, 13, 14, 15, 16, 17),)	3eos_ligand
((30, 31, 32, 34, 36, 35, 33),)	3er3_ligand
((0, 23, 24, 25, 26, 27, 28),)	3f68_ligand
((36, 37, 4, 5, 38, 7, 6), (39, 38, 5, 4, 37, 6, 7))	3fc2_ligand
((28, 33, 17, 32, 35, 18, 34),)	3fkt_ligand
((3, 4, 5, 6, 9, 12, 30), (7, 6, 5, 4, 30, 12, 9), (10, 9, 6, 5, 4, 30, 12), (13, 12, 9, 6, 5, 4, 30))	3fl8_ligand
((6, 4, 3, 2, 1, 0, 5), (7, 4, 3, 2, 1, 0, 5), (8, 3, 2, 1, 0, 5, 4), (17, 2, 1, 0, 5, 4, 3), (19, 1, 0, 5, 4, 3, 2))	3fmq_ligand
((3, 4, 5, 6, 7, 10, 11), (8, 7, 6, 5, 4, 11, 10), (9, 7, 6, 5, 4, 11, 10), (12, 11, 4, 5, 6, 7, 10), (14, 10, 7, 6, 5, 4, 11))	3fmr_ligand
((17, 18, 19, 21, 22, 23, 24), (20, 19, 18, 24, 23, 22, 21))	3fqe_ligand
((31, 33, 34, 35, 36, 37, 38),)	3fsj_ligand
((3, 24, 23, 25, 29, 32, 33), (4, 33, 24, 23, 25, 29, 32), (22, 23, 24, 33, 32, 29, 25), (26, 25, 23, 24, 33, 32, 29), (30, 29, 25, 23, 24, 33, 32), (34, 32, 29, 25, 23, 24, 33))	3fxz_ligand
((7, 21, 20, 19, 23, 24, 22), (10, 22, 21, 20, 19, 23, 24), (11, 20, 19, 23, 24, 22, 21), (13, 19, 20, 21, 22, 24, 23), (25, 23, 19, 20, 21, 22, 24), (28, 24, 22, 21, 20, 19, 23))	3fy0_ligand
((6, 0, 1, 2, 3, 4, 5), (11, 1, 0, 5, 4, 3, 2), (16, 2, 1, 0, 5, 4, 3), (21, 3, 2, 1, 0, 5, 4), (26, 4, 3, 2, 1, 0, 5), (31, 5, 0, 1, 2, 3, 4))	3fzy_ligand
((1, 8, 9, 16, 14, 13, 12), (10, 9, 8, 12, 13, 14, 16), (15, 12, 8, 9, 16, 14, 13))	3g31_ligand
((4, 7, 6, 8, 10, 12, 18), (5, 6, 7, 18, 12, 10, 8), (9, 8, 6, 7, 18, 12, 10), (11, 10, 8, 6, 7, 18, 12), (13, 12, 10, 8, 6, 7, 18), (19, 18, 7, 6, 8, 10, 12))	3gpe_ligand
((1, 8, 9, 16, 14, 13, 12), (10, 9, 8, 12, 13, 14, 16), (15, 12, 8, 9, 16, 14, 13))	3gsg_ligand
((2, 3, 4, 5, 6, 7, 8),)	3gt9_ligand
((2, 3, 4, 5, 6, 7, 8),)	3gta_ligand
((6, 2, 0, 9, 1, 8, 3), (10, 0, 2, 3, 8, 1, 9))	3gtc_ligand
((16, 18, 19, 20, 21, 23, 22),)	3gw5_ligand
((0, 1, 2, 3, 4, 5, 6), (7, 4, 3, 2, 1, 6, 5))	3h06_ligand
((56, 50, 51, 52, 53, 54, 55),)	3h89_ligand
((3, 11, 10, 12, 9, 14, 13), (55, 49, 50, 51, 52, 53, 54))	3h8b_ligand
((1, 0, 5, 7, 12, 14, 16), (6, 5, 0, 16, 14, 12, 7), (8, 7, 5, 0, 16, 14, 12), (13, 12, 7, 5, 0, 16, 14), (15, 14, 12, 7, 5, 0, 16), (17, 16, 0, 5, 7, 12, 14))	3hav_ligand
((4, 1, 2, 12, 7, 5, 3), (6, 2, 1, 3, 5, 7, 12), (8, 3, 1, 2, 12, 7, 5), (14, 5, 3, 1, 2, 12, 7), (15, 5, 3, 1, 2, 12, 7))	3hb4_ligand
((17, 19, 20, 21, 22, 23, 24), (25, 24, 19, 20, 21, 22, 23))	3hd3_ligand
((2, 17, 13, 18, 21, 20, 15), (10, 13, 17, 15, 20, 21, 18), (14, 15, 17, 13, 18, 21, 20), (22, 21, 18, 13, 17, 15, 20), (23, 21, 18, 13, 17, 15, 20), (24, 18, 13, 17, 15, 20, 21))	3hhm_ligand
((2, 3, 4, 5, 6, 7, 8),)	3hl5_ligand
((0, 17, 16, 15, 20, 19, 18), (11, 16, 15, 20, 19, 18, 17), (14, 15, 16, 17, 18, 19, 20), (21, 15, 16, 17, 18, 19, 20), (22, 19, 18, 17, 16, 15, 20))	3hnz_ligand
((7, 12, 11, 14, 15, 0, 13), (7, 12, 11, 18, 19, 0, 13), (10, 11, 12, 13, 0, 15, 14), (10, 11, 12, 13, 0, 19, 18), (10, 11, 14, 15, 0, 19, 18), (12, 11, 14, 15, 0, 19, 18), (13, 0, 15, 14, 11, 18, 19), (14, 11, 12, 13, 0, 19, 18), (15, 0, 13, 12, 11, 18, 19), (18, 11, 12, 13, 0, 15, 14), (19, 0, 13, 12, 11, 14, 15))	3ho2_ligand
((7, 12, 11, 14, 15, 0, 13), (7, 12, 11, 18, 19, 0, 13), (10, 11, 12, 13, 0, 15, 14), (10, 11, 12, 13, 0, 19, 18), (10, 11, 14, 15, 0, 19, 18), (12, 11, 14, 15, 0, 19, 18), (13, 0, 15, 14, 11, 18, 19), (14, 11, 12, 13, 0, 19, 18), (15, 0, 13, 12, 11, 18, 19), (18, 11, 12, 13, 0, 15, 14), (19, 0, 13, 12, 11, 14, 15), (31, 18, 11, 12, 13, 0, 19), (31, 18, 11, 14, 15, 0, 19))	3ho9_ligand
((6, 5, 0, 1, 2, 3, 4), (16, 0, 1, 2, 3, 4, 5), (17, 0, 1, 2, 3, 4, 5), (18, 4, 3, 2, 1, 0, 5))	3hy5_ligand
((15, 16, 21, 22, 23, 24, 25),)	3i7g_ligand
((14, 16, 21, 22, 23, 24, 25),)	3i7i_ligand
((31, 33, 34, 35, 36, 37, 38),)	3iae_ligand
((26, 27, 28, 29, 30, 31, 32), (55, 29, 28, 27, 32, 31, 30), (56, 30, 29, 28, 27, 32, 31))	3ihz_ligand
((12, 13, 15, 16, 17, 18, 19), (20, 15, 13, 19, 18, 17, 16))	3iit_ligand
((5, 14, 15, 16, 17, 18, 19), (5, 14, 15, 16, 22, 21, 23), (5, 14, 19, 18, 20, 21, 23), (15, 14, 19, 18, 20, 21, 23), (15, 16, 17, 18, 20, 21, 22), (17, 16, 15, 14, 23, 21, 22), (17, 18, 19, 14, 23, 21, 20), (19, 14, 15, 16, 22, 21, 23), (19, 18, 17, 16, 22, 21, 20), (20, 18, 17, 16, 15, 14, 19), (20, 21, 22, 16, 15, 14, 23), (22, 16, 15, 14, 19, 18, 17), (22, 21, 20, 18, 19, 14, 23), (23, 14, 15, 16, 17, 18, 19), (23, 21, 20, 18, 17, 16, 22))	3ind_ligand
((13, 17, 18, 19, 20, 21, 22), (13, 17, 18, 19, 25, 24, 26), (13, 17, 22, 21, 23, 24, 26), (18, 17, 22, 21, 23, 24, 26), (18, 19, 20, 21, 23, 24, 25), (20, 19, 18, 17, 26, 24, 25), (20, 21, 22, 17, 26, 24, 23), (22, 17, 18, 19, 25, 24, 26), (22, 21, 20, 19, 25, 24, 23), (23, 21, 20, 19, 18, 17, 22), (23, 24, 25, 19, 18, 17, 26), (25, 19, 18, 17, 22, 21, 20), (25, 24, 23, 21, 22, 17, 26), (26, 17, 18, 19, 20, 21, 22), (26, 24, 23, 21, 20, 19, 25))	3ine_ligand
((9, 6, 7, 8, 24, 25, 26), (23, 6, 7, 8, 24, 25, 26))	3ivh_ligand
((12, 0, 2, 4, 6, 8, 10), (14, 4, 2, 0, 10, 8, 6), (16, 8, 6, 4, 2, 0, 10), (18, 6, 4, 2, 0, 10, 8))	3jzb_ligand
((8, 9, 10, 11, 12, 13, 14),)	3jzf_ligand
((1, 0, 3, 6, 9, 12, 14), (16, 3, 0, 14, 12, 9, 6), (17, 6, 3, 0, 14, 12, 9), (18, 9, 6, 3, 0, 14, 12), (19, 12, 9, 6, 3, 0, 14), (20, 14, 0, 3, 6, 9, 12))	3k4q_ligand
((21, 23, 24, 25, 26, 27, 28), (29, 25, 24, 23, 28, 27, 26))	3k5f_ligand
((7, 8, 9, 10, 11, 12, 13), (14, 10, 9, 8, 13, 12, 11))	3k5g_ligand
((0, 10, 5, 6, 7, 8, 9), (7, 8, 9, 11, 12, 13, 14), (10, 9, 8, 14, 13, 12, 11), (11, 9, 8, 7, 6, 5, 10), (14, 8, 7, 6, 5, 10, 9), (15, 14, 8, 9, 11, 12, 13), (17, 13, 12, 11, 9, 8, 14), (19, 13, 12, 11, 9, 8, 14), (20, 10, 5, 6, 7, 8, 9))	3kdm_ligand
((6, 0, 1, 2, 3, 4, 5), (29, 3, 2, 1, 0, 5, 4))	3kek_ligand
((19, 18, 13, 14, 15, 16, 17),)	3kjf_ligand
((14, 15, 16, 17, 18, 19, 20),)	3kjn_ligand
((22, 23, 24, 25, 26, 28, 27),)	3km4_ligand
((6, 15, 16, 17, 18, 19, 20),)	3kw9_ligand
((8, 12, 20, 21, 22, 23, 24), (25, 33, 34, 35, 36, 37, 38))	3l5e_ligand
((14, 8, 9, 10, 11, 12, 13), (15, 16, 17, 18, 19, 20, 21))	3l5f_ligand
((0, 1, 2, 29, 30, 31, 32), (0, 34, 33, 31, 30, 29, 35), (2, 1, 0, 34, 33, 31, 32), (2, 29, 30, 31, 33, 34, 35), (3, 2, 1, 0, 34, 35, 29), (3, 2, 1, 32, 31, 30, 29), (30, 29, 2, 1, 0, 34, 35), (30, 31, 32, 1, 0, 34, 33), (32, 1, 0, 34, 35, 29, 2), (32, 31, 30, 29, 35, 34, 33), (33, 31, 30, 29, 2, 1, 32), (33, 34, 0, 1, 2, 29, 35), (35, 29, 2, 1, 32, 31, 30), (35, 34, 0, 1, 32, 31, 33))	3liw_ligand
((0, 3, 4, 5, 6, 7, 8),)	3lj7_ligand
((21, 22, 23, 24, 25, 26, 27),)	3ljo_ligand
((59, 60, 61, 62, 63, 64, 65),)	3lkj_ligand
((2, 3, 5, 6, 7, 8, 9), (4, 3, 5, 6, 7, 8, 9))	3lox_ligand
((7, 21, 20, 19, 23, 24, 22), (10, 22, 21, 20, 19, 23, 24), (11, 20, 19, 23, 24, 22, 21), (13, 19, 20, 21, 22, 24, 23), (25, 23, 19, 20, 21, 22, 24), (28, 24, 22, 21, 20, 19, 23))	3m1s_ligand
((10, 20, 21, 22, 23, 24, 25), (26, 23, 22, 21, 20, 25, 24))	3mf5_ligand
((4, 17, 5, 19, 9, 20, 7), (4, 18, 6, 19, 9, 20, 8), (5, 17, 4, 18, 8, 20, 7), (5, 19, 6, 18, 8, 20, 9), (6, 18, 4, 17, 7, 20, 8), (6, 19, 5, 17, 7, 20, 9), (7, 17, 4, 18, 6, 19, 5), (7, 20, 8, 18, 6, 19, 9), (8, 18, 4, 17, 5, 19, 6), (8, 20, 7, 17, 5, 19, 9), (9, 19, 5, 17, 4, 18, 6), (9, 20, 7, 17, 4, 18, 8), (14, 20, 7, 17, 4, 18, 8), (14, 20, 7, 17, 5, 19, 9), (14, 20, 8, 18, 6, 19, 9))	3mhc_ligand
((16, 18, 19, 20, 21, 22, 23),)	3msk_ligand
((18, 19, 20, 21, 22, 23, 24),)	3msl_ligand
((8, 9, 10, 11, 12, 13, 14),)	3mww_ligand
((0, 9, 4, 5, 6, 7, 8), (3, 4, 5, 6, 7, 8, 9), (5, 4, 3, 2, 1, 0, 9), (6, 7, 8, 10, 11, 12, 13), (8, 9, 0, 1, 2, 3, 4), (9, 8, 7, 13, 12, 11, 10), (10, 8, 7, 6, 5, 4, 9), (13, 7, 6, 5, 4, 9, 8), (14, 13, 7, 8, 10, 11, 12), (16, 12, 11, 10, 8, 7, 13), (17, 12, 11, 10, 8, 7, 13), (18, 9, 0, 1, 2, 3, 4), (18, 9, 4, 5, 6, 7, 8), (29, 0, 1, 2, 3, 4, 9), (30, 2, 1, 0, 9, 4, 3), (31, 4, 3, 2, 1, 0, 9), (31, 4, 5, 6, 7, 8, 9), (32, 10, 8, 7, 13, 12, 11), (33, 13, 7, 8, 10, 11, 12))	3n23_ligand
((6, 7, 8, 9, 10, 11, 12), (13, 7, 8, 9, 10, 11, 12))	3n4l_ligand
((0, 1, 3, 5, 7, 9, 10), (6, 5, 3, 1, 10, 9, 7), (8, 7, 5, 3, 1, 10, 9), (11, 9, 7, 5, 3, 1, 10), (18, 1, 3, 5, 7, 9, 10))	3n8n_ligand
((19, 0, 1, 2, 3, 4, 5), (21, 3, 2, 1, 0, 5, 4))	3ncz_ligand
((7, 8, 9, 11, 10, 13, 14), (12, 11, 9, 8, 14, 13, 10), (15, 14, 8, 9, 11, 10, 13))	3nht_ligand
((25, 26, 27, 31, 29, 30, 28),)	3njq_ligand
((1, 2, 3, 4, 16, 21, 22), (5, 4, 3, 2, 22, 21, 16), (17, 16, 4, 3, 2, 22, 21), (19, 21, 16, 4, 3, 2, 22))	3ogm_ligand
((5, 8, 9, 14, 13, 12, 11), (7, 9, 8, 11, 12, 13, 14), (10, 8, 9, 14, 13, 12, 11), (15, 14, 9, 8, 11, 12, 13), (19, 13, 12, 11, 8, 9, 14))	3oik_ligand
((9, 14, 13, 18, 17, 16, 15), (12, 13, 14, 15, 16, 17, 18), (19, 18, 13, 14, 15, 16, 17), (21, 17, 16, 15, 14, 13, 18), (23, 17, 16, 15, 14, 13, 18))	3oil_ligand
((9, 14, 13, 18, 17, 16, 15), (12, 13, 14, 15, 16, 17, 18), (19, 18, 13, 14, 15, 16, 17), (21, 17, 16, 15, 14, 13, 18), (23, 17, 16, 15, 14, 13, 18))	3oim_ligand
((10, 12, 24, 25, 26, 27, 28), (14, 15, 29, 30, 31, 32, 33))	3okh_ligand
((4, 10, 20, 27, 30, 26, 21), (7, 14, 22, 29, 31, 28, 23))	3oki_ligand
((1, 24, 14, 13, 21, 22, 23), (11, 23, 22, 21, 13, 14, 24), (12, 22, 21, 13, 14, 24, 23), (16, 24, 14, 13, 21, 22, 23), (20, 21, 13, 14, 24, 23, 22))	3oku_ligand
((1, 24, 14, 13, 21, 22, 23), (11, 23, 22, 21, 13, 14, 24), (12, 22, 21, 13, 14, 24, 23), (16, 24, 14, 13, 21, 22, 23), (20, 21, 13, 14, 24, 23, 22))	3okv_ligand
((6, 22, 33, 36, 37, 35, 34),)	3olf_ligand
((6, 22, 33, 36, 37, 35, 34),)	3omm_ligand
((6, 17, 32, 35, 36, 34, 33),)	3oof_ligand
((8, 22, 34, 36, 38, 37, 35),)	3ook_ligand
((6, 17, 18, 19, 20, 21, 22), (23, 19, 18, 17, 22, 21, 20))	3ot3_ligand
((36, 37, 38, 39, 40, 41, 42), (43, 42, 37, 38, 39, 40, 41))	3oxc_ligand
((28, 29, 30, 31, 32, 33, 34),)	3oy1_ligand
((2, 1, 0, 10, 9, 8, 7), (5, 0, 1, 7, 8, 9, 10), (11, 10, 0, 1, 7, 8, 9), (13, 9, 8, 7, 1, 0, 10), (18, 8, 7, 1, 0, 10, 9), (22, 7, 1, 0, 10, 9, 8))	3pup_ligand
((8, 10, 4, 5, 11, 7, 6), (9, 11, 5, 4, 10, 6, 7))	3pwk_ligand
((36, 37, 38, 39, 40, 41, 42), (43, 42, 37, 38, 39, 40, 41))	3pww_ligand
((28, 30, 32, 33, 34, 35, 36),)	3q0z_ligand
((3, 2, 13, 14, 18, 19, 24), (12, 13, 2, 24, 19, 18, 14), (15, 14, 13, 2, 24, 19, 18), (17, 18, 14, 13, 2, 24, 19), (20, 19, 18, 14, 13, 2, 24), (23, 24, 2, 13, 14, 18, 19), (32, 26, 27, 28, 29, 30, 31), (33, 27, 26, 31, 30, 29, 28))	3q4c_ligand
((16, 17, 18, 19, 20, 21, 22),)	3q4k_ligand
((16, 17, 18, 19, 20, 21, 22),)	3q4l_ligand
((0, 11, 5, 6, 7, 9, 10), (3, 2, 1, 0, 11, 5, 4), (4, 5, 6, 7, 9, 10, 11), (6, 5, 4, 2, 1, 0, 11), (7, 9, 10, 12, 13, 15, 16), (8, 7, 6, 5, 11, 10, 9), (10, 11, 0, 1, 2, 4, 5), (11, 10, 9, 16, 15, 13, 12), (12, 10, 9, 7, 6, 5, 11), (14, 13, 12, 10, 9, 16, 15), (16, 9, 7, 6, 5, 11, 10), (17, 16, 9, 10, 12, 13, 15), (19, 15, 13, 12, 10, 9, 16), (20, 15, 13, 12, 10, 9, 16), (21, 11, 0, 1, 2, 4, 5), (21, 11, 5, 6, 7, 9, 10))	3qps_ligand
((0, 11, 5, 6, 7, 9, 10), (3, 2, 1, 0, 11, 5, 4), (4, 5, 6, 7, 9, 10, 11), (6, 5, 4, 2, 1, 0, 11), (7, 9, 10, 12, 13, 15, 16), (8, 7, 6, 5, 11, 10, 9), (10, 11, 0, 1, 2, 4, 5), (11, 10, 9, 16, 15, 13, 12), (12, 10, 9, 7, 6, 5, 11), (14, 13, 12, 10, 9, 16, 15), (16, 9, 7, 6, 5, 11, 10), (17, 16, 9, 10, 12, 13, 15), (19, 15, 13, 12, 10, 9, 16), (20, 15, 13, 12, 10, 9, 16), (21, 11, 0, 1, 2, 4, 5), (21, 11, 5, 6, 7, 9, 10))	3qqa_ligand
((16, 17, 18, 20, 21, 22, 23), (25, 20, 18, 17, 23, 22, 21), (27, 21, 20, 18, 17, 23, 22), (28, 21, 20, 18, 17, 23, 22))	3qsb_ligand
((19, 16, 15, 14, 13, 18, 17), (20, 13, 14, 15, 16, 17, 18))	3r02_ligand
((18, 19, 20, 21, 22, 23, 24), (25, 22, 21, 20, 19, 24, 23))	3r04_ligand
((8, 18, 19, 20, 21, 22, 23),)	3r9n_ligand
((5, 19, 20, 21, 22, 23, 24),)	3rah_ligand
((1, 34, 18, 12, 11, 13, 19),)	3rjw_ligand
((7, 17, 16, 15, 20, 19, 18),)	3rkb_ligand
((1, 14, 9, 11, 10, 12, 13),)	3rtm_ligand
((15, 9, 12, 10, 13, 11, 14),)	3rtn_ligand
((6, 12, 10, 7, 8, 9, 11),)	3ru1_ligand
((2, 1, 0, 9, 10, 11, 12), (4, 0, 1, 12, 11, 10, 9), (14, 15, 16, 17, 18, 19, 20), (23, 11, 10, 9, 0, 1, 12))	3rvg_ligand
((16, 10, 13, 11, 14, 12, 15),)	3rvi_ligand
((0, 2, 3, 4, 5, 6, 7), (1, 5, 4, 3, 2, 7, 6))	3rxg_ligand
((16, 18, 19, 20, 21, 27, 25), (16, 18, 19, 24, 23, 26, 25), (18, 19, 20, 21, 22, 23, 24), (18, 25, 26, 23, 22, 21, 27), (20, 19, 18, 25, 26, 23, 24), (20, 21, 22, 23, 26, 25, 27), (22, 21, 20, 19, 18, 25, 27), (22, 23, 24, 19, 18, 25, 26), (24, 19, 18, 25, 27, 21, 20), (24, 23, 22, 21, 27, 25, 26), (26, 23, 22, 21, 20, 19, 24), (26, 25, 18, 19, 20, 21, 27), (27, 21, 20, 19, 24, 23, 22), (27, 25, 18, 19, 24, 23, 26))	3s2o_ligand
((36, 37, 38, 39, 40, 41, 42), (43, 42, 37, 38, 39, 40, 41))	3s56_ligand
((13, 31, 32, 33, 34, 35, 36),)	3s7b_ligand
((25, 27, 23, 21, 20, 22, 24), (26, 27, 23, 21, 20, 22, 24))	3s8o_ligand
((17, 18, 19, 20, 21, 24, 25), (21, 24, 26, 44, 42, 38, 31), (22, 21, 20, 19, 18, 25, 24), (25, 24, 26, 44, 42, 38, 31), (26, 24, 21, 20, 19, 18, 25), (27, 26, 24, 31, 38, 42, 44), (30, 18, 19, 20, 21, 24, 25), (31, 24, 21, 20, 19, 18, 25), (31, 38, 39, 33, 34, 37, 42), (32, 31, 24, 26, 44, 42, 38), (32, 33, 34, 37, 42, 38, 39), (35, 34, 33, 39, 38, 42, 37), (37, 42, 38, 31, 24, 26, 44), (39, 38, 31, 24, 26, 44, 42), (40, 39, 33, 34, 37, 42, 38), (43, 42, 37, 34, 33, 39, 38), (43, 42, 38, 31, 24, 26, 44), (44, 42, 37, 34, 33, 39, 38), (45, 44, 26, 24, 31, 38, 42), (46, 25, 18, 19, 20, 21, 24), (46, 44, 26, 24, 31, 38, 42))	3sh1_ligand
((17, 18, 19, 20, 21, 24, 25), (21, 24, 26, 44, 42, 38, 31), (22, 21, 20, 19, 18, 25, 24), (25, 24, 26, 44, 42, 38, 31), (26, 24, 21, 20, 19, 18, 25), (27, 26, 24, 31, 38, 42, 44), (30, 18, 19, 20, 21, 24, 25), (31, 24, 21, 20, 19, 18, 25), (31, 38, 39, 33, 34, 37, 42), (32, 31, 24, 26, 44, 42, 38), (32, 33, 34, 37, 42, 38, 39), (35, 34, 33, 39, 38, 42, 37), (37, 42, 38, 31, 24, 26, 44), (39, 38, 31, 24, 26, 44, 42), (40, 39, 33, 34, 37, 42, 38), (43, 42, 37, 34, 33, 39, 38), (43, 42, 38, 31, 24, 26, 44), (44, 42, 37, 34, 33, 39, 38), (45, 44, 26, 24, 31, 38, 42), (46, 25, 18, 19, 20, 21, 24), (46, 44, 26, 24, 31, 38, 42))	3sio_ligand
((9, 12, 13, 14, 15, 16, 17),)	3sv6_ligand
((9, 12, 13, 14, 15, 16, 17),)	3sv7_ligand
((9, 12, 13, 14, 15, 16, 17),)	3sv8_ligand
((9, 12, 13, 14, 15, 16, 17),)	3sv9_ligand
((6, 0, 1, 2, 3, 4, 5), (7, 1, 0, 5, 4, 3, 2), (8, 2, 1, 0, 5, 4, 3), (9, 3, 2, 1, 0, 5, 4), (10, 4, 3, 2, 1, 0, 5), (11, 5, 0, 1, 2, 3, 4))	3t8s_ligand
((0, 10, 8, 6, 4, 25, 24), (0, 10, 13, 21, 22, 23, 24), (2, 4, 6, 8, 10, 24, 25), (3, 8, 6, 4, 25, 24, 10), (8, 10, 13, 21, 22, 23, 24), (13, 10, 8, 6, 4, 25, 24), (15, 13, 10, 24, 23, 22, 21), (17, 13, 10, 24, 23, 22, 21), (23, 24, 10, 8, 6, 4, 25), (25, 24, 10, 13, 21, 22, 23), (26, 25, 4, 6, 8, 10, 24), (29, 4, 6, 8, 10, 24, 25))	3tc5_ligand
((22, 3, 23, 27, 26, 25, 24), (28, 26, 25, 24, 3, 23, 27))	3tcp_ligand
((0, 3, 4, 5, 6, 11, 12), (7, 6, 5, 4, 3, 12, 11), (13, 11, 6, 5, 4, 3, 12), (19, 5, 4, 3, 12, 11, 6))	3ti6_ligand
((3, 20, 19, 18, 17, 22, 21), (16, 17, 18, 19, 20, 21, 22))	3tti_ligand
((70, 85, 84, 83, 88, 87, 86), (89, 88, 83, 84, 85, 86, 87))	3u2q_ligand
((10, 11, 12, 13, 14, 15, 16),)	3u4w_ligand
((23, 24, 25, 26, 27, 28, 29),)	3u51_ligand
((20, 22, 23, 25, 26, 27, 28), (24, 23, 22, 28, 27, 26, 25), (29, 28, 22, 23, 25, 26, 27))	3ua9_ligand
((0, 17, 12, 10, 9, 11, 13), (24, 17, 12, 10, 9, 11, 13))	3udr_ligand
((7, 10, 11, 12, 13, 14, 15),)	3uw4_ligand
((7, 10, 11, 12, 13, 14, 15),)	3uw5_ligand
((1, 13, 12, 17, 16, 15, 14),)	3uyt_ligand
((1, 13, 12, 17, 16, 15, 14),)	3uzp_ligand
((24, 4, 5, 25, 6, 27, 7), (26, 6, 25, 5, 4, 7, 27))	3vbq_ligand
((3, 23, 6, 1, 2, 4, 22), (4, 22, 21, 20, 19, 3, 23), (5, 3, 19, 20, 21, 22, 23), (6, 23, 3, 19, 20, 21, 22), (7, 4, 2, 1, 6, 23, 22), (8, 2, 1, 6, 23, 22, 4), (9, 2, 1, 6, 23, 22, 4), (10, 3, 19, 20, 21, 22, 23), (21, 22, 4, 2, 1, 6, 23), (28, 21, 20, 19, 3, 23, 22))	3vhu_ligand
((6, 7, 9, 10, 11, 15, 14), (8, 7, 9, 10, 11, 15, 14), (13, 14, 7, 9, 10, 11, 15), (22, 21, 20, 18, 19, 25, 23), (26, 25, 19, 18, 20, 21, 23))	3vrt_ligand
((8, 12, 11, 17, 16, 15, 14), (10, 11, 12, 14, 15, 16, 17), (13, 12, 11, 17, 16, 15, 14), (19, 20, 21, 27, 25, 23, 22), (24, 23, 22, 20, 21, 27, 25), (28, 27, 21, 20, 22, 23, 25))	3vru_ligand
((10, 14, 13, 19, 18, 17, 16), (12, 13, 14, 16, 17, 18, 19), (15, 14, 13, 19, 18, 17, 16), (20, 19, 13, 14, 16, 17, 18), (26, 25, 24, 22, 23, 29, 27), (30, 29, 23, 22, 24, 25, 27))	3vrv_ligand
((2, 1, 0, 8, 7, 5, 3), (6, 5, 3, 1, 0, 8, 7), (10, 11, 12, 13, 14, 15, 17), (16, 15, 14, 13, 12, 11, 17), (18, 17, 11, 12, 13, 14, 15), (20, 15, 14, 13, 12, 11, 17))	3vrw_ligand
((18, 23, 24, 25, 26, 27, 28), (29, 26, 25, 24, 23, 28, 27))	3vs3_ligand
((1, 0, 5, 4, 8, 9, 6), (1, 2, 3, 4, 8, 9, 7), (3, 2, 1, 0, 6, 9, 7), (3, 4, 5, 0, 6, 9, 8), (5, 0, 1, 2, 7, 9, 6), (5, 4, 3, 2, 7, 9, 8), (6, 0, 1, 2, 3, 4, 5), (6, 9, 7, 2, 3, 4, 8), (7, 2, 1, 0, 5, 4, 3), (7, 9, 6, 0, 5, 4, 8), (8, 4, 3, 2, 1, 0, 5), (8, 9, 6, 0, 1, 2, 7), (10, 0, 1, 2, 3, 4, 5), (10, 0, 1, 2, 7, 9, 6), (10, 0, 5, 4, 8, 9, 6), (17, 18, 19, 25, 24, 23, 22), (20, 19, 18, 22, 23, 24, 25), (26, 18, 19, 25, 24, 23, 22), (36, 33, 32, 31, 30, 29, 34), (37, 31, 30, 29, 34, 33, 32))	3vtb_ligand
((1, 0, 5, 4, 8, 9, 6), (1, 2, 3, 4, 8, 9, 7), (3, 2, 1, 0, 6, 9, 7), (3, 4, 5, 0, 6, 9, 8), (5, 0, 1, 2, 7, 9, 6), (5, 4, 3, 2, 7, 9, 8), (6, 0, 1, 2, 3, 4, 5), (6, 9, 7, 2, 3, 4, 8), (7, 2, 1, 0, 5, 4, 3), (7, 9, 6, 0, 5, 4, 8), (8, 4, 3, 2, 1, 0, 5), (8, 9, 6, 0, 1, 2, 7), (10, 0, 1, 2, 3, 4, 5), (10, 0, 1, 2, 7, 9, 6), (10, 0, 5, 4, 8, 9, 6), (16, 19, 20, 26, 25, 24, 23), (21, 20, 19, 23, 24, 25, 26), (27, 19, 20, 26, 25, 24, 23), (37, 34, 33, 32, 31, 30, 35), (38, 32, 31, 30, 35, 34, 33))	3vtc_ligand
((1, 0, 5, 4, 8, 9, 6), (1, 2, 3, 4, 8, 9, 7), (3, 2, 1, 0, 6, 9, 7), (3, 4, 5, 0, 6, 9, 8), (5, 0, 1, 2, 7, 9, 6), (5, 4, 3, 2, 7, 9, 8), (6, 0, 1, 2, 3, 4, 5), (6, 9, 7, 2, 3, 4, 8), (7, 2, 1, 0, 5, 4, 3), (7, 9, 6, 0, 5, 4, 8), (8, 4, 3, 2, 1, 0, 5), (8, 9, 6, 0, 1, 2, 7), (10, 0, 1, 2, 3, 4, 5), (10, 0, 1, 2, 7, 9, 6), (10, 0, 5, 4, 8, 9, 6), (16, 19, 20, 26, 25, 24, 23), (21, 20, 19, 23, 24, 25, 26), (27, 19, 20, 26, 25, 24, 23), (37, 34, 33, 32, 31, 30, 35), (38, 32, 31, 30, 35, 34, 33))	3vtd_ligand
((0, 1, 3, 5, 9, 7, 8), (0, 2, 4, 5, 9, 7, 6), (3, 1, 0, 2, 6, 7, 8), (3, 5, 4, 2, 6, 7, 9), (4, 2, 0, 1, 8, 7, 6), (4, 5, 3, 1, 8, 7, 9), (6, 2, 0, 1, 3, 5, 4), (6, 7, 8, 1, 3, 5, 9), (8, 1, 0, 2, 4, 5, 3), (8, 7, 6, 2, 4, 5, 9), (9, 5, 3, 1, 0, 2, 4), (9, 7, 6, 2, 0, 1, 8), (10, 5, 3, 1, 0, 2, 4), (10, 5, 3, 1, 8, 7, 9), (10, 5, 4, 2, 6, 7, 9), (11, 0, 1, 3, 5, 4, 2), (11, 0, 1, 8, 7, 6, 2))	3vuc_ligand
((0, 1, 4, 9, 14, 11, 5), (10, 4, 1, 5, 11, 14, 9), (15, 11, 5, 1, 4, 9, 14), (18, 14, 9, 4, 1, 5, 11))	3vw2_ligand
((5, 6, 7, 11, 10, 9, 8), (7, 11, 10, 20, 19, 13, 12), (9, 10, 11, 12, 13, 19, 20), (12, 11, 7, 6, 8, 9, 10), (14, 13, 12, 11, 10, 20, 19), (17, 19, 13, 12, 11, 10, 20), (20, 10, 9, 8, 6, 7, 11), (21, 20, 10, 11, 12, 13, 19))	3vw7_ligand
((34, 24, 22, 20, 19, 21, 23),)	3w2r_ligand
((34, 24, 22, 20, 19, 21, 23),)	3w2s_ligand
((10, 11, 12, 13, 14, 15, 16), (10, 11, 12, 13, 18, 19, 21), (10, 11, 16, 15, 17, 19, 21), (12, 11, 16, 15, 17, 19, 21), (12, 13, 14, 15, 17, 19, 18), (14, 13, 12, 11, 21, 19, 18), (14, 15, 16, 11, 21, 19, 17), (16, 11, 12, 13, 18, 19, 21), (16, 15, 14, 13, 18, 19, 17), (17, 15, 14, 13, 12, 11, 16), (17, 19, 18, 13, 12, 11, 21), (18, 13, 12, 11, 16, 15, 14), (18, 19, 17, 15, 16, 11, 21), (20, 19, 17, 15, 14, 13, 18), (20, 19, 17, 15, 16, 11, 21), (20, 19, 18, 13, 12, 11, 21), (21, 11, 12, 13, 14, 15, 16), (21, 19, 17, 15, 14, 13, 18))	3w2t_ligand
((0, 3, 2, 1, 10, 5, 4), (1, 10, 5, 6, 7, 8, 9), (4, 5, 6, 7, 8, 9, 10), (6, 5, 4, 3, 2, 1, 10), (7, 8, 9, 11, 12, 13, 14), (9, 10, 1, 2, 3, 4, 5), (10, 9, 8, 14, 13, 12, 11), (11, 9, 8, 7, 6, 5, 10), (14, 8, 7, 6, 5, 10, 9), (15, 14, 8, 9, 11, 12, 13), (17, 13, 12, 11, 9, 8, 14), (18, 13, 12, 11, 9, 8, 14), (19, 10, 1, 2, 3, 4, 5), (19, 10, 5, 6, 7, 8, 9))	3w5t_ligand
((12, 18, 13, 20, 17, 23, 15), (12, 19, 14, 20, 17, 23, 16), (13, 18, 12, 19, 16, 23, 15), (13, 20, 14, 19, 16, 23, 17), (14, 19, 12, 18, 15, 23, 16), (14, 20, 13, 18, 15, 23, 17), (15, 18, 12, 19, 14, 20, 13), (15, 23, 16, 19, 14, 20, 17), (16, 19, 12, 18, 13, 20, 14), (16, 23, 15, 18, 13, 20, 17), (17, 20, 13, 18, 12, 19, 14), (17, 23, 15, 18, 12, 19, 16), (24, 21, 8, 10, 22, 11, 9), (25, 23, 15, 18, 12, 19, 16), (25, 23, 15, 18, 13, 20, 17), (25, 23, 16, 19, 14, 20, 17), (29, 22, 10, 8, 21, 9, 11))	3wke_ligand
((0, 1, 2, 4, 6, 8, 7), (5, 4, 2, 1, 7, 8, 6), (17, 16, 14, 13, 12, 11, 15), (18, 15, 11, 12, 13, 14, 16), (20, 16, 14, 13, 12, 11, 15))	3wt5_ligand
((14, 17, 18, 23, 22, 21, 20), (16, 18, 17, 20, 21, 22, 23), (19, 17, 18, 23, 22, 21, 20), (30, 29, 28, 26, 27, 33, 31), (34, 33, 27, 26, 28, 29, 31))	3wt7_ligand
((25, 26, 27, 28, 29, 30, 31),)	3wyx_ligand
((29, 30, 31, 32, 33, 38, 39), (29, 30, 31, 32, 34, 35, 36), (29, 30, 36, 35, 37, 38, 39), (31, 30, 36, 35, 37, 38, 39), (31, 32, 33, 38, 37, 35, 34), (33, 32, 31, 30, 36, 35, 34), (33, 38, 37, 35, 36, 30, 39), (34, 32, 31, 30, 39, 38, 33), (34, 35, 36, 30, 39, 38, 37), (36, 30, 31, 32, 33, 38, 39), (36, 35, 34, 32, 33, 38, 37), (37, 35, 34, 32, 31, 30, 36), (37, 38, 33, 32, 31, 30, 39), (39, 30, 31, 32, 34, 35, 36), (39, 38, 33, 32, 34, 35, 37))	3wyy_ligand
((19, 20, 21, 22, 23, 24, 25),)	3wzj_ligand
((17, 0, 1, 2, 3, 4, 5),)	3zj6_ligand
((1, 2, 3, 9, 8, 7, 6), (3, 9, 8, 10, 11, 12, 13), (4, 3, 2, 6, 7, 8, 9), (6, 2, 1, 0, 5, 4, 3), (7, 8, 9, 13, 12, 11, 10), (9, 3, 2, 1, 0, 5, 4), (10, 8, 7, 6, 2, 3, 9), (13, 9, 3, 2, 6, 7, 8), (14, 10, 8, 9, 13, 12, 11), (16, 11, 10, 8, 9, 13, 12), (17, 3, 2, 1, 0, 5, 4), (17, 3, 2, 6, 7, 8, 9), (19, 12, 11, 10, 8, 9, 13), (20, 0, 1, 2, 3, 4, 5), (21, 11, 10, 8, 9, 13, 12))	3zqe_ligand
((24, 20, 17, 15, 14, 16, 18),)	3zsy_ligand
((1, 0, 3, 6, 9, 12, 14), (16, 3, 0, 14, 12, 9, 6), (17, 6, 3, 0, 14, 12, 9), (18, 9, 6, 3, 0, 14, 12), (19, 12, 9, 6, 3, 0, 14), (20, 14, 0, 3, 6, 9, 12))	4aro_ligand
((22, 23, 24, 25, 26, 27, 28),)	4avg_ligand
((5, 6, 7, 8, 9, 10, 11),)	4axm_ligand
((8, 9, 10, 12, 14, 16, 17), (13, 12, 10, 9, 17, 16, 14), (15, 14, 12, 10, 9, 17, 16), (18, 17, 9, 10, 12, 14, 16), (21, 17, 9, 10, 12, 14, 16))	4b6o_ligand
((11, 12, 13, 24, 22, 20, 18), (14, 13, 12, 18, 20, 22, 24), (15, 13, 12, 18, 20, 22, 24), (21, 20, 18, 12, 13, 24, 22), (23, 22, 20, 18, 12, 13, 24))	4b6p_ligand
((12, 11, 13, 10, 20, 18, 17), (16, 11, 13, 10, 20, 18, 17), (19, 18, 17, 11, 13, 10, 20), (21, 20, 10, 13, 11, 17, 18), (22, 13, 10, 20, 18, 17, 11))	4b6q_ligand
((8, 12, 9, 11, 14, 16, 17), (13, 11, 9, 12, 17, 16, 14), (15, 14, 11, 9, 12, 17, 16), (18, 17, 12, 9, 11, 14, 16), (21, 17, 12, 9, 11, 14, 16))	4b6r_ligand
((11, 12, 13, 24, 22, 20, 18), (14, 13, 12, 18, 20, 22, 24), (15, 13, 12, 18, 20, 22, 24), (21, 20, 18, 12, 13, 24, 22), (23, 22, 20, 18, 12, 13, 24))	4b6s_ligand
((0, 3, 4, 5, 6, 11, 12), (7, 6, 5, 4, 3, 12, 11), (13, 11, 6, 5, 4, 3, 12), (19, 5, 4, 3, 12, 11, 6))	4b7j_ligand
((0, 3, 4, 5, 6, 11, 12), (7, 6, 5, 4, 3, 12, 11), (13, 11, 6, 5, 4, 3, 12), (19, 5, 4, 3, 12, 11, 6))	4b7r_ligand
((7, 0, 1, 2, 3, 4, 5),)	4bah_ligand
((8, 9, 10, 11, 12, 13, 14),)	4bak_ligand
((7, 0, 1, 2, 3, 4, 5),)	4bam_ligand
((7, 0, 1, 2, 3, 4, 5),)	4ban_ligand
((7, 0, 1, 2, 3, 4, 5),)	4bao_ligand
((7, 0, 1, 2, 3, 4, 5),)	4baq_ligand
((0, 10, 5, 6, 7, 8, 9), (7, 8, 9, 11, 12, 13, 14), (10, 9, 8, 14, 13, 12, 11), (11, 9, 8, 7, 6, 5, 10), (14, 8, 7, 6, 5, 10, 9), (15, 14, 8, 9, 11, 12, 13), (17, 13, 12, 11, 9, 8, 14), (18, 13, 12, 11, 9, 8, 14), (19, 10, 5, 6, 7, 8, 9))	4bb2_ligand
((6, 5, 0, 1, 2, 3, 4),)	4btw_ligand
((6, 5, 0, 1, 2, 3, 4), (22, 23, 24, 25, 26, 27, 29), (28, 27, 26, 25, 24, 23, 29), (30, 29, 23, 24, 25, 26, 27))	4c16_ligand
((29, 30, 31, 32, 33, 34, 35),)	4c68_ligand
((6, 5, 0, 1, 2, 3, 4),)	4cfm_ligand
((6, 5, 0, 1, 2, 3, 4),)	4cfu_ligand
((11, 12, 21, 22, 23, 24, 25),)	4cfv_ligand
((11, 12, 15, 16, 17, 18, 19),)	4cfw_ligand
((11, 12, 13, 14, 15, 16, 17),)	4cfx_ligand
((6, 5, 0, 1, 2, 3, 4), (10, 0, 1, 2, 3, 4, 5), (11, 0, 1, 2, 3, 4, 5), (12, 4, 3, 2, 1, 0, 5))	4ciz_ligand
((2, 3, 4, 5, 6, 7, 8), (9, 6, 5, 4, 3, 8, 7))	4cqg_ligand
((1, 3, 4, 5, 12, 13, 15), (6, 5, 4, 3, 15, 13, 12), (9, 5, 4, 3, 15, 13, 12), (14, 13, 12, 5, 4, 3, 15), (16, 15, 3, 4, 5, 12, 13))	4crl_ligand
((0, 7, 8, 12, 15, 14, 10), (5, 8, 7, 10, 14, 15, 12))	4cwf_ligand
((4, 13, 8, 9, 10, 11, 12), (7, 8, 9, 10, 11, 12, 13))	4cwn_ligand
((4, 5, 6, 7, 8, 9, 10), (11, 10, 5, 6, 7, 8, 9))	4cwo_ligand
((4, 13, 8, 9, 10, 11, 12), (7, 8, 9, 10, 11, 12, 13))	4cwp_ligand
((11, 12, 13, 14, 19, 20, 21), (15, 14, 13, 12, 21, 20, 19), (22, 21, 12, 13, 14, 19, 20))	4cwq_ligand
((0, 1, 2, 3, 4, 5, 6), (7, 5, 4, 3, 2, 1, 6), (14, 6, 1, 2, 3, 4, 5))	4cwr_ligand
((3, 4, 5, 6, 9, 8, 7), (10, 8, 7, 4, 5, 6, 9), (14, 9, 6, 5, 4, 7, 8))	4cws_ligand
((0, 1, 2, 3, 4, 5, 10), (6, 5, 4, 3, 2, 1, 10), (11, 4, 3, 2, 1, 10, 5), (18, 3, 2, 1, 10, 5, 4))	4cwt_ligand
((0, 1, 2, 3, 4, 36, 37), (5, 4, 3, 2, 1, 37, 36), (8, 4, 3, 2, 1, 37, 36), (38, 1, 2, 3, 4, 36, 37))	4d85_ligand
((19, 10, 9, 8, 7, 6, 11), (20, 6, 7, 8, 9, 10, 11), (26, 9, 8, 7, 6, 11, 10), (27, 8, 7, 6, 11, 10, 9), (28, 7, 6, 11, 10, 9, 8))	4dfb_ligand
((15, 16, 27, 18, 20, 19, 28), (15, 17, 24, 19, 20, 18, 26), (20, 18, 26, 17, 15, 16, 27), (20, 19, 24, 17, 15, 16, 28), (23, 15, 16, 27, 18, 26, 17), (23, 15, 16, 28, 19, 24, 17), (24, 17, 15, 16, 27, 18, 26), (24, 19, 20, 18, 27, 16, 28), (25, 18, 20, 19, 24, 17, 26), (25, 18, 20, 19, 28, 16, 27), (25, 18, 26, 17, 15, 16, 27), (26, 17, 15, 16, 28, 19, 24), (26, 18, 20, 19, 28, 16, 27), (27, 16, 15, 17, 24, 19, 28), (27, 18, 20, 19, 24, 17, 26), (28, 16, 15, 17, 26, 18, 27), (28, 19, 20, 18, 26, 17, 24))	4dfn_ligand
((6, 5, 0, 1, 2, 3, 4),)	4dht_ligand
((1, 8, 9, 10, 11, 12, 13), (14, 13, 8, 9, 10, 11, 12))	4dmy_ligand
((1, 2, 3, 4, 5, 6, 7), (8, 7, 2, 3, 4, 5, 6), (9, 7, 2, 3, 4, 5, 6))	4drm_ligand
((1, 2, 3, 4, 5, 6, 7), (8, 7, 2, 3, 4, 5, 6), (9, 7, 2, 3, 4, 5, 6))	4drn_ligand
((1, 2, 3, 4, 5, 6, 7), (8, 7, 2, 3, 4, 5, 6), (9, 7, 2, 3, 4, 5, 6))	4dro_ligand
((1, 2, 3, 4, 5, 6, 7), (8, 7, 2, 3, 4, 5, 6), (9, 7, 2, 3, 4, 5, 6))	4drp_ligand
((32, 36, 37, 38, 39, 40, 41),)	4dru_ligand
((10, 11, 12, 13, 14, 15, 16),)	4dzw_ligand
((10, 19, 11, 21, 23, 22, 13), (10, 20, 12, 21, 23, 22, 14), (11, 19, 10, 20, 14, 22, 13), (11, 21, 12, 20, 14, 22, 23), (12, 20, 10, 19, 13, 22, 14), (12, 21, 11, 19, 13, 22, 23), (13, 19, 10, 20, 12, 21, 11), (13, 22, 14, 20, 12, 21, 23), (14, 20, 10, 19, 11, 21, 12), (14, 22, 13, 19, 11, 21, 23), (16, 23, 21, 11, 19, 13, 22), (16, 23, 21, 12, 20, 14, 22), (23, 21, 11, 19, 10, 20, 12), (23, 22, 13, 19, 10, 20, 14))	4ea1_ligand
((10, 19, 11, 21, 23, 22, 13), (10, 20, 12, 21, 23, 22, 14), (11, 19, 10, 20, 14, 22, 13), (11, 21, 12, 20, 14, 22, 23), (12, 20, 10, 19, 13, 22, 14), (12, 21, 11, 19, 13, 22, 23), (13, 19, 10, 20, 12, 21, 11), (13, 22, 14, 20, 12, 21, 23), (14, 20, 10, 19, 11, 21, 12), (14, 22, 13, 19, 11, 21, 23), (16, 23, 21, 11, 19, 13, 22), (16, 23, 21, 12, 20, 14, 22), (23, 21, 11, 19, 10, 20, 12), (23, 22, 13, 19, 10, 20, 14))	4ea2_ligand
((10, 14, 15, 16, 17, 18, 19),)	4eft_ligand
((9, 10, 11, 12, 13, 14, 15), (16, 14, 13, 12, 11, 10, 15))	4ei4_ligand
((2, 4, 5, 6, 7, 8, 9), (21, 7, 6, 5, 4, 9, 8))	4eo6_ligand
((12, 14, 16, 17, 18, 19, 20), (21, 18, 17, 16, 14, 20, 19))	4eo8_ligand
((2, 3, 4, 5, 6, 7, 8),)	4eok_ligand
((2, 3, 4, 5, 6, 7, 8),)	4eor_ligand
((37, 38, 39, 41, 43, 42, 40),)	4er1_ligand
((4, 11, 6, 7, 8, 9, 10), (13, 11, 6, 7, 8, 9, 10))	4f8h_ligand
((28, 29, 30, 31, 32, 33, 34),)	4fcf_ligand
((3, 5, 4, 1, 6, 12, 11), (10, 4, 1, 6, 12, 11, 5))	4fk6_ligand
((31, 32, 33, 34, 37, 36, 35), (38, 37, 34, 33, 32, 35, 36))	4fob_ligand
((2, 4, 5, 6, 9, 8, 7), (10, 9, 6, 5, 4, 7, 8))	4foc_ligand
((4, 6, 7, 8, 11, 10, 9), (12, 11, 8, 7, 6, 9, 10))	4fod_ligand
((13, 6, 0, 2, 10, 3, 1), (26, 10, 2, 0, 6, 1, 3))	4fse_ligand
((12, 28, 29, 30, 35, 34, 36), (12, 32, 31, 30, 35, 34, 33), (13, 12, 28, 29, 30, 31, 32), (13, 12, 28, 36, 34, 33, 32), (29, 28, 12, 32, 33, 34, 36), (29, 30, 31, 32, 33, 34, 35), (31, 30, 29, 28, 36, 34, 35), (31, 32, 12, 28, 36, 34, 33), (33, 32, 12, 28, 29, 30, 31), (33, 34, 35, 30, 29, 28, 36), (35, 30, 29, 28, 12, 32, 31), (35, 34, 33, 32, 12, 28, 36), (36, 28, 12, 32, 31, 30, 29), (36, 34, 33, 32, 31, 30, 35))	4fxy_ligand
((8, 7, 2, 3, 4, 5, 6),)	4g2f_ligand
((8, 9, 10, 11, 12, 13, 14),)	4gmc_ligand
((1, 0, 2, 4, 6, 8, 10), (3, 4, 2, 0, 10, 8, 6), (5, 6, 4, 2, 0, 10, 8), (7, 8, 6, 4, 2, 0, 10), (12, 0, 2, 4, 6, 8, 10))	4gui_ligand
((0, 3, 4, 5, 6, 11, 12), (7, 6, 5, 4, 3, 12, 11), (13, 11, 6, 5, 4, 3, 12), (19, 5, 4, 3, 12, 11, 6))	4gzt_ligand
((4, 5, 6, 7, 11, 9, 8), (4, 5, 6, 7, 14, 13, 12), (4, 5, 8, 9, 10, 13, 12), (6, 5, 8, 9, 10, 13, 12), (6, 7, 11, 9, 10, 13, 14), (8, 5, 6, 7, 14, 13, 12), (8, 9, 10, 13, 14, 7, 11), (10, 9, 8, 5, 6, 7, 11), (10, 13, 12, 5, 6, 7, 14), (11, 7, 6, 5, 12, 13, 14), (11, 9, 8, 5, 12, 13, 10), (12, 5, 6, 7, 11, 9, 8), (12, 13, 10, 9, 11, 7, 14), (14, 7, 6, 5, 8, 9, 11), (14, 13, 10, 9, 8, 5, 12))	4hev_ligand
((6, 0, 1, 2, 3, 4, 5), (7, 1, 0, 5, 4, 3, 2), (8, 2, 1, 0, 5, 4, 3), (9, 3, 2, 1, 0, 5, 4), (10, 4, 3, 2, 1, 0, 5), (11, 5, 0, 1, 2, 3, 4))	4hn2_ligand
((4, 2, 1, 0, 12, 11, 3),)	4hwb_ligand
((6, 5, 0, 1, 2, 3, 4),)	4hxl_ligand
((24, 25, 26, 27, 28, 29, 30), (35, 36, 37, 38, 39, 40, 41))	4hy9_ligand
((24, 25, 26, 27, 28, 29, 30),)	4hyb_ligand
((7, 8, 9, 10, 11, 12, 13), (14, 11, 10, 9, 8, 13, 12))	4hys_ligand
((0, 16, 17, 18, 19, 20, 21), (22, 19, 18, 17, 16, 21, 20))	4hyu_ligand
((0, 3, 4, 5, 6, 11, 12), (7, 6, 5, 4, 3, 12, 11), (13, 11, 6, 5, 4, 3, 12), (19, 5, 4, 3, 12, 11, 6))	4hzx_ligand
((1, 21, 8, 9, 23, 10, 22), (24, 8, 9, 23, 10, 22, 21))	4iaw_ligand
((1, 21, 8, 9, 23, 10, 22), (24, 8, 9, 23, 10, 22, 21))	4iax_ligand
((21, 17, 15, 13, 12, 14, 16),)	4iq6_ligand
((6, 0, 1, 2, 3, 4, 5), (7, 1, 0, 5, 4, 3, 2), (8, 2, 1, 0, 5, 4, 3), (9, 3, 2, 1, 0, 5, 4), (10, 4, 3, 2, 1, 0, 5), (11, 5, 0, 1, 2, 3, 4))	4irx_ligand
((1, 0, 2, 4, 6, 8, 10), (3, 4, 2, 0, 10, 8, 6), (5, 6, 4, 2, 0, 10, 8), (7, 8, 6, 4, 2, 0, 10), (12, 0, 2, 4, 6, 8, 10))	4iuo_ligand
((4, 15, 16, 17, 18, 19, 20), (21, 18, 17, 16, 15, 20, 19))	4iva_ligand
((4, 15, 16, 17, 18, 19, 20), (21, 18, 17, 16, 15, 20, 19))	4ivb_ligand
((4, 15, 16, 17, 18, 19, 20), (21, 18, 17, 16, 15, 20, 19))	4ivc_ligand
((4, 15, 16, 17, 18, 19, 20), (21, 18, 17, 16, 15, 20, 19))	4ivd_ligand
((16, 17, 18, 19, 20, 21, 22), (23, 20, 19, 18, 17, 22, 21))	4izy_ligand
((21, 22, 23, 28, 30, 31, 32), (24, 23, 22, 32, 31, 30, 28), (26, 28, 23, 22, 32, 31, 30), (29, 28, 23, 22, 32, 31, 30), (33, 32, 22, 23, 28, 30, 31))	4j03_ligand
((6, 8, 10, 18, 17, 15, 12), (9, 8, 10, 18, 17, 15, 12), (11, 10, 8, 12, 15, 17, 18), (12, 15, 16, 22, 21, 19, 17), (13, 12, 8, 10, 18, 17, 15), (14, 12, 8, 10, 18, 17, 15), (16, 15, 12, 8, 10, 18, 17), (17, 19, 21, 23, 24, 26, 27), (18, 17, 15, 16, 22, 21, 19), (19, 17, 15, 12, 8, 10, 18), (20, 19, 17, 15, 16, 22, 21), (20, 19, 21, 23, 24, 26, 27), (22, 21, 19, 27, 26, 24, 23), (23, 21, 19, 17, 15, 16, 22), (25, 24, 23, 21, 19, 27, 26), (27, 19, 17, 15, 16, 22, 21))	4j8t_ligand
((6, 8, 10, 18, 17, 15, 12), (9, 8, 10, 18, 17, 15, 12), (11, 10, 8, 12, 15, 17, 18), (12, 15, 16, 22, 21, 19, 17), (13, 12, 8, 10, 18, 17, 15), (14, 12, 8, 10, 18, 17, 15), (16, 15, 12, 8, 10, 18, 17), (17, 19, 21, 23, 24, 26, 27), (18, 17, 15, 16, 22, 21, 19), (19, 17, 15, 12, 8, 10, 18), (20, 19, 17, 15, 16, 22, 21), (20, 19, 21, 23, 24, 26, 27), (22, 21, 19, 27, 26, 24, 23), (23, 21, 19, 17, 15, 16, 22), (25, 24, 23, 21, 19, 27, 26), (27, 19, 17, 15, 16, 22, 21))	4j9a_ligand
((1, 2, 3, 4, 5, 8, 9), (6, 5, 4, 3, 2, 9, 8), (10, 9, 2, 3, 4, 5, 8))	4jhz_ligand
((6, 5, 0, 1, 2, 3, 4), (27, 2, 1, 0, 5, 4, 3))	4jjs_ligand
((20, 21, 23, 24, 25, 26, 27), (28, 25, 24, 23, 21, 27, 26))	4jmu_ligand
((6, 5, 0, 1, 2, 3, 4), (26, 2, 1, 0, 5, 4, 3))	4ju6_ligand
((6, 5, 0, 1, 2, 3, 4), (26, 2, 1, 0, 5, 4, 3))	4ju7_ligand
((20, 21, 23, 24, 25, 26, 27), (28, 25, 24, 23, 21, 27, 26))	4jvq_ligand
((22, 23, 24, 25, 26, 28, 29), (27, 26, 25, 24, 23, 29, 28))	4jx7_ligand
((2, 3, 4, 5, 6, 8, 9), (7, 6, 5, 4, 3, 9, 8))	4jzi_ligand
((13, 14, 15, 16, 19, 18, 17), (20, 19, 16, 15, 14, 17, 18))	4k4e_ligand
((11, 12, 13, 14, 15, 16, 17),)	4k77_ligand
((21, 22, 29, 25, 24, 23, 42), (26, 25, 24, 23, 42, 22, 29), (28, 29, 22, 42, 23, 24, 25))	4kb9_ligand
((0, 1, 2, 3, 4, 5, 6), (7, 4, 3, 2, 1, 6, 5))	4l53_ligand
((14, 23, 19, 17, 18, 20, 24), (15, 24, 20, 18, 17, 19, 23))	4l7b_ligand
((2, 5, 4, 3, 1, 0, 6), (8, 6, 0, 1, 3, 4, 5))	4l7c_ligand
((22, 24, 25, 26, 27, 28, 29), (30, 29, 24, 25, 26, 27, 28))	4l7d_ligand
((26, 27, 28, 29, 32, 31, 30), (33, 32, 29, 28, 27, 30, 31))	4l7f_ligand
((6, 0, 1, 2, 3, 4, 5), (8, 1, 0, 5, 4, 3, 2), (9, 0, 1, 2, 3, 4, 5))	4lc7_ligand
((2, 54, 55, 56, 57, 58, 62), (2, 54, 55, 56, 63, 60, 61), (2, 54, 61, 60, 59, 58, 62), (55, 54, 61, 60, 59, 58, 62), (55, 56, 57, 58, 59, 60, 63), (57, 56, 55, 54, 61, 60, 63), (57, 58, 59, 60, 61, 54, 62), (59, 58, 57, 56, 55, 54, 62), (59, 60, 61, 54, 55, 56, 63), (61, 54, 55, 56, 57, 58, 62), (61, 60, 59, 58, 57, 56, 63), (62, 54, 55, 56, 63, 60, 61), (62, 58, 57, 56, 63, 60, 59), (63, 56, 55, 54, 62, 58, 57), (63, 60, 59, 58, 62, 54, 61))	4lkl_ligand
((60, 54, 55, 56, 57, 58, 59),)	4lkm_ligand
((3, 4, 5, 7, 9, 8, 6),)	4lte_ligand
((0, 1, 2, 3, 4, 5, 6), (7, 6, 1, 2, 3, 4, 5), (27, 1, 2, 3, 4, 5, 6), (28, 6, 1, 2, 3, 4, 5), (29, 5, 4, 3, 2, 1, 6), (33, 4, 3, 2, 1, 6, 5), (36, 5, 4, 3, 2, 1, 6), (37, 4, 3, 2, 1, 6, 5))	4m0f_ligand
((10, 11, 12, 13, 14, 16, 17), (15, 14, 13, 12, 11, 17, 16))	4m3q_ligand
((0, 1, 2, 3, 4, 5, 6), (7, 2, 1, 6, 5, 4, 3))	4mbl_ligand
((1, 2, 4, 13, 11, 10, 8), (1, 2, 4, 13, 15, 10, 8), (1, 11, 10, 8, 6, 4, 13), (2, 4, 6, 8, 10, 11, 13), (2, 4, 6, 8, 10, 15, 13), (3, 2, 4, 13, 11, 10, 8), (3, 2, 4, 13, 15, 10, 8), (5, 4, 2, 8, 10, 11, 13), (5, 4, 2, 8, 10, 15, 13), (5, 4, 6, 8, 10, 11, 13), (5, 4, 6, 8, 10, 15, 13), (7, 6, 4, 13, 11, 10, 8), (7, 6, 4, 13, 15, 10, 8), (9, 8, 2, 4, 13, 11, 10), (9, 8, 2, 4, 13, 15, 10), (9, 8, 6, 4, 13, 11, 10), (9, 8, 6, 4, 13, 15, 10), (11, 10, 8, 2, 4, 13, 15), (11, 10, 8, 6, 4, 13, 15), (12, 11, 10, 8, 2, 4, 13), (12, 11, 10, 8, 6, 4, 13), (14, 13, 4, 2, 8, 10, 11), (14, 13, 4, 2, 8, 10, 15), (14, 13, 4, 6, 8, 10, 11), (14, 13, 4, 6, 8, 10, 15), (16, 15, 10, 8, 2, 4, 13), (16, 15, 10, 8, 6, 4, 13), (17, 6, 4, 13, 11, 10, 8), (17, 6, 4, 13, 15, 10, 8), (17, 15, 10, 8, 2, 4, 13))	4mg5_ligand
((1, 2, 3, 4, 5, 6, 7), (1, 2, 3, 4, 8, 9, 11), (1, 2, 7, 6, 10, 9, 11), (3, 2, 7, 6, 10, 9, 11), (3, 4, 5, 6, 10, 9, 8), (5, 4, 3, 2, 11, 9, 8), (5, 6, 7, 2, 11, 9, 10), (7, 2, 3, 4, 8, 9, 11), (7, 6, 5, 4, 8, 9, 10), (8, 4, 3, 2, 7, 6, 5), (8, 9, 10, 6, 7, 2, 11), (10, 6, 5, 4, 3, 2, 7), (10, 9, 8, 4, 3, 2, 11), (11, 2, 3, 4, 5, 6, 7), (11, 9, 8, 4, 5, 6, 10))	4mgv_ligand
((18, 19, 20, 21, 22, 24, 25), (23, 22, 21, 20, 19, 25, 24))	4mh7_ligand
((24, 25, 26, 27, 28, 30, 31), (29, 28, 27, 26, 25, 31, 30))	4mha_ligand
((2, 3, 4, 20, 5, 19, 18),)	4mjp_ligand
((0, 1, 2, 6, 5, 4, 3), (7, 1, 2, 6, 5, 4, 3))	4mm7_ligand
((12, 27, 26, 25, 24, 23, 28), (33, 24, 23, 28, 27, 26, 25))	4msg_ligand
((0, 19, 18, 17, 22, 21, 20), (23, 22, 17, 18, 19, 20, 21))	4mt9_ligand
((8, 9, 10, 11, 12, 13, 14),)	4mu7_ligand
((0, 3, 4, 5, 6, 11, 12), (7, 6, 5, 4, 3, 12, 11), (13, 11, 6, 5, 4, 3, 12), (19, 5, 4, 3, 12, 11, 6))	4mwq_ligand
((0, 3, 4, 5, 6, 11, 12), (7, 6, 5, 4, 3, 12, 11), (13, 11, 6, 5, 4, 3, 12), (19, 5, 4, 3, 12, 11, 6))	4mww_ligand
((0, 1, 2, 3, 4, 5, 22), (6, 22, 1, 2, 3, 4, 5))	4n1b_ligand
((13, 14, 15, 16, 17, 18, 19), (20, 17, 16, 15, 14, 19, 18))	4n4v_ligand
((1, 0, 2, 20, 5, 21, 16), (17, 0, 2, 20, 5, 21, 16), (23, 5, 20, 2, 0, 16, 21))	4n8d_ligand
((5, 1, 17, 19, 14, 2, 18), (12, 14, 2, 18, 1, 17, 19), (13, 1, 17, 19, 14, 2, 18))	4n8e_ligand
((4, 5, 6, 7, 8, 9, 10), (21, 10, 5, 6, 7, 8, 9))	4nah_ligand
((3, 4, 5, 6, 7, 8, 19), (9, 19, 4, 5, 6, 7, 8))	4nat_ligand
((4, 5, 6, 7, 8, 9, 10), (21, 10, 5, 6, 7, 8, 9))	4nau_ligand
((6, 0, 14, 13, 12, 11, 27), (25, 12, 11, 27, 0, 14, 13))	4nh7_ligand
((6, 10, 11, 12, 13, 14, 15),)	4nld_ligand
((26, 27, 28, 29, 30, 31, 32), (55, 29, 28, 27, 32, 31, 30), (56, 30, 29, 28, 27, 32, 31))	4nnr_ligand
((6, 0, 1, 2, 3, 4, 5), (7, 1, 0, 5, 4, 3, 2), (8, 2, 1, 0, 5, 4, 3), (9, 3, 2, 1, 0, 5, 4), (10, 4, 3, 2, 1, 0, 5), (11, 5, 0, 1, 2, 3, 4))	4np9_ligand
((6, 0, 1, 2, 3, 4, 5), (7, 1, 0, 5, 4, 3, 2), (8, 2, 1, 0, 5, 4, 3), (9, 3, 2, 1, 0, 5, 4), (10, 4, 3, 2, 1, 0, 5), (11, 5, 0, 1, 2, 3, 4))	4nzm_ligand
((7, 8, 9, 15, 33, 27, 21), (10, 9, 8, 21, 27, 33, 15), (16, 15, 9, 8, 21, 27, 33), (22, 21, 8, 9, 15, 33, 27), (28, 27, 21, 8, 9, 15, 33), (34, 33, 15, 9, 8, 21, 27))	4nzn_ligand
((7, 8, 9, 15, 33, 27, 21), (10, 9, 8, 21, 27, 33, 15), (16, 15, 9, 8, 21, 27, 33), (22, 21, 8, 9, 15, 33, 27), (28, 27, 21, 8, 9, 15, 33), (34, 33, 15, 9, 8, 21, 27))	4nzo_ligand
((22, 23, 24, 25, 26, 27, 28), (29, 23, 24, 25, 26, 27, 28))	4o0t_ligand
((22, 23, 24, 25, 26, 27, 28), (29, 23, 24, 25, 26, 27, 28))	4o0v_ligand
((18, 19, 20, 21, 22, 23, 24), (25, 19, 20, 21, 22, 23, 24))	4o0x_ligand
((0, 6, 18, 14, 19, 15, 21), (20, 19, 14, 18, 6, 21, 15))	4o97_ligand
((0, 6, 12, 13, 17, 14, 19), (18, 17, 13, 12, 6, 19, 14))	4o9v_ligand
((6, 7, 8, 10, 11, 12, 13), (14, 13, 7, 8, 10, 11, 12), (16, 12, 11, 10, 8, 7, 13), (17, 12, 11, 10, 8, 7, 13), (22, 10, 8, 7, 13, 12, 11))	4oar_ligand
((1, 17, 16, 15, 14, 13, 18), (2, 13, 14, 15, 16, 17, 18), (12, 13, 14, 15, 16, 17, 18), (19, 18, 13, 14, 15, 16, 17))	4oo9_ligand
((4, 5, 7, 8, 9, 10, 13), (6, 5, 7, 8, 9, 10, 13), (11, 10, 9, 8, 7, 5, 13), (12, 10, 9, 8, 7, 5, 13), (14, 13, 5, 7, 8, 9, 10))	4p0v_ligand
((0, 15, 10, 9, 11, 20, 21), (1, 19, 12, 13, 21, 20, 22), (2, 21, 13, 12, 19, 22, 20), (2, 21, 15, 10, 9, 11, 20), (3, 22, 19, 12, 13, 21, 20), (11, 20, 21, 13, 12, 19, 22), (13, 21, 15, 10, 9, 11, 20), (14, 22, 19, 12, 13, 21, 20), (15, 21, 13, 12, 19, 22, 20), (22, 20, 11, 9, 10, 15, 21))	4p0w_ligand
((4, 5, 7, 8, 9, 10, 13), (6, 5, 7, 8, 9, 10, 13), (11, 10, 9, 8, 7, 5, 13), (12, 10, 9, 8, 7, 5, 13), (14, 13, 5, 7, 8, 9, 10))	4p0x_ligand
((15, 16, 17, 18, 19, 20, 21), (15, 16, 17, 18, 23, 22, 21), (16, 21, 20, 19, 18, 23, 22), (17, 18, 19, 20, 21, 22, 23), (19, 18, 17, 16, 21, 22, 23), (20, 21, 16, 17, 18, 23, 22), (22, 21, 16, 17, 18, 19, 20), (23, 18, 17, 16, 21, 20, 19), (24, 17, 16, 21, 20, 19, 18), (24, 17, 16, 21, 22, 23, 18))	4p1u_ligand
((14, 10, 9, 8, 13, 12, 11),)	4p2t_ligand
((14, 10, 9, 8, 13, 12, 11),)	4p3h_ligand
((6, 9, 11, 20, 19, 15, 13), (7, 6, 4, 5, 14, 13, 9), (8, 6, 4, 5, 14, 13, 9), (10, 9, 6, 4, 5, 14, 13), (10, 9, 11, 20, 19, 15, 13), (11, 9, 6, 4, 5, 14, 13), (12, 11, 9, 13, 15, 19, 20), (14, 13, 9, 11, 20, 19, 15), (15, 13, 9, 6, 4, 5, 14), (16, 15, 13, 9, 11, 20, 19), (21, 19, 15, 13, 9, 11, 20), (22, 19, 15, 13, 9, 11, 20))	4p6w_ligand
((0, 9, 4, 5, 6, 7, 8), (6, 7, 8, 11, 10, 12, 13), (9, 8, 7, 13, 12, 10, 11), (11, 8, 7, 6, 5, 4, 9), (13, 7, 6, 5, 4, 9, 8), (14, 13, 7, 8, 11, 10, 12), (16, 12, 10, 11, 8, 7, 13), (17, 12, 10, 11, 8, 7, 13), (18, 9, 4, 5, 6, 7, 8), (22, 11, 8, 7, 13, 12, 10))	4p6x_ligand
((3, 5, 10, 9, 12, 13, 14), (6, 5, 10, 9, 12, 13, 14), (7, 9, 10, 5, 14, 13, 12), (11, 9, 10, 5, 14, 13, 12), (15, 14, 5, 10, 9, 12, 13))	4psb_ligand
((0, 9, 4, 5, 6, 7, 8), (3, 4, 5, 6, 7, 8, 9), (5, 4, 3, 2, 1, 0, 9), (7, 13, 12, 17, 16, 15, 14), (8, 9, 0, 1, 2, 3, 4), (10, 8, 7, 6, 5, 4, 9), (12, 17, 16, 22, 21, 20, 19), (13, 7, 6, 5, 4, 9, 8), (15, 16, 17, 19, 20, 21, 22), (18, 9, 0, 1, 2, 3, 4), (18, 9, 4, 5, 6, 7, 8), (19, 17, 12, 13, 14, 15, 16), (22, 16, 15, 14, 13, 12, 17), (23, 3, 2, 1, 0, 9, 4), (24, 3, 2, 1, 0, 9, 4), (25, 7, 6, 5, 4, 9, 8), (26, 13, 12, 17, 16, 15, 14), (27, 16, 15, 14, 13, 12, 17), (27, 16, 17, 19, 20, 21, 22), (28, 20, 19, 17, 16, 22, 21), (29, 20, 19, 17, 16, 22, 21), (30, 2, 1, 0, 9, 4, 3))	4pv5_ligand
((22, 23, 24, 2, 1, 0, 25), (26, 25, 0, 1, 2, 24, 23))	4px6_ligand
((0, 1, 22, 23, 24, 25, 26), (1, 26, 2, 3, 4, 5, 25), (2, 26, 1, 22, 23, 24, 25), (5, 25, 24, 23, 22, 1, 26), (6, 5, 4, 3, 2, 26, 25), (8, 4, 3, 2, 26, 25, 5), (9, 4, 3, 2, 26, 25, 5), (10, 1, 0, 12, 18, 19, 22), (10, 1, 22, 23, 24, 25, 26), (11, 18, 12, 0, 1, 22, 19), (19, 22, 1, 26, 25, 24, 23), (23, 22, 1, 0, 12, 18, 19), (24, 25, 5, 4, 3, 2, 26), (26, 1, 0, 12, 18, 19, 22))	4q0a_ligand
((3, 5, 10, 9, 12, 13, 14), (6, 5, 10, 9, 12, 13, 14), (7, 9, 10, 5, 14, 13, 12), (11, 9, 10, 5, 14, 13, 12), (15, 14, 5, 10, 9, 12, 13))	4q0k_ligand
((15, 22, 23, 24, 25, 26, 27), (28, 25, 24, 23, 22, 27, 26))	4qd6_ligand
((0, 9, 4, 5, 6, 7, 8), (6, 7, 8, 10, 11, 12, 13), (9, 8, 7, 13, 12, 11, 10), (10, 8, 7, 6, 5, 4, 9), (13, 7, 6, 5, 4, 9, 8), (14, 13, 7, 8, 10, 11, 12), (16, 12, 11, 10, 8, 7, 13), (17, 12, 11, 10, 8, 7, 13), (18, 9, 4, 5, 6, 7, 8))	4qf7_ligand
((36, 37, 38, 39, 40, 41, 42), (43, 42, 37, 38, 39, 40, 41))	4qgi_ligand
((24, 25, 26, 28, 34, 40, 46), (27, 26, 25, 46, 40, 34, 28), (29, 28, 26, 25, 46, 40, 34), (35, 34, 28, 26, 25, 46, 40), (41, 40, 34, 28, 26, 25, 46), (47, 46, 25, 26, 28, 34, 40))	4qjr_ligand
((30, 24, 25, 26, 27, 28, 29), (31, 25, 24, 29, 28, 27, 26), (32, 26, 25, 24, 29, 28, 27), (33, 27, 26, 25, 24, 29, 28), (34, 28, 27, 26, 25, 24, 29), (35, 29, 24, 25, 26, 27, 28))	4qk4_ligand
((29, 30, 31, 32, 33, 34, 35),)	4qlq_ligand
((29, 30, 31, 32, 33, 34, 35),)	4qls_ligand
((33, 34, 35, 36, 37, 38, 39),)	4qlu_ligand
((0, 3, 4, 5, 6, 11, 12), (7, 6, 5, 4, 3, 12, 11), (13, 11, 6, 5, 4, 3, 12), (19, 5, 4, 3, 12, 11, 6))	4qn7_ligand
((1, 2, 3, 9, 8, 7, 6), (3, 9, 8, 10, 11, 12, 13), (4, 3, 2, 6, 7, 8, 9), (6, 2, 1, 0, 5, 4, 3), (7, 8, 9, 13, 12, 11, 10), (9, 3, 2, 1, 0, 5, 4), (10, 8, 7, 6, 2, 3, 9), (13, 9, 3, 2, 6, 7, 8), (14, 10, 8, 9, 13, 12, 11), (16, 11, 10, 8, 9, 13, 12), (17, 3, 2, 1, 0, 5, 4), (17, 3, 2, 6, 7, 8, 9), (19, 12, 11, 10, 8, 9, 13), (20, 0, 1, 2, 3, 4, 5), (21, 11, 10, 8, 9, 13, 12))	4qn9_ligand
((46, 47, 48, 49, 51, 53, 54), (50, 49, 48, 47, 54, 53, 51), (52, 51, 49, 48, 47, 54, 53))	4qt2_ligand
((22, 24, 14, 13, 12, 9, 15),)	4r8y_ligand
((5, 1, 13, 0, 18, 17, 19), (12, 0, 13, 1, 19, 17, 18), (14, 16, 22, 27, 28, 24, 23))	4r91_ligand
((8, 9, 15, 16, 17, 18, 19), (21, 11, 10, 7, 14, 13, 12), (23, 7, 10, 11, 12, 13, 14))	4r92_ligand
((8, 9, 15, 16, 17, 18, 19), (21, 11, 10, 7, 14, 13, 12), (23, 7, 10, 11, 12, 13, 14))	4r93_ligand
((8, 9, 15, 16, 17, 18, 19), (21, 11, 10, 7, 14, 13, 12), (22, 7, 10, 11, 12, 13, 14))	4r95_ligand
((0, 1, 2, 3, 4, 15, 16), (3, 4, 5, 12, 13, 14, 15), (4, 5, 7, 8, 9, 11, 12), (5, 4, 3, 2, 1, 16, 15), (6, 5, 4, 15, 14, 13, 12), (6, 5, 7, 8, 9, 11, 12), (7, 5, 4, 15, 14, 13, 12), (10, 9, 8, 7, 5, 12, 11), (11, 12, 5, 4, 15, 14, 13), (13, 12, 5, 7, 8, 9, 11), (14, 15, 4, 3, 2, 1, 16), (16, 15, 4, 5, 12, 13, 14), (17, 16, 1, 2, 3, 4, 15), (18, 16, 1, 2, 3, 4, 15), (20, 1, 2, 3, 4, 15, 16))	4res_ligand
((0, 10, 5, 6, 7, 8, 9), (3, 2, 1, 0, 10, 5, 4), (4, 5, 6, 7, 8, 9, 10), (6, 5, 4, 2, 1, 0, 10), (7, 8, 9, 11, 12, 14, 15), (9, 10, 0, 1, 2, 4, 5), (10, 9, 8, 15, 14, 12, 11), (11, 9, 8, 7, 6, 5, 10), (13, 12, 11, 9, 8, 15, 14), (15, 8, 7, 6, 5, 10, 9), (16, 15, 8, 9, 11, 12, 14), (17, 15, 8, 9, 11, 12, 14), (19, 14, 12, 11, 9, 8, 15), (20, 14, 12, 11, 9, 8, 15), (21, 10, 0, 1, 2, 4, 5), (21, 10, 5, 6, 7, 8, 9))	4ret_ligand
((12, 13, 14, 15, 16, 17, 18),)	4rsc_ligand
((3, 1, 0, 18, 19, 20, 21), (22, 21, 1, 0, 18, 19, 20))	4rx7_ligand
((16, 14, 13, 2, 1, 0, 15), (17, 13, 2, 1, 0, 15, 14))	4rx8_ligand
((14, 0, 1, 15, 16, 17, 18), (19, 18, 0, 1, 15, 16, 17))	4rx9_ligand
((22, 23, 6, 27, 26, 25, 24),)	4tlr_ligand
((24, 25, 6, 7, 8, 9, 10),)	4tn2_ligand
((16, 17, 18, 19, 20, 21, 22),)	4tsz_ligand
((25, 16, 12, 14, 17, 15, 13), (30, 17, 14, 12, 16, 13, 15))	4tv3_ligand
((0, 4, 7, 3, 8, 5, 9), (0, 6, 1, 5, 8, 3, 10), (1, 5, 8, 3, 7, 4, 9), (1, 6, 0, 4, 7, 3, 10), (2, 5, 1, 6, 0, 4, 9), (2, 5, 1, 6, 10, 3, 8), (2, 5, 8, 3, 7, 4, 9), (7, 3, 8, 5, 1, 6, 10), (7, 4, 0, 6, 1, 5, 9), (8, 3, 7, 4, 0, 6, 10), (8, 5, 1, 6, 0, 4, 9), (9, 4, 0, 6, 10, 3, 7), (9, 5, 1, 6, 10, 3, 8), (10, 3, 7, 4, 9, 5, 8), (10, 6, 0, 4, 9, 5, 1), (11, 3, 7, 4, 0, 6, 10), (11, 3, 7, 4, 9, 5, 8), (11, 3, 8, 5, 1, 6, 10), (12, 4, 0, 6, 1, 5, 9), (12, 4, 0, 6, 10, 3, 7), (12, 4, 7, 3, 8, 5, 9))	4twd_ligand
((6, 25, 20, 21, 22, 23, 24), (19, 20, 21, 22, 23, 24, 25))	4tww_ligand
((18, 19, 20, 21, 22, 23, 24), (25, 24, 19, 20, 21, 22, 23))	4twy_ligand
((2, 1, 0, 3, 4, 5, 6), (7, 4, 3, 0, 1, 6, 5))	4ty6_ligand
((2, 8, 1, 6, 9, 7, 5), (24, 9, 6, 1, 8, 5, 7))	4ty7_ligand
((3, 2, 1, 0, 6, 5, 4), (7, 6, 0, 1, 2, 4, 5))	4u6r_ligand
((6, 7, 8, 9, 10, 11, 12),)	4u70_ligand
((4, 6, 7, 8, 9, 10, 11),)	4u71_ligand
((3, 2, 1, 0, 6, 5, 4), (7, 6, 0, 1, 2, 4, 5))	4u79_ligand
((5, 4, 3, 2, 1, 0, 6), (7, 1, 0, 6, 4, 3, 2), (8, 2, 1, 0, 6, 4, 3), (9, 3, 2, 1, 0, 6, 4), (17, 0, 1, 2, 3, 4, 6))	4uac_ligand
((0, 9, 4, 5, 6, 7, 8), (6, 7, 8, 10, 11, 12, 13), (9, 8, 7, 13, 12, 11, 10), (10, 8, 7, 6, 5, 4, 9), (13, 7, 6, 5, 4, 9, 8), (14, 13, 7, 8, 10, 11, 12), (16, 12, 11, 10, 8, 7, 13), (17, 12, 11, 10, 8, 7, 13), (18, 9, 4, 5, 6, 7, 8), (22, 8, 7, 6, 5, 4, 9), (22, 8, 7, 13, 12, 11, 10), (24, 10, 8, 7, 13, 12, 11))	4uda_ligand
((0, 1, 2, 3, 4, 5, 6), (3, 4, 5, 23, 24, 25, 31), (6, 5, 4, 31, 25, 24, 23), (7, 6, 1, 2, 3, 4, 5), (9, 1, 2, 3, 4, 5, 6), (11, 13, 14, 15, 16, 17, 18), (23, 5, 4, 3, 2, 1, 6), (30, 31, 4, 5, 23, 24, 25), (31, 4, 3, 2, 1, 6, 5), (32, 31, 4, 5, 23, 24, 25), (33, 3, 2, 1, 6, 5, 4))	4udb_ligand
((6, 5, 0, 1, 2, 3, 4),)	4uia_ligand
((7, 24, 25, 27, 29, 30, 26), (8, 9, 10, 11, 12, 13, 14), (28, 26, 24, 25, 27, 29, 30), (33, 26, 24, 25, 27, 29, 30))	4uib_ligand
((26, 27, 28, 29, 30, 32, 33), (34, 33, 27, 28, 29, 30, 32), (38, 32, 30, 29, 28, 27, 33))	4url_ligand
((26, 27, 28, 29, 30, 32, 33), (34, 33, 27, 28, 29, 30, 32), (38, 32, 30, 29, 28, 27, 33))	4urm_ligand
((10, 11, 12, 14, 15, 16, 17),)	4uyn_ligand
((11, 10, 9, 8, 7, 17, 16), (12, 10, 9, 8, 7, 17, 16), (15, 16, 10, 9, 8, 7, 17), (18, 17, 7, 8, 9, 10, 16))	4w97_ligand
((0, 1, 2, 4, 6, 8, 9), (3, 2, 1, 9, 8, 6, 4), (5, 4, 2, 1, 9, 8, 6), (7, 6, 4, 2, 1, 9, 8), (10, 9, 1, 2, 4, 6, 8))	4wsj_ligand
((0, 1, 2, 4, 6, 8, 9), (3, 2, 1, 9, 8, 6, 4), (5, 4, 2, 1, 9, 8, 6), (7, 6, 4, 2, 1, 9, 8), (10, 9, 1, 2, 4, 6, 8))	4wsk_ligand
((5, 10, 6, 8, 25, 9, 7), (13, 25, 8, 6, 10, 7, 9))	4wxi_ligand
((12, 13, 14, 15, 16, 17, 18), (19, 18, 13, 14, 15, 16, 17))	4wy3_ligand
((0, 1, 2, 3, 4, 14, 15), (5, 4, 3, 2, 1, 15, 14), (13, 14, 4, 3, 2, 1, 15), (16, 15, 1, 2, 3, 4, 14), (18, 1, 2, 3, 4, 14, 15))	4x1f_ligand
((6, 0, 1, 2, 3, 4, 5),)	4x6h_ligand
((2, 3, 7, 6, 5, 4, 15), (16, 3, 7, 6, 5, 4, 15))	4x6i_ligand
((2, 3, 4, 5, 6, 7, 8), (13, 3, 4, 5, 6, 7, 8))	4x6j_ligand
((6, 7, 5, 3, 1, 4, 8), (10, 4, 1, 3, 5, 7, 8), (11, 4, 1, 3, 5, 7, 8))	4xaq_ligand
((6, 7, 5, 3, 1, 4, 8), (10, 4, 1, 3, 5, 7, 8), (11, 4, 1, 3, 5, 7, 8))	4xar_ligand
((1, 5, 6, 7, 8, 4, 14), (3, 5, 6, 7, 8, 4, 14), (10, 4, 8, 7, 6, 5, 14), (11, 4, 8, 7, 6, 5, 14), (12, 7, 6, 5, 14, 4, 8))	4xas_ligand
((1, 2, 3, 4, 5, 6, 7),)	4xbb_ligand
((6, 7, 8, 9, 10, 11, 12),)	4xbd_ligand
((6, 1, 0, 5, 4, 3, 2), (7, 0, 1, 2, 3, 4, 5), (8, 3, 2, 1, 0, 5, 4), (10, 4, 3, 2, 1, 0, 5), (17, 5, 0, 1, 2, 3, 4))	4xcb_ligand
((4, 5, 6, 16, 15, 14, 7), (8, 7, 5, 6, 16, 15, 14), (17, 16, 6, 5, 7, 14, 15))	4xnw_ligand
((1, 17, 15, 16, 33, 32, 30), (2, 30, 17, 15, 16, 33, 32), (3, 32, 30, 17, 15, 16, 33), (10, 33, 16, 15, 17, 30, 32), (11, 16, 15, 17, 30, 32, 33), (12, 15, 16, 33, 32, 30, 17))	4xpj_ligand
((0, 1, 2, 4, 5, 9, 10), (3, 2, 1, 10, 9, 5, 4), (6, 5, 4, 2, 1, 10, 9), (11, 10, 1, 2, 4, 5, 9))	4y0a_ligand
((6, 12, 7, 14, 11, 15, 9), (6, 13, 8, 14, 11, 15, 10), (7, 12, 6, 13, 10, 15, 9), (7, 14, 8, 13, 10, 15, 11), (8, 13, 6, 12, 9, 15, 10), (8, 14, 7, 12, 9, 15, 11), (9, 12, 6, 13, 8, 14, 7), (9, 15, 10, 13, 8, 14, 11), (10, 13, 6, 12, 7, 14, 8), (10, 15, 9, 12, 7, 14, 11), (11, 14, 7, 12, 6, 13, 8), (11, 15, 9, 12, 6, 13, 10), (17, 15, 9, 12, 6, 13, 10), (17, 15, 9, 12, 7, 14, 11), (17, 15, 10, 13, 8, 14, 11))	4y2x_ligand
((20, 21, 3, 2, 1, 0, 22), (23, 1, 0, 22, 21, 3, 2))	4y46_ligand
((6, 7, 8, 9, 10, 11, 12), (13, 10, 9, 8, 7, 12, 11))	4y5h_ligand
((25, 26, 6, 5, 4, 28, 29), (27, 6, 5, 4, 28, 29, 26))	4y73_ligand
((6, 0, 1, 2, 3, 4, 5), (11, 1, 0, 5, 4, 3, 2), (16, 2, 1, 0, 5, 4, 3), (21, 3, 2, 1, 0, 5, 4), (26, 4, 3, 2, 1, 0, 5), (31, 5, 0, 1, 2, 3, 4))	4y94_ligand
((32, 10, 9, 23, 22, 8, 24),)	4ynd_ligand
((0, 1, 2, 7, 5, 4, 3), (6, 5, 4, 3, 1, 2, 7))	4yuw_ligand
((1, 3, 4, 5, 6, 7, 8), (2, 4, 3, 8, 7, 6, 5))	4z46_ligand
((28, 29, 30, 31, 32, 33, 34),)	4z9l_ligand
((11, 13, 14, 15, 16, 17, 18),)	4zpe_ligand
((11, 13, 14, 15, 16, 17, 18),)	4zpf_ligand
((21, 13, 14, 15, 22, 23, 24),)	4zpg_ligand
((3, 0, 5, 2, 6, 4, 7), (9, 7, 0, 5, 2, 6, 4))	4zsm_ligand
((4, 6, 5, 2, 1, 20, 7), (8, 7, 6, 5, 2, 1, 20), (11, 1, 2, 5, 6, 7, 20))	4zsp_ligand
((15, 3, 2, 1, 0, 12, 13), (16, 2, 1, 0, 12, 13, 3), (17, 3, 2, 1, 0, 12, 13), (19, 0, 1, 2, 3, 13, 12))	4zsq_ligand
((2, 17, 4, 15, 16, 13, 14), (3, 4, 15, 16, 13, 14, 17), (5, 4, 15, 16, 13, 14, 17), (18, 17, 4, 15, 16, 13, 14), (20, 16, 13, 14, 17, 4, 15))	4zsr_ligand
((3, 12, 13, 14, 4, 5, 15), (16, 4, 5, 15, 12, 13, 14))	4zy5_ligand
((16, 17, 18, 19, 20, 21, 22),)	5a81_ligand
((16, 17, 18, 19, 20, 21, 22),)	5a85_ligand
((64, 65, 66, 67, 68, 69, 70),)	5agv_ligand
((0, 4, 5, 6, 7, 8, 9), (2, 10, 11, 12, 13, 14, 15))	5ai5_ligand
((5, 6, 7, 8, 9, 10, 11),)	5aia_ligand
((12, 13, 14, 15, 16, 17, 18),)	5aki_ligand
((4, 5, 6, 7, 8, 9, 10),)	5akz_ligand
((5, 6, 7, 8, 9, 10, 11),)	5ald_ligand
((6, 3, 0, 4, 2, 5, 1), (7, 4, 0, 3, 1, 5, 2), (8, 5, 1, 3, 0, 4, 2))	5all_ligand
((14, 15, 16, 17, 18, 19, 20), (14, 15, 16, 24, 22, 21, 20), (15, 16, 17, 18, 23, 22, 24), (15, 20, 19, 18, 23, 22, 21), (17, 16, 15, 20, 21, 22, 24), (17, 18, 19, 20, 21, 22, 23), (19, 18, 17, 16, 24, 22, 23), (19, 20, 15, 16, 24, 22, 21), (21, 20, 15, 16, 17, 18, 19), (21, 22, 23, 18, 17, 16, 24), (23, 18, 17, 16, 15, 20, 19), (23, 22, 21, 20, 15, 16, 24), (24, 16, 15, 20, 19, 18, 17), (24, 22, 21, 20, 19, 18, 23), (25, 22, 21, 20, 15, 16, 24), (25, 22, 21, 20, 19, 18, 23), (25, 22, 23, 18, 17, 16, 24))	5alu_ligand
((13, 14, 15, 16, 17, 18, 19), (13, 14, 15, 16, 22, 21, 23), (13, 14, 19, 18, 20, 21, 23), (15, 14, 19, 18, 20, 21, 23), (15, 16, 17, 18, 20, 21, 22), (17, 16, 15, 14, 23, 21, 22), (17, 18, 19, 14, 23, 21, 20), (19, 14, 15, 16, 22, 21, 23), (19, 18, 17, 16, 22, 21, 20), (20, 18, 17, 16, 15, 14, 19), (20, 21, 22, 16, 15, 14, 23), (22, 16, 15, 14, 19, 18, 17), (22, 21, 20, 18, 19, 14, 23), (23, 14, 15, 16, 17, 18, 19), (23, 21, 20, 18, 17, 16, 22))	5alz_ligand
((12, 18, 13, 20, 17, 23, 15), (12, 19, 14, 20, 17, 23, 16), (13, 18, 12, 19, 16, 23, 15), (13, 20, 14, 19, 16, 23, 17), (14, 19, 12, 18, 15, 23, 16), (14, 20, 13, 18, 15, 23, 17), (15, 18, 12, 19, 14, 20, 13), (15, 23, 16, 19, 14, 20, 17), (16, 19, 12, 18, 13, 20, 14), (16, 23, 15, 18, 13, 20, 17), (17, 20, 13, 18, 12, 19, 14), (17, 23, 15, 18, 12, 19, 16), (24, 21, 8, 10, 22, 11, 9), (25, 23, 15, 18, 12, 19, 16), (25, 23, 15, 18, 13, 20, 17), (25, 23, 16, 19, 14, 20, 17), (29, 22, 10, 8, 21, 9, 11))	5am3_ligand
((5, 6, 7, 8, 9, 10, 11),)	5am4_ligand
((5, 10, 11, 12, 13, 14, 15),)	5am5_ligand
((25, 26, 27, 28, 29, 30, 31),)	5ap1_ligand
((25, 26, 27, 28, 29, 30, 31),)	5ap4_ligand
((12, 13, 15, 16, 17, 18, 19), (14, 13, 15, 16, 17, 18, 19), (20, 19, 13, 15, 16, 17, 18), (27, 26, 25, 24, 32, 30, 28), (31, 30, 28, 26, 25, 24, 32))	5awj_ligand
((0, 13, 14, 16, 23, 22, 21), (4, 21, 13, 14, 16, 23, 22), (12, 13, 14, 16, 23, 22, 21), (15, 14, 13, 21, 22, 23, 16), (17, 16, 14, 13, 21, 22, 23), (19, 16, 14, 13, 21, 22, 23), (20, 21, 13, 14, 16, 23, 22), (24, 23, 16, 14, 13, 21, 22), (25, 23, 16, 14, 13, 21, 22))	5c1m_ligand
((4, 9, 3, 8, 0, 1, 7), (5, 1, 0, 8, 3, 9, 7), (13, 9, 3, 8, 0, 1, 7), (18, 8, 0, 1, 7, 9, 3))	5cnj_ligand
((4, 9, 3, 8, 0, 1, 7), (5, 1, 0, 8, 3, 9, 7), (13, 9, 3, 8, 0, 1, 7), (18, 8, 0, 1, 7, 9, 3))	5cnm_ligand
((4, 2, 1, 0, 12, 11, 3),)	5ct1_ligand
((7, 8, 9, 10, 11, 12, 13),)	5ct2_ligand
((4, 9, 10, 1, 28, 27, 26),)	5cyi_ligand
((8, 9, 0, 2, 10, 11, 12), (13, 11, 10, 2, 0, 9, 12))	5dia_ligand
((6, 5, 0, 1, 2, 3, 4),)	5dit_ligand
((26, 27, 28, 2, 1, 0, 30), (29, 2, 1, 0, 30, 27, 28), (31, 0, 1, 2, 28, 27, 30))	5dwr_ligand
((29, 30, 31, 32, 33, 34, 35), (36, 32, 31, 30, 35, 34, 33), (37, 35, 30, 31, 32, 33, 34))	5ea5_ligand
((30, 31, 32, 34, 36, 35, 33),)	5er2_ligand
((20, 22, 23, 25, 27, 29, 32), (24, 23, 22, 32, 29, 27, 25), (26, 25, 23, 22, 32, 29, 27), (28, 27, 25, 23, 22, 32, 29), (30, 29, 27, 25, 23, 22, 32), (31, 29, 27, 25, 23, 22, 32), (53, 55, 56, 58, 60, 62, 65), (57, 56, 55, 65, 62, 60, 58), (59, 58, 56, 55, 65, 62, 60), (61, 60, 58, 56, 55, 65, 62), (63, 62, 60, 58, 56, 55, 65), (64, 62, 60, 58, 56, 55, 65))	6cgt_ligand
((23, 17, 18, 19, 20, 21, 22),)	7kme_ligand
