((8, 7, 6, 3, 2, 1, 0, 5, 4), (30, 29, 28, 25, 24, 23, 22, 27, 26))	1au0_ligand
((8, 7, 6, 3, 2, 1, 0, 5, 4), (30, 29, 28, 25, 24, 23, 22, 27, 26))	1ayu_ligand
((8, 7, 6, 3, 2, 1, 0, 5, 4), (31, 30, 29, 26, 25, 24, 23, 28, 27))	1ayv_ligand
((23, 25, 26, 27, 28, 29, 30, 31, 32),)	1b11_ligand
((16, 18, 0, 1, 2, 3, 4, 5, 6),)	1bgq_ligand
((0, 42, 24, 23, 20, 21, 22, 33, 39),)	1bl4_ligand
((0, 2, 3, 4, 5, 6, 7, 8, 9),)	1cgl_ligand
((9, 8, 7, 5, 4, 3, 2, 1, 6),)	1cj1_ligand
((5, 6, 20, 28, 29, 31, 32, 33, 30),)	1ct8_ligand
((2, 3, 4, 5, 6, 7, 8, 9, 10), (26, 27, 28, 29, 30, 31, 32, 33, 34))	1d4h_ligand
((16, 13, 12, 6, 7, 8, 9, 10, 11), (20, 15, 14, 0, 1, 2, 3, 4, 5))	1d4i_ligand
((2, 3, 4, 5, 6, 7, 8, 9, 10), (26, 27, 28, 29, 30, 31, 32, 33, 34))	1d4j_ligand
((17, 19, 20, 21, 22, 23, 24, 25, 26),)	1d8f_ligand
((0, 1, 2, 4, 5, 7, 9, 8, 6), (2, 1, 0, 10, 11, 13, 15, 14, 12))	1dzm_ligand
((0, 6, 21, 14, 15, 18, 19, 17, 16),)	1e55_ligand
((17, 30, 31, 0, 1, 2, 3, 4, 5),)	1ebw_ligand
((14, 13, 12, 6, 7, 8, 9, 10, 11), (17, 21, 22, 0, 1, 2, 3, 4, 5))	1eby_ligand
((14, 13, 12, 6, 7, 8, 9, 10, 11), (17, 21, 22, 0, 1, 2, 3, 4, 5))	1ebz_ligand
((14, 13, 12, 6, 7, 8, 9, 10, 11), (17, 21, 22, 0, 1, 2, 3, 4, 5))	1ec0_ligand
((14, 13, 12, 6, 7, 8, 9, 10, 11), (17, 29, 30, 0, 1, 2, 3, 4, 5))	1ec1_ligand
((14, 13, 12, 6, 7, 8, 9, 10, 11), (17, 29, 30, 0, 1, 2, 3, 4, 5))	1ec2_ligand
((14, 13, 12, 6, 7, 8, 9, 10, 11), (17, 29, 30, 0, 1, 2, 3, 4, 5))	1ec3_ligand
((13, 12, 1, 0, 29, 30, 31, 32, 34), (13, 12, 1, 2, 3, 4, 5, 6, 11))	1ezf_ligand
((0, 2, 3, 4, 5, 6, 7, 8, 9),)	1f9e_ligand
((0, 1, 18, 27, 28, 29, 30, 31, 32),)	1fkg_ligand
((44, 42, 41, 26, 25, 24, 23, 28, 27),)	1g35_ligand
((0, 2, 3, 4, 5, 7, 9, 8, 6), (53, 52, 45, 46, 47, 48, 51, 49, 50))	1hos_ligand
((20, 39, 40, 41, 42, 43, 44, 45, 46),)	1hps_ligand
((40, 42, 43, 44, 45, 46, 47, 48, 49),)	1hv5_ligand
((30, 13, 12, 11, 9, 8, 25, 23, 22),)	1i1e_ligand
((12, 13, 14, 16, 17, 18, 19, 20, 21),)	1i7z_ligand
((20, 5, 13, 12, 7, 8, 9, 10, 11),)	1ikv_ligand
((20, 5, 13, 12, 7, 8, 9, 10, 11),)	1ikw_ligand
((22, 23, 29, 30, 31, 33, 35, 34, 32),)	1j1a_ligand
((10, 9, 7, 6, 1, 2, 3, 4, 5),)	1j5i_ligand
((11, 20, 26, 27, 28, 29, 30, 31, 32),)	1jlx_ligand
((0, 18, 9, 10, 11, 12, 13, 14, 15),)	1jr1_ligand
((7, 6, 5, 2, 1, 0, 4, 10, 3),)	1jyq_ligand
((18, 19, 20, 21, 22, 28, 27, 26, 25),)	1l8g_ligand
((41, 47, 52, 56, 55, 54, 53, 58, 57),)	1lf3_ligand
((19, 20, 21, 22, 23, 24, 25, 26, 27),)	1lpk_ligand
((16, 17, 30, 32, 33, 35, 36, 37, 38),)	1lvc_ligand
((24, 26, 27, 28, 29, 30, 31, 32, 33),)	1me4_ligand
((16, 18, 19, 20, 21, 22, 23, 24, 25),)	1ms6_ligand
((13, 14, 15, 16, 17, 19, 20, 21, 22),)	1mzs_ligand
((7, 0, 18, 4, 3, 2, 1, 6, 5),)	1nh0_ligand
((17, 0, 1, 2, 3, 4, 5, 6, 7),)	1ni1_ligand
((7, 8, 9, 10, 11, 12, 13, 14, 15),)	1o1s_ligand
((47, 37, 36, 4, 3, 2, 1, 0, 5),)	1o46_ligand
((8, 9, 11, 12, 13, 14, 15, 16, 17),)	1o4k_ligand
((12, 13, 26, 28, 29, 31, 32, 33, 34),)	1o5p_ligand
((36, 35, 33, 32, 26, 27, 28, 29, 30),)	1ph0_ligand
((0, 2, 3, 4, 5, 7, 9, 8, 6),)	1ppm_ligand
((34, 33, 31, 30, 25, 26, 27, 28, 29),)	1pyn_ligand
((24, 23, 21, 20, 15, 16, 17, 18, 19),)	1q1m_ligand
((12, 13, 14, 16, 17, 18, 19, 20, 21),)	1q72_ligand
((17, 21, 22, 2, 1, 0, 5, 4, 3), (20, 23, 22, 2, 1, 0, 5, 4, 3))	1q91_ligand
((8, 7, 6, 5, 0, 1, 2, 3, 4),)	1qfs_ligand
((0, 2, 3, 4, 5, 7, 9, 8, 6),)	1qji_ligand
((34, 33, 31, 30, 25, 26, 27, 28, 29),)	1qxk_ligand
((2, 17, 7, 8, 9, 10, 11, 12, 13),)	1qyg_ligand
((3, 2, 0, 1, 33, 34, 35, 36, 37),)	1r6n_ligand
((11, 17, 18, 20, 21, 22, 23, 24, 25),)	1re8_ligand
((11, 17, 18, 20, 21, 22, 23, 24, 25),)	1rej_ligand
((11, 16, 18, 20, 21, 22, 23, 24, 25),)	1rek_ligand
((18, 19, 20, 21, 22, 23, 24, 25, 26),)	1rt2_ligand
((3, 2, 1, 18, 19, 20, 21, 22, 23),)	1sj0_ligand
((13, 15, 16, 17, 18, 19, 20, 22, 23),)	1snk_ligand
((21, 20, 18, 17, 14, 13, 12, 15, 16),)	1sve_ligand
((11, 10, 8, 7, 2, 3, 4, 5, 6),)	1tl7_ligand
((0, 24, 11, 9, 8, 7, 6, 5, 10), (0, 24, 11, 12, 13, 14, 15, 16, 17), (0, 24, 11, 18, 19, 20, 21, 22, 23), (11, 24, 0, 1, 2, 3, 4, 5, 10))	1tsl_ligand
((0, 25, 11, 9, 8, 7, 6, 5, 10), (0, 25, 11, 12, 13, 14, 15, 16, 17), (0, 25, 11, 18, 19, 20, 21, 22, 23), (11, 25, 0, 1, 2, 3, 4, 5, 10))	1tsm_ligand
((11, 10, 8, 7, 2, 3, 4, 5, 6),)	1u0h_ligand
((1, 2, 3, 4, 5, 6, 7, 8, 9),)	1u9q_ligand
((16, 14, 12, 9, 4, 1, 0, 3, 8),)	1utt_ligand
((20, 19, 18, 17, 14, 13, 12, 15, 16),)	1veb_ligand
((2, 1, 0, 34, 35, 36, 37, 38, 39),)	1vj9_ligand
((14, 15, 16, 17, 18, 19, 20, 21, 22), (14, 15, 16, 23, 24, 25, 26, 27, 28), (14, 15, 16, 29, 30, 31, 32, 33, 34))	1vyq_ligand
((24, 25, 9, 10, 11, 12, 13, 15, 14),)	1w0y_ligand
((14, 13, 12, 6, 7, 8, 9, 10, 11), (17, 21, 22, 0, 1, 2, 3, 4, 5))	1w5v_ligand
((14, 13, 12, 6, 7, 8, 9, 10, 11), (17, 21, 22, 0, 1, 2, 3, 4, 5))	1w5w_ligand
((14, 13, 12, 6, 7, 8, 9, 10, 11), (17, 21, 22, 0, 1, 2, 3, 4, 5))	1w5x_ligand
((14, 13, 12, 6, 7, 8, 9, 10, 11), (17, 21, 22, 0, 1, 2, 3, 4, 5))	1w5y_ligand
((7, 8, 6, 0, 1, 2, 3, 4, 5),)	1w6h_ligand
((6, 7, 8, 9, 10, 11, 12, 13, 14),)	1w7h_ligand
((29, 32, 33, 34, 35, 36, 37, 38, 39),)	1w7x_ligand
((7, 6, 5, 4, 1, 2, 3, 14, 13),)	1w83_ligand
((0, 36, 16, 23, 24, 25, 26, 27, 28),)	1w96_ligand
((19, 18, 17, 16, 14, 13, 12, 11, 25),)	1wbn_ligand
((2, 5, 18, 13, 8, 9, 16, 15, 14),)	1wbw_ligand
((24, 23, 21, 20, 15, 16, 17, 18, 19),)	1xbo_ligand
((25, 26, 27, 28, 29, 30, 31, 32, 34),)	1xkk_ligand
((1, 2, 5, 7, 8, 9, 10, 13, 14),)	1xm6_ligand
((3, 2, 1, 18, 19, 20, 21, 22, 23),)	1xp1_ligand
((3, 2, 1, 18, 19, 20, 21, 22, 23),)	1xp6_ligand
((3, 2, 1, 18, 19, 20, 21, 22, 23),)	1xp9_ligand
((3, 2, 1, 18, 19, 20, 21, 22, 23),)	1xpc_ligand
((6, 8, 9, 10, 11, 12, 13, 14, 15),)	1yk7_ligand
((31, 33, 34, 35, 36, 37, 38, 39, 40),)	1z6f_ligand
((1, 17, 18, 19, 21, 22, 23, 24, 25),)	1zeo_ligand
((11, 12, 13, 14, 15, 16, 17, 19, 20),)	1zky_ligand
((9, 11, 1, 2, 3, 4, 5, 6, 7),)	1zuc_ligand
((26, 27, 28, 30, 31, 32, 33, 34, 35),)	2amt_ligand
((0, 2, 3, 4, 5, 6, 7, 8, 9),)	2az8_ligand
((0, 2, 3, 4, 5, 6, 7, 8, 9),)	2az9_ligand
((0, 2, 3, 4, 5, 6, 7, 8, 9),)	2azb_ligand
((0, 2, 3, 4, 5, 6, 7, 8, 9), (33, 35, 36, 37, 38, 39, 40, 41, 42))	2azc_ligand
((9, 10, 11, 12, 13, 14, 15, 17, 18),)	2b1v_ligand
((28, 5, 4, 3, 2, 6, 7, 8, 9),)	2bks_ligand
((34, 5, 4, 3, 2, 6, 7, 8, 9),)	2bkt_ligand
((3, 4, 22, 23, 24, 26, 28, 27, 25),)	2bve_ligand
((17, 16, 14, 13, 8, 9, 10, 11, 12),)	2byr_ligand
((7, 6, 5, 4, 3, 2, 1, 27, 26),)	2c1a_ligand
((7, 6, 5, 4, 3, 2, 1, 28, 26),)	2c1b_ligand
((16, 17, 0, 1, 2, 3, 4, 5, 6),)	2cgf_ligand
((44, 43, 41, 40, 35, 36, 37, 38, 39),)	2cni_ligand
((6, 5, 4, 3, 2, 1, 0, 27, 26), (6, 5, 4, 20, 21, 22, 23, 24, 25))	2cvd_ligand
((19, 21, 22, 23, 24, 25, 28, 27, 26),)	2f6v_ligand
((10, 11, 12, 13, 14, 15, 16, 18, 19),)	2fai_ligand
((3, 2, 1, 4, 5, 6, 9, 8, 7),)	2fjm_ligand
((3, 2, 1, 4, 5, 6, 9, 8, 7),)	2fjn_ligand
((0, 1, 2, 4, 5, 7, 8, 10, 12),)	2fxs_ligand
((28, 27, 25, 22, 21, 20, 19, 24, 23),)	2g63_ligand
((0, 1, 2, 4, 5, 7, 8, 10, 12),)	2gfd_ligand
((23, 25, 26, 27, 28, 29, 30, 31, 32),)	2hah_ligand
((37, 39, 40, 41, 42, 43, 44, 45, 46),)	2hiz_ligand
((28, 30, 31, 32, 40, 41, 42, 43, 44),)	2hob_ligand
((13, 14, 15, 16, 5, 17, 18, 6, 7),)	2i0g_ligand
((13, 14, 15, 16, 5, 17, 18, 6, 7),)	2i0j_ligand
((10, 11, 12, 14, 15, 16, 17, 18, 19),)	2i40_ligand
((27, 25, 24, 11, 10, 9, 14, 13, 12),)	2is0_ligand
((16, 2, 0, 1, 3, 4, 5, 6, 7),)	2iws_ligand
((16, 1, 0, 2, 3, 4, 5, 6, 7),)	2iwu_ligand
((17, 23, 0, 1, 2, 3, 4, 5, 6),)	2iwx_ligand
((33, 34, 31, 26, 27, 29, 32, 30, 28),)	2j50_ligand
((7, 6, 5, 4, 3, 2, 1, 27, 26),)	2jdo_ligand
((7, 6, 5, 4, 3, 2, 1, 27, 26),)	2jdt_ligand
((3, 4, 5, 13, 14, 15, 16, 18, 19), (22, 21, 20, 2, 1, 0, 12, 11, 3))	2jj3_ligand
((9, 21, 8, 7, 6, 4, 2, 1, 24), (15, 25, 16, 17, 18, 31, 29, 27, 19))	2kdh_ligand
((8, 7, 6, 5, 0, 1, 2, 3, 4),)	2nww_ligand
((34, 36, 37, 38, 39, 43, 42, 41, 40),)	2oc2_ligand
((1, 2, 3, 4, 5, 6, 7, 8, 9),)	2op9_ligand
((4, 13, 14, 10, 15, 16, 19, 18, 17),)	2ow9_ligand
((27, 28, 29, 30, 31, 32, 33, 34, 35), (61, 63, 64, 65, 16, 17, 19, 20, 21))	2p3a_ligand
((27, 28, 29, 30, 31, 32, 33, 34, 35), (61, 63, 64, 65, 16, 17, 19, 20, 21))	2p3b_ligand
((27, 28, 29, 30, 31, 32, 33, 34, 35), (61, 63, 64, 65, 16, 17, 19, 20, 21))	2p3c_ligand
((27, 28, 29, 30, 31, 32, 33, 34, 35), (61, 63, 64, 65, 16, 17, 19, 20, 21))	2p3d_ligand
((12, 13, 14, 16, 17, 18, 19, 20, 21),)	2pgz_ligand
((2, 3, 37, 16, 15, 14, 13, 18, 17),)	2ph6_ligand
((8, 7, 6, 5, 0, 1, 2, 3, 4), (15, 18, 19, 23, 24, 28, 27, 26, 25))	2pj0_ligand
((8, 7, 6, 5, 0, 1, 2, 3, 4), (15, 18, 19, 23, 24, 28, 27, 26, 25))	2pj1_ligand
((19, 21, 22, 25, 26, 27, 28, 29, 30),)	2pj2_ligand
((15, 18, 19, 23, 24, 28, 27, 26, 25),)	2pj3_ligand
((8, 7, 6, 5, 0, 1, 2, 3, 4), (18, 21, 22, 26, 27, 31, 30, 29, 28))	2pj4_ligand
((8, 7, 6, 5, 0, 1, 2, 3, 4), (17, 20, 21, 25, 26, 30, 29, 28, 27))	2pj5_ligand
((8, 7, 6, 5, 0, 1, 2, 3, 4),)	2pja_ligand
((8, 7, 6, 5, 0, 1, 2, 3, 4),)	2pjb_ligand
((8, 7, 6, 5, 0, 1, 2, 3, 4), (27, 30, 31, 35, 36, 40, 39, 38, 37))	2pjc_ligand
((6, 7, 8, 14, 15, 16, 17, 19, 20),)	2pog_ligand
((28, 30, 31, 32, 40, 41, 42, 43, 44),)	2q6f_ligand
((0, 13, 1, 19, 6, 7, 8, 9, 21),)	2q70_ligand
((16, 18, 0, 1, 2, 3, 4, 5, 6),)	2q8i_ligand
((3, 4, 5, 13, 14, 15, 16, 18, 19), (22, 21, 20, 2, 1, 0, 12, 11, 3))	2qe4_ligand
((9, 30, 31, 32, 33, 34, 35, 36, 37),)	2qmd_ligand
((3, 4, 5, 6, 7, 8, 9, 11, 12), (24, 23, 22, 2, 1, 0, 16, 15, 3))	2qtu_ligand
((28, 8, 7, 4, 3, 2, 1, 0, 5),)	2qzk_ligand
((8, 7, 6, 5, 4, 3, 2, 1, 27),)	2r4b_ligand
((25, 24, 23, 20, 19, 18, 17, 22, 21),)	2rjp_ligand
((8, 23, 9, 26, 12, 11, 10, 13, 27),)	2usn_ligand
((10, 9, 8, 7, 4, 3, 2, 5, 6),)	2uup_ligand
((5, 9, 8, 11, 12, 13, 14, 15, 16),)	2uxu_ligand
((33, 34, 31, 28, 26, 27, 29, 32, 30),)	2v7a_ligand
((5, 6, 7, 9, 10, 11, 12, 13, 14),)	2v96_ligand
((8, 7, 6, 5, 0, 1, 2, 3, 4),)	2vj8_ligand
((10, 9, 8, 7, 4, 3, 2, 5, 6),)	2vtd_ligand
((11, 9, 8, 7, 4, 3, 2, 5, 6),)	2vte_ligand
((16, 15, 14, 0, 1, 2, 3, 4, 5), (16, 15, 14, 13, 8, 9, 10, 11, 12))	2w8g_ligand
((16, 18, 0, 1, 2, 3, 4, 5, 6),)	2wer_ligand
((12, 11, 9, 6, 1, 2, 3, 4, 7),)	2wgj_ligand
((8, 7, 6, 5, 0, 1, 2, 3, 4),)	2wwj_ligand
((34, 36, 37, 38, 39, 43, 42, 41, 40),)	2x96_ligand
((75, 77, 78, 79, 80, 81, 82, 83, 84),)	2xas_ligand
((16, 17, 0, 1, 2, 3, 4, 5, 6),)	2xd6_ligand
((8, 7, 6, 5, 0, 1, 2, 3, 4),)	2xdw_ligand
((1, 5, 6, 7, 8, 9, 10, 12, 13), (1, 5, 6, 21, 15, 16, 17, 19, 20), (1, 5, 6, 22, 2, 3, 4, 24, 23))	2xn6_ligand
((25, 29, 30, 31, 32, 33, 34, 36, 37), (25, 29, 30, 45, 39, 40, 41, 43, 44), (25, 29, 30, 46, 26, 27, 28, 48, 47))	2xn7_ligand
((3, 2, 1, 28, 29, 30, 31, 32, 33),)	2xnm_ligand
((3, 2, 1, 20, 21, 22, 23, 24, 25),)	2xnn_ligand
((15, 16, 17, 18, 19, 20, 21, 22, 23),)	2xno_ligand
((3, 2, 1, 29, 30, 31, 32, 33, 34),)	2xnp_ligand
((12, 11, 9, 6, 1, 2, 3, 4, 7),)	2xp2_ligand
((11, 10, 9, 8, 4, 3, 2, 6, 7),)	2xpc_ligand
((8, 7, 6, 5, 0, 1, 2, 3, 4),)	2xy9_ligand
((8, 7, 6, 5, 0, 1, 2, 3, 4),)	2xyd_ligand
((36, 29, 28, 2, 4, 6, 25, 26, 27),)	2y3p_ligand
((13, 16, 4, 12, 0, 9, 6, 1, 2),)	2y54_ligand
((9, 8, 1, 2, 3, 4, 5, 6, 7),)	2y56_ligand
((9, 8, 1, 2, 3, 4, 5, 6, 7),)	2y57_ligand
((17, 34, 16, 15, 11, 10, 12, 13, 14),)	2y67_ligand
((21, 22, 23, 24, 25, 26, 30, 31, 32),)	2y76_ligand
((17, 18, 19, 20, 21, 22, 23, 24, 25), (17, 18, 19, 26, 27, 28, 29, 30, 31), (17, 18, 19, 32, 33, 34, 35, 36, 37))	2y8c_ligand
((21, 31, 24, 16, 11, 5, 1, 6, 12),)	2ydw_ligand
((21, 31, 24, 16, 11, 5, 1, 6, 12),)	2yel_ligand
((21, 31, 24, 16, 11, 5, 1, 6, 12),)	2yem_ligand
((12, 11, 9, 6, 1, 2, 3, 4, 7),)	2yfx_ligand
((0, 13, 1, 19, 6, 7, 8, 9, 21),)	2z4b_ligand
((3, 2, 1, 4, 5, 7, 11, 10, 8),)	2za0_ligand
((16, 18, 0, 1, 2, 3, 4, 5, 6),)	2zbk_ligand
((8, 7, 6, 2, 1, 0, 5, 4, 3),)	2zu3_ligand
((8, 7, 6, 2, 1, 0, 5, 4, 3),)	2zu4_ligand
((35, 37, 38, 39, 40, 41, 42, 43, 44),)	2zu5_ligand
((35, 39, 40, 44, 43, 42, 41, 46, 45),)	2zzu_ligand
((15, 16, 17, 19, 20, 22, 24, 25, 26),)	3a4p_ligand
((20, 1, 7, 0, 2, 3, 4, 5, 6),)	3abu_ligand
((18, 19, 20, 21, 22, 23, 26, 25, 24),)	3acl_ligand
((27, 12, 11, 10, 8, 7, 23, 21, 20),)	3arq_ligand
((8, 7, 6, 5, 0, 1, 2, 3, 4),)	3aza_ligand
((8, 7, 6, 5, 0, 1, 2, 3, 4),)	3azb_ligand
((0, 1, 2, 3, 4, 5, 6, 7, 8), (2, 1, 0, 9, 8, 7, 12, 11, 10))	3b26_ligand
((0, 1, 2, 3, 4, 5, 6, 7, 8), (2, 1, 0, 9, 8, 7, 13, 11, 10))	3b28_ligand
((12, 13, 14, 15, 16, 17, 18, 19, 21),)	3bbt_ligand
((7, 16, 2, 0, 5, 4, 3, 15, 12),)	3bla_ligand
((35, 37, 38, 39, 40, 41, 42, 43, 44),)	3c72_ligand
((37, 17, 14, 10, 7, 4, 1, 5, 8),)	3c7q_ligand
((16, 18, 0, 1, 2, 3, 4, 5, 6),)	3cgy_ligand
((8, 7, 6, 5, 0, 1, 2, 3, 4),)	3cho_ligand
((4, 17, 16, 15, 2, 14, 13, 12, 11),)	3chp_ligand
((8, 7, 6, 5, 0, 1, 2, 3, 4),)	3chq_ligand
((10, 13, 14, 15, 16, 17, 18, 19, 20),)	3chr_ligand
((26, 17, 27, 18, 21, 20, 19, 28, 29),)	3cso_ligand
((13, 8, 7, 6, 0, 1, 2, 4, 5),)	3d04_ligand
((5, 7, 8, 9, 10, 11, 12, 13, 14),)	3d62_ligand
((17, 18, 19, 20, 21, 22, 25, 24, 23),)	3ddu_ligand
((18, 17, 16, 21, 22, 23, 24, 25, 26),)	3dei_ligand
((18, 17, 16, 21, 22, 23, 24, 25, 27),)	3dej_ligand
((3, 48, 49, 15, 16, 53, 52, 51, 50), (34, 35, 36, 37, 38, 39, 40, 41, 42))	3e0p_ligand
((27, 26, 17, 16, 9, 1, 25, 0, 24),)	3e16_ligand
((29, 13, 12, 11, 9, 8, 24, 22, 21),)	3f8f_ligand
((6, 7, 8, 9, 10, 11, 12, 13, 14),)	3fty_ligand
((15, 14, 13, 12, 11, 9, 8, 7, 17),)	3g90_ligand
((15, 14, 13, 12, 11, 9, 8, 7, 17),)	3g9l_ligand
((15, 14, 13, 12, 11, 9, 8, 7, 17),)	3g9n_ligand
((3, 4, 5, 6, 7, 8, 9, 10, 11),)	3gnv_ligand
((33, 36, 37, 38, 39, 40, 41, 42, 43),)	3gnw_ligand
((7, 10, 11, 16, 17, 18, 19, 20, 21),)	3gwv_ligand
((7, 10, 11, 16, 17, 18, 19, 20, 21),)	3gww_ligand
((26, 25, 24, 23, 16, 15, 14, 17, 22),)	3gz9_ligand
((8, 36, 35, 34, 6, 27, 26, 28, 33),)	3h0a_ligand
((18, 19, 20, 25, 26, 27, 30, 29, 28),)	3hf8_ligand
((8, 7, 6, 0, 1, 2, 3, 4, 5),)	3hll_ligand
((10, 14, 15, 16, 17, 18, 19, 20, 21),)	3hp2_ligand
((36, 38, 39, 40, 41, 42, 43, 44, 45),)	3hxb_ligand
((38, 40, 41, 42, 43, 44, 45, 46, 47),)	3hxc_ligand
((36, 38, 39, 40, 41, 42, 43, 44, 45),)	3hxd_ligand
((0, 21, 15, 17, 18, 19, 20, 24, 25),)	3ies_ligand
((28, 8, 10, 2, 0, 9, 7, 6, 4), (29, 11, 20, 19, 14, 15, 16, 17, 18))	3is9_ligand
((14, 18, 13, 21, 7, 5, 4, 6, 8),)	3iw8_ligand
((27, 28, 29, 30, 31, 32, 34, 35, 37),)	3ixk_ligand
((0, 36, 16, 23, 24, 25, 26, 27, 28),)	3jrx_ligand
((23, 2, 13, 26, 25, 30, 29, 28, 27),)	3jzk_ligand
((23, 22, 21, 19, 18, 17, 16, 15, 20),)	3k5c_ligand
((0, 1, 2, 3, 4, 5, 6, 7, 8),)	3kcf_ligand
((27, 28, 29, 30, 31, 32, 33, 34, 35), (61, 63, 64, 65, 16, 17, 19, 20, 21))	3kfn_ligand
((2, 4, 0, 6, 7, 8, 10, 11, 14),)	3kid_ligand
((13, 17, 18, 20, 21, 22, 24, 25, 27),)	3krw_ligand
((13, 17, 18, 20, 21, 22, 24, 25, 27),)	3krx_ligand
((27, 20, 16, 28, 25, 6, 24, 7, 26),)	3l8s_ligand
((13, 14, 9, 5, 4, 1, 2, 3, 6),)	3l9h_ligand
((2, 12, 13, 14, 15, 17, 19, 18, 16),)	3lc5_ligand
((9, 31, 6, 7, 0, 2, 19, 3, 1),)	3lco_ligand
((31, 34, 35, 36, 37, 38, 39, 40, 41),)	3mg7_ligand
((10, 9, 7, 4, 3, 2, 1, 6, 5),)	3ms9_ligand
((6, 9, 10, 11, 12, 13, 14, 15, 16),)	3mss_ligand
((12, 14, 15, 16, 17, 18, 19, 20, 21),)	3n45_ligand
((12, 14, 15, 16, 17, 18, 19, 20, 21),)	3n46_ligand
((8, 9, 10, 11, 12, 13, 22, 21, 20),)	3ni5_ligand
((16, 17, 9, 2, 0, 8, 6, 4, 3),)	3np7_ligand
((17, 18, 10, 2, 0, 7, 6, 4, 3),)	3np9_ligand
((16, 17, 9, 2, 0, 8, 6, 4, 3),)	3npa_ligand
((15, 18, 19, 20, 21, 22, 23, 24, 25),)	3nzw_ligand
((15, 18, 19, 20, 21, 22, 23, 24, 25),)	3nzx_ligand
((15, 14, 13, 8, 7, 9, 11, 12, 10),)	3o0j_ligand
((7, 8, 9, 10, 11, 12, 13, 14, 15),)	3oev_ligand
((0, 2, 3, 4, 5, 6, 7, 8, 9),)	3of8_ligand
((9, 21, 8, 7, 6, 4, 2, 1, 24), (15, 25, 16, 17, 18, 31, 29, 27, 19))	3oob_ligand
((6, 12, 42, 37, 38, 39, 40, 36, 41),)	3own_ligand
((30, 32, 33, 34, 35, 36, 37, 39, 40),)	3phe_ligand
((14, 17, 18, 19, 20, 21, 22, 23, 24),)	3q2g_ligand
((19, 7, 20, 21, 22, 23, 24, 25, 26),)	3q44_ligand
((25, 5, 17, 28, 29, 30, 31, 32, 33),)	3q4b_ligand
((34, 6, 0, 5, 7, 9, 11, 10, 8),)	3q5h_ligand
((18, 19, 21, 22, 23, 24, 25, 26, 27),)	3q7j_ligand
((17, 11, 6, 7, 8, 9, 14, 13, 12),)	3qiz_ligand
((13, 14, 5, 10, 1, 6, 7, 9, 11),)	3qkv_ligand
((15, 14, 13, 10, 9, 8, 7, 12, 11),)	3qsb_ligand
((4, 49, 35, 43, 21, 15, 18, 37, 40), (45, 32, 46, 44, 22, 16, 19, 38, 41))	3r5t_ligand
((13, 5, 12, 2, 0, 8, 7, 6, 4),)	3rde_ligand
((8, 7, 6, 0, 1, 2, 3, 4, 5),)	3roc_ligand
((16, 17, 9, 2, 0, 8, 6, 4, 3),)	3s0j_ligand
((17, 16, 14, 13, 8, 9, 10, 11, 12),)	3sh1_ligand
((17, 16, 14, 13, 8, 9, 10, 11, 12),)	3sio_ligand
((0, 2, 3, 4, 5, 6, 7, 8, 9), (56, 58, 59, 60, 61, 62, 63, 64, 65))	3slz_ligand
((4, 5, 13, 14, 15, 16, 17, 19, 20),)	3t1l_ligand
((2, 3, 12, 14, 15, 16, 17, 18, 19),)	3t1m_ligand
((4, 5, 13, 14, 15, 16, 17, 19, 20),)	3t2t_ligand
((30, 19, 33, 34, 35, 36, 37, 38, 39),)	3t8v_ligand
((23, 25, 26, 27, 28, 29, 30, 31, 32),)	3tlh_ligand
((20, 34, 22, 12, 4, 2, 5, 13, 9),)	3ty0_ligand
((22, 23, 29, 30, 31, 33, 35, 34, 32),)	3u8h_ligand
((13, 23, 18, 10, 6, 2, 0, 3, 7),)	3udm_ligand
((14, 25, 19, 11, 6, 3, 9, 4, 7),)	3udn_ligand
((13, 25, 18, 8, 6, 11, 5, 4, 10),)	3udp_ligand
((8, 18, 16, 22, 21, 26, 25, 24, 23),)	3udq_ligand
((14, 25, 19, 10, 5, 3, 8, 12, 7),)	3udy_ligand
((65, 13, 43, 47, 26, 22, 24, 45, 32),)	3upf_ligand
((22, 23, 24, 25, 26, 27, 29, 30, 31),)	3v51_ligand
((13, 12, 10, 9, 2, 3, 6, 7, 8), (13, 12, 10, 11, 19, 20, 21, 22, 23))	3v66_ligand
((0, 2, 3, 4, 5, 6, 7, 8, 9),)	3vb5_ligand
((31, 30, 28, 20, 15, 16, 17, 18, 19),)	3vvz_ligand
((41, 40, 39, 42, 43, 44, 45, 46, 47),)	3wdc_ligand
((41, 40, 39, 42, 43, 44, 45, 46, 47),)	3wdd_ligand
((41, 40, 39, 42, 43, 44, 45, 46, 47),)	3wde_ligand
((10, 12, 11, 8, 4, 9, 1, 6, 7), (11, 12, 10, 0, 2, 3, 5, 6, 7))	3wha_ligand
((12, 5, 11, 0, 1, 3, 4, 6, 2),)	3wzu_ligand
((12, 11, 9, 6, 1, 2, 3, 4, 7),)	3zbf_ligand
((26, 28, 25, 24, 21, 20, 19, 22, 23),)	3ztd_ligand
((22, 25, 26, 27, 28, 29, 30, 32, 31),)	3zxe_ligand
((3, 2, 1, 28, 29, 30, 31, 32, 33),)	4a4x_ligand
((12, 11, 9, 6, 1, 2, 3, 4, 7),)	4anq_ligand
((10, 15, 16, 17, 19, 18, 20, 22, 21),)	4at5_ligand
((9, 21, 8, 7, 6, 4, 2, 1, 24), (15, 25, 16, 17, 18, 31, 29, 27, 19))	4awm_ligand
((18, 28, 20, 21, 22, 23, 24, 25, 26),)	4b14_ligand
((0, 1, 2, 4, 5, 6, 7, 8, 9),)	4b35_ligand
((5, 6, 1, 8, 9, 10, 11, 12, 13),)	4b70_ligand
((13, 5, 12, 11, 10, 8, 6, 4, 27),)	4bbh_ligand
((6, 2, 3, 24, 25, 26, 27, 28, 29),)	4bid_ligand
((1, 2, 3, 5, 6, 7, 8, 9, 10),)	4btm_ligand
((14, 9, 8, 7, 4, 2, 1, 5, 6),)	4c94_ligand
((12, 11, 9, 6, 1, 2, 3, 4, 7),)	4c9w_ligand
((12, 11, 9, 8, 1, 2, 4, 5, 6),)	4c9x_ligand
((8, 7, 6, 9, 4, 2, 1, 3, 5),)	4ca5_ligand
((8, 7, 6, 9, 4, 2, 1, 3, 5),)	4ca6_ligand
((8, 7, 6, 9, 4, 2, 1, 3, 5),)	4ca7_ligand
((0, 2, 3, 4, 5, 6, 7, 8, 9),)	4ca8_ligand
((0, 6, 8, 9, 11, 12, 13, 14, 15),)	4cd0_ligand
((11, 28, 17, 10, 4, 12, 2, 1, 9),)	4cli_ligand
((11, 28, 17, 10, 4, 12, 2, 1, 9),)	4clj_ligand
((0, 7, 8, 9, 10, 11, 12, 13, 14),)	4cmo_ligand
((0, 6, 8, 9, 11, 12, 13, 14, 15),)	4cmt_ligand
((9, 27, 16, 8, 3, 10, 1, 0, 7),)	4cmu_ligand
((9, 23, 16, 7, 3, 10, 1, 0, 8),)	4cnh_ligand
((2, 1, 0, 4, 5, 6, 7, 8, 9),)	4dcd_ligand
((5, 9, 8, 11, 12, 13, 14, 15, 16),)	4deu_ligand
((22, 23, 24, 25, 26, 27, 29, 30, 31),)	4dgg_ligand
((25, 24, 11, 10, 6, 5, 7, 8, 9),)	4drk_ligand
((19, 21, 22, 35, 36, 40, 39, 38, 37),)	4drm_ligand
((19, 21, 22, 35, 36, 40, 39, 38, 37),)	4drn_ligand
((19, 21, 22, 35, 36, 40, 39, 38, 37),)	4dro_ligand
((19, 21, 22, 35, 36, 40, 39, 38, 37),)	4drp_ligand
((21, 20, 19, 22, 23, 24, 25, 26, 27),)	4dv8_ligand
((29, 5, 30, 4, 2, 1, 0, 27, 28),)	4ea3_ligand
((16, 18, 0, 1, 2, 3, 4, 5, 6),)	4egk_ligand
((5, 9, 8, 11, 12, 13, 14, 15, 16),)	4eh3_ligand
((8, 7, 6, 5, 0, 1, 2, 3, 4),)	4eh5_ligand
((8, 7, 6, 5, 0, 1, 2, 3, 4),)	4eh8_ligand
((15, 16, 17, 19, 2, 1, 23, 22, 20),)	4ehm_ligand
((23, 22, 14, 15, 16, 17, 18, 20, 21),)	4el9_ligand
((2, 1, 0, 4, 5, 6, 7, 8, 9),)	4f49_ligand
((15, 16, 17, 18, 19, 20, 22, 24, 26), (28, 29, 30, 32, 33, 34, 36, 38, 40))	4g8o_ligand
((15, 16, 17, 18, 19, 20, 22, 24, 26), (28, 29, 30, 32, 33, 34, 36, 38, 40))	4g8r_ligand
((12, 5, 11, 0, 1, 3, 4, 6, 2),)	4gs6_ligand
((10, 11, 12, 13, 14, 18, 17, 16, 15),)	4h38_ligand
((0, 2, 3, 4, 5, 6, 7, 8, 9),)	4imq_ligand
((0, 2, 3, 4, 5, 6, 7, 8, 9),)	4imz_ligand
((0, 2, 3, 4, 5, 6, 7, 8, 9),)	4inh_ligand
((26, 27, 28, 29, 30, 31, 32, 35, 36),)	4io8_ligand
((0, 2, 3, 4, 5, 6, 7, 8, 9),)	4j70_ligand
((9, 28, 10, 11, 12, 13, 14, 15, 31),)	4jpa_ligand
((24, 20, 26, 27, 28, 29, 30, 31, 32),)	4jql_ligand
((12, 20, 21, 22, 23, 24, 25, 27, 28),)	4jv7_ligand
((12, 20, 21, 22, 23, 24, 25, 27, 28),)	4jv9_ligand
((12, 20, 21, 22, 23, 24, 25, 27, 28),)	4jve_ligand
((9, 8, 7, 6, 0, 1, 3, 4, 5),)	4jwr_ligand
((18, 20, 22, 23, 24, 26, 28, 29, 30),)	4k19_ligand
((8, 7, 6, 5, 0, 1, 2, 3, 4),)	4k42_ligand
((23, 29, 28, 30, 31, 32, 33, 34, 35), (26, 27, 28, 30, 31, 32, 33, 34, 35))	4k43_ligand
((11, 12, 13, 14, 15, 19, 18, 17, 16),)	4kiu_ligand
((12, 11, 9, 8, 4, 3, 2, 1, 6),)	4knb_ligand
((16, 15, 13, 12, 10, 9, 8, 7, 11),)	4kz0_ligand
((1, 2, 3, 5, 6, 7, 10, 9, 8),)	4l0i_ligand
((0, 1, 2, 4, 5, 6, 9, 8, 7),)	4l31_ligand
((2, 3, 4, 6, 7, 8, 11, 10, 9),)	4l33_ligand
((38, 28, 23, 36, 12, 11, 34, 16, 40),)	4l8m_ligand
((12, 11, 9, 8, 5, 4, 3, 6, 7), (20, 22, 23, 17, 16, 15, 14, 13, 21))	4lrr_ligand
((2, 1, 0, 24, 23, 28, 27, 26, 25),)	4lsj_ligand
((16, 15, 14, 11, 10, 9, 8, 13, 12),)	4luz_ligand
((18, 17, 16, 9, 8, 7, 6, 5, 10),)	4m0e_ligand
((30, 31, 32, 33, 34, 39, 37, 36, 35),)	4mdn_ligand
((3, 4, 5, 7, 8, 9, 10, 11, 12), (13, 15, 16, 17, 18, 19, 20, 21, 22), (16, 15, 13, 12, 7, 8, 9, 10, 11))	4mg6_ligand
((15, 16, 17, 19, 20, 21, 22, 24, 25),)	4mg7_ligand
((3, 5, 6, 8, 9, 11, 12, 14, 15),)	4mg8_ligand
((3, 4, 5, 7, 8, 9, 10, 12, 13),)	4mg9_ligand
((7, 10, 11, 16, 17, 18, 19, 20, 21),)	4mm8_ligand
((26, 25, 10, 23, 7, 8, 9, 6, 21),)	4mq2_ligand
((5, 4, 10, 11, 12, 13, 14, 19, 20),)	4mvn_ligand
((5, 6, 7, 8, 9, 10, 11, 12, 13),)	4mw6_ligand
((23, 24, 25, 26, 27, 28, 29, 30, 31),)	4n4s_ligand
((0, 2, 3, 4, 5, 6, 7, 8, 9),)	4nnn_ligand
((0, 2, 3, 4, 5, 6, 7, 8, 9),)	4nnw_ligand
((8, 7, 6, 5, 0, 1, 2, 3, 4),)	4no1_ligand
((0, 2, 3, 4, 5, 6, 7, 8, 9),)	4no6_ligand
((0, 2, 3, 4, 5, 6, 7, 8, 9),)	4no8_ligand
((0, 2, 3, 4, 5, 6, 7, 8, 9),)	4no9_ligand
((33, 34, 35, 36, 37, 38, 39, 40, 41),)	4nzn_ligand
((8, 7, 6, 5, 0, 1, 2, 3, 4), (33, 34, 35, 36, 37, 38, 39, 40, 41))	4nzo_ligand
((2, 22, 23, 24, 7, 13, 12, 11, 26), (28, 30, 31, 10, 32, 9, 36, 8, 37))	4o97_ligand
((9, 8, 7, 6, 0, 1, 3, 4, 5),)	4oba_ligand
((9, 8, 7, 6, 0, 1, 3, 4, 5),)	4occ_ligand
((9, 8, 7, 6, 0, 1, 3, 4, 5),)	4odf_ligand
((9, 8, 7, 6, 0, 1, 3, 4, 5),)	4ogt_ligand
((9, 8, 7, 6, 0, 1, 3, 4, 5),)	4ogv_ligand
((21, 20, 19, 18, 15, 14, 13, 16, 17),)	4p4f_ligand
((11, 10, 1, 2, 3, 4, 5, 7, 8),)	4pg3_ligand
((11, 25, 10, 9, 8, 24, 23, 7, 36),)	4phu_ligand
((1, 2, 3, 4, 5, 6, 7, 8, 9),)	4r02_ligand
((4, 6, 7, 13, 8, 9, 10, 11, 12),)	4rkx_ligand
((3, 15, 8, 9, 10, 11, 12, 13, 14),)	4rlt_ligand
((0, 2, 3, 4, 5, 7, 9, 8, 6),)	4tmn_ligand
((17, 16, 14, 13, 8, 7, 9, 10, 12),)	4tte_ligand
((24, 26, 27, 40, 41, 45, 44, 43, 42),)	4tw6_ligand
((29, 28, 15, 14, 10, 9, 11, 12, 13),)	4tw7_ligand
((42, 41, 28, 27, 23, 22, 24, 25, 26),)	4tw8_ligand
((11, 28, 17, 10, 4, 12, 2, 1, 9),)	4uxl_ligand
((15, 17, 18, 19, 20, 21, 22, 23, 24),)	4v24_ligand
((16, 15, 14, 17, 18, 0, 1, 2, 19),)	4wyy_ligand
((14, 13, 12, 15, 16, 0, 1, 2, 17),)	4wz4_ligand
((14, 13, 12, 15, 16, 0, 1, 2, 17),)	4wz5_ligand
((15, 16, 17, 18, 19, 20, 21, 22, 24),)	4xbb_ligand
((13, 22, 12, 10, 9, 8, 11, 21, 20),)	4xm8_ligand
((11, 17, 13, 10, 3, 1, 0, 2, 4),)	4y2t_ligand
((10, 9, 8, 11, 0, 1, 14, 13, 12),)	4y5d_ligand
((32, 33, 34, 35, 36, 37, 38, 39, 40),)	4ybm_ligand
((11, 10, 1, 2, 3, 4, 5, 7, 8),)	4ycu_ligand
((11, 10, 1, 2, 3, 4, 5, 7, 8),)	4ycv_ligand
((11, 10, 1, 2, 3, 4, 5, 7, 8),)	4ycw_ligand
((13, 12, 6, 5, 0, 1, 2, 3, 4), (16, 11, 6, 5, 0, 1, 2, 3, 4))	4yih_ligand
((13, 12, 6, 5, 0, 1, 2, 3, 4), (16, 11, 6, 5, 0, 1, 2, 3, 4))	4yik_ligand
((11, 20, 15, 9, 3, 1, 8, 2, 4),)	4yuz_ligand
((14, 15, 16, 20, 21, 22, 23, 24, 25),)	4z2b_ligand
((3, 37, 35, 38, 39, 40, 41, 42, 43),)	4zed_ligand
((1, 2, 3, 4, 0, 8, 7, 6, 5),)	4zl4_ligand
()	5agi_ligand
()	5agj_ligand
((11, 25, 19, 9, 1, 0, 8, 6, 7), (21, 26, 12, 7, 6, 8, 0, 1, 9))	5avi_ligand
((41, 40, 39, 42, 43, 44, 45, 46, 47),)	5cs2_ligand
((5, 18, 13, 1, 0, 2, 15, 3, 14),)	5diq_ligand
((18, 20, 21, 34, 35, 39, 38, 37, 36),)	5dit_ligand
((9, 18, 6, 5, 0, 1, 2, 3, 4),)	5dj5_ligand
((0, 2, 3, 4, 5, 6, 7, 8, 9),)	5est_ligand
((23, 25, 26, 27, 28, 29, 30, 31, 32),)	5fiv_ligand
((0, 2, 3, 4, 5, 7, 9, 8, 6),)	5tmn_ligand
((23, 25, 26, 27, 28, 29, 30, 31, 32),)	6cpa_ligand
((23, 25, 26, 27, 28, 29, 30, 31, 32),)	6fiv_ligand
((0, 31, 1, 2, 3, 5, 7, 6, 4),)	7cpa_ligand
((0, 22, 1, 2, 3, 5, 7, 6, 4),)	8cpa_ligand
((0, 2, 3, 4, 5, 6, 7, 8, 9), (44, 46, 47, 48, 49, 50, 51, 52, 53))	9hvp_ligand
