((34, 41, 42, 43, 49, 44, 45, 46, 47),)	1a3e_ligand
((8, 10, 11, 12, 17, 13, 14, 15, 16),)	1a7c_ligand
((2, 11, 12, 13, 18, 14, 15, 16, 17),)	1a94_ligand
((23, 25, 26, 30, 32, 31, 27, 28, 29), (30, 32, 33, 37, 38, 39, 34, 35, 36))	1aaq_ligand
((21, 33, 34, 35, 40, 36, 37, 38, 39),)	1abt_ligand
((4, 6, 7, 8, 13, 9, 10, 11, 12), (8, 13, 14, 15, 20, 16, 17, 18, 19))	1apv_ligand
((4, 6, 7, 8, 13, 9, 10, 11, 12), (8, 13, 14, 15, 20, 16, 17, 18, 19))	1apw_ligand
((8, 11, 12, 17, 19, 18, 13, 14, 15),)	1aq7_ligand
((2, 4, 5, 6, 11, 7, 8, 9, 10),)	1avp_ligand
((23, 28, 29, 30, 35, 31, 32, 33, 34),)	1aze_ligand
((42, 47, 48, 49, 54, 50, 51, 52, 53),)	1azg_ligand
((7, 18, 19, 20, 28, 21, 8, 9, 10),)	1b0f_ligand
((18, 17, 11, 12, 10, 13, 14, 15, 16),)	1b11_ligand
((2, 9, 10, 11, 17, 12, 13, 14, 15),)	1b3g_ligand
((28, 33, 34, 35, 41, 36, 37, 38, 39), (35, 41, 42, 43, 48, 44, 45, 46, 47))	1b6j_ligand
((1, 5, 6, 10, 12, 11, 7, 8, 9), (2, 5, 6, 10, 12, 11, 7, 8, 9), (36, 38, 39, 40, 46, 41, 42, 43, 44))	1b6k_ligand
((30, 32, 33, 34, 40, 35, 36, 37, 38),)	1b6m_ligand
((2, 4, 5, 6, 11, 7, 8, 9, 10), (35, 37, 38, 39, 45, 40, 41, 42, 43))	1b6p_ligand
((2, 11, 12, 13, 18, 14, 15, 16, 17),)	1bai_ligand
((29, 36, 37, 38, 39, 44, 40, 41, 42),)	1bhf_ligand
()	1bjr_ligand
((14, 28, 29, 30, 35, 31, 32, 33, 34), (37, 43, 44, 45, 50, 46, 47, 48, 49))	1bm2_ligand
((9, 0, 1, 5, 8, 6, 2, 3, 4), (16, 0, 1, 5, 8, 6, 2, 3, 4))	1bm6_ligand
((29, 43, 44, 45, 50, 46, 47, 48, 49), (52, 58, 59, 60, 65, 61, 62, 63, 64))	1bmb_ligand
((10, 12, 13, 14, 19, 15, 16, 17, 18),)	1bmq_ligand
((45, 48, 49, 50, 55, 51, 52, 53, 54), (50, 55, 56, 57, 62, 58, 59, 60, 61), (57, 62, 63, 64, 70, 65, 66, 67, 68))	1br8_ligand
((11, 16, 17, 18, 23, 19, 20, 21, 22), (35, 42, 43, 44, 50, 45, 46, 47, 48))	1bt6_ligand
((6, 13, 14, 15, 20, 16, 17, 18, 19), (54, 57, 58, 59, 65, 60, 61, 62, 63), (59, 65, 66, 67, 73, 68, 69, 70, 71), (87, 93, 94, 95, 101, 96, 97, 98, 99))	1bxl_ligand
((9, 0, 2, 10, 13, 12, 4, 6, 8),)	1bxo_ligand
((9, 0, 2, 10, 13, 12, 4, 6, 8),)	1bxq_ligand
((21, 23, 24, 28, 30, 29, 25, 26, 27),)	1c3i_ligand
((31, 33, 34, 35, 40, 36, 37, 38, 39), (75, 77, 79, 83, 0, 84, 80, 81, 82), (78, 77, 79, 83, 0, 84, 80, 81, 82))	1c5f_ligand
((16, 21, 22, 23, 28, 24, 25, 26, 27),)	1ckb_ligand
((27, 32, 33, 34, 40, 35, 36, 37, 38), (34, 40, 41, 42, 47, 43, 44, 45, 46))	1cpi_ligand
((32, 34, 35, 36, 41, 37, 38, 39, 40), (76, 78, 80, 84, 0, 85, 81, 82, 83), (79, 78, 80, 84, 0, 85, 81, 82, 83))	1cwb_ligand
((26, 34, 35, 36, 41, 37, 38, 39, 40), (76, 78, 80, 84, 0, 85, 81, 82, 83), (79, 78, 80, 84, 0, 85, 81, 82, 83))	1cwc_ligand
((31, 33, 34, 35, 40, 36, 37, 38, 39), (75, 77, 79, 83, 0, 84, 80, 81, 82), (78, 77, 79, 83, 0, 84, 80, 81, 82))	1cyn_ligand
((35, 37, 38, 43, 45, 44, 39, 40, 41),)	1d4k_ligand
((2, 6, 7, 11, 13, 12, 8, 9, 10),)	1d4l_ligand
((25, 30, 31, 32, 38, 33, 34, 35, 36), (57, 64, 65, 66, 71, 67, 68, 69, 70))	1d4t_ligand
((16, 21, 22, 23, 29, 24, 25, 26, 27), (52, 59, 60, 61, 66, 62, 63, 64, 65))	1d4w_ligand
((8, 11, 12, 20, 21, 23, 13, 18, 19), (17, 11, 12, 20, 21, 23, 13, 18, 19))	1d5j_ligand
((0, 11, 12, 13, 18, 14, 15, 16, 17), (49, 42, 43, 44, 33, 45, 46, 47, 48))	1dif_ligand
((2, 11, 12, 13, 19, 14, 15, 16, 17),)	1dpu_ligand
((47, 56, 57, 58, 63, 59, 60, 61, 62), (125, 134, 135, 136, 141, 137, 138, 139, 140))	1dva_ligand
((6, 10, 11, 12, 17, 13, 14, 15, 16), (12, 17, 18, 19, 24, 20, 21, 22, 23), (19, 24, 25, 26, 32, 27, 28, 29, 30), (26, 32, 33, 34, 39, 35, 36, 37, 38), (45, 54, 55, 56, 62, 57, 58, 59, 60), (56, 62, 63, 64, 70, 65, 66, 67, 68))	1dxp_ligand
((31, 36, 37, 38, 44, 39, 40, 41, 42),)	1eb1_ligand
((18, 20, 21, 26, 28, 27, 22, 23, 24), (34, 36, 37, 42, 44, 43, 38, 39, 40))	1ebw_ligand
((18, 20, 38, 42, 44, 43, 39, 40, 41),)	1ebz_ligand
((18, 20, 21, 25, 27, 26, 22, 23, 24), (33, 35, 36, 40, 42, 41, 37, 38, 39))	1ec1_ligand
((18, 20, 21, 25, 27, 26, 22, 23, 24), (33, 35, 36, 40, 42, 41, 37, 38, 39))	1ec2_ligand
((18, 20, 21, 25, 27, 26, 22, 23, 24), (33, 35, 36, 40, 42, 41, 37, 38, 39))	1ec3_ligand
((0, 6, 7, 8, 13, 9, 10, 11, 12),)	1ele_ligand
((22, 29, 30, 31, 36, 32, 33, 34, 35),)	1elr_ligand
((74, 79, 80, 81, 87, 82, 83, 84, 85),)	1eoj_ligand
((72, 77, 78, 79, 85, 80, 81, 82, 83),)	1eol_ligand
((9, 0, 1, 5, 8, 6, 2, 3, 4), (16, 0, 1, 5, 8, 6, 2, 3, 4))	1eub_ligand
((13, 20, 21, 22, 27, 23, 24, 25, 26),)	1f1j_ligand
((47, 53, 54, 55, 61, 56, 57, 58, 59),)	1f47_ligand
((35, 42, 43, 44, 49, 45, 46, 47, 48),)	1f90_ligand
((20, 27, 28, 29, 34, 30, 31, 32, 33),)	1f9e_ligand
((11, 17, 18, 19, 25, 20, 21, 22, 23),)	1fhr_ligand
((5, 8, 9, 10, 15, 11, 12, 13, 14),)	1fiv_ligand
((2, 9, 10, 11, 16, 12, 13, 14, 15),)	1fkn_ligand
((31, 24, 25, 26, 15, 27, 28, 29, 30),)	1fmb_ligand
((56, 61, 62, 63, 69, 64, 65, 66, 67),)	1fo0_ligand
((1, 0, 4, 10, 14, 11, 5, 6, 7),)	1ftk_ligand
((1, 0, 4, 10, 14, 11, 5, 6, 7),)	1fw0_ligand
((5, 19, 20, 21, 26, 22, 23, 24, 25), (28, 34, 35, 36, 41, 37, 38, 39, 40))	1fyr_ligand
((17, 27, 28, 29, 34, 30, 31, 32, 33),)	1fzj_ligand
((17, 27, 28, 29, 34, 30, 31, 32, 33),)	1fzm_ligand
((21, 27, 28, 29, 35, 30, 31, 32, 33),)	1g1e_ligand
((2, 4, 5, 14, 15, 18, 19, 20, 21), (2, 4, 5, 14, 15, 18, 19, 20, 22), (2, 4, 5, 14, 15, 18, 19, 21, 22))	1g27_ligand
((6, 13, 14, 18, 20, 19, 15, 16, 17),)	1g2a_ligand
((2, 5, 6, 7, 12, 8, 9, 10, 11), (14, 19, 20, 21, 27, 22, 23, 24, 25))	1g3f_ligand
((2, 6, 7, 8, 14, 9, 10, 11, 12),)	1g6r_ligand
((74, 79, 80, 81, 86, 82, 83, 84, 85),)	1gag_ligand
((0, 3, 4, 5, 10, 6, 7, 8, 9), (26, 31, 32, 33, 38, 34, 35, 36, 37))	1gbq_ligand
((37, 39, 40, 41, 46, 42, 43, 44, 45), (41, 46, 47, 48, 54, 49, 50, 51, 52))	1gvu_ligand
((2, 5, 6, 7, 13, 8, 9, 10, 11),)	1gwq_ligand
((2, 7, 8, 9, 14, 10, 11, 12, 13),)	1h24_ligand
((14, 18, 19, 20, 26, 21, 22, 23, 24),)	1h3h_ligand
((16, 18, 19, 20, 25, 21, 22, 23, 24), (27, 37, 38, 39, 44, 40, 41, 42, 43))	1h6e_ligand
((14, 5, 13, 4, 19, 20, 2, 7, 17), (16, 5, 13, 4, 19, 20, 2, 7, 17))	1h8s_ligand
()	1h9l_ligand
((24, 26, 27, 31, 33, 32, 28, 29, 30), (31, 33, 34, 38, 40, 39, 35, 36, 37))	1hbv_ligand
((23, 32, 33, 34, 39, 35, 36, 37, 38), (34, 39, 40, 41, 47, 42, 43, 44, 45))	1hef_ligand
((23, 25, 26, 27, 32, 28, 29, 30, 31), (27, 32, 33, 34, 40, 35, 36, 37, 38))	1heg_ligand
((30, 37, 38, 39, 45, 40, 41, 42, 43),)	1hgt_ligand
((1, 3, 4, 8, 10, 9, 5, 6, 7), (38, 34, 33, 31, 30, 32, 35, 36, 37))	1hih_ligand
((1, 3, 4, 8, 10, 9, 5, 6, 7), (38, 34, 33, 31, 30, 32, 35, 36, 37))	1hii_ligand
((14, 20, 21, 22, 27, 23, 24, 25, 26),)	1him_ligand
((41, 43, 44, 45, 51, 46, 47, 48, 49),)	1hiv_ligand
((0, 10, 11, 15, 17, 16, 12, 13, 14), (53, 38, 39, 43, 29, 44, 40, 41, 42))	1hos_ligand
((20, 19, 18, 16, 15, 17, 22, 23, 24),)	1hps_ligand
((1, 23, 0, 6, 29, 28, 7, 4, 5),)	1hte_ligand
((2, 32, 1, 7, 33, 36, 0, 5, 6),)	1htf_ligand
((4, 43, 3, 2, 42, 49, 5, 6, 7),)	1htg_ligand
((0, 11, 12, 13, 18, 14, 15, 16, 17), (47, 40, 41, 42, 31, 43, 44, 45, 46))	1hvi_ligand
((0, 11, 12, 13, 18, 14, 15, 16, 17), (46, 39, 40, 41, 30, 42, 43, 44, 45))	1hvj_ligand
((0, 11, 12, 13, 18, 14, 15, 16, 17), (47, 40, 41, 42, 31, 43, 44, 45, 46))	1hvk_ligand
((0, 11, 12, 13, 18, 14, 15, 16, 17), (47, 40, 41, 42, 31, 43, 44, 45, 46))	1hvl_ligand
((0, 11, 12, 13, 18, 14, 15, 16, 17), (47, 40, 41, 42, 31, 43, 44, 45, 46))	1hvs_ligand
((16, 15, 14, 13, 33, 34, 35, 36, 37),)	1hxw_ligand
((16, 21, 22, 23, 29, 24, 25, 26, 27), (52, 59, 60, 61, 66, 62, 63, 64, 65))	1i3z_ligand
((27, 32, 33, 34, 40, 35, 36, 37, 38),)	1i5h_ligand
((2, 9, 10, 11, 16, 12, 13, 14, 15), (18, 22, 23, 24, 29, 25, 26, 27, 28), (24, 29, 30, 31, 36, 32, 33, 34, 35))	1i8h_ligand
((23, 33, 34, 35, 40, 36, 37, 38, 39), (35, 40, 41, 42, 47, 43, 44, 45, 46))	1i8i_ligand
((0, 3, 4, 5, 11, 6, 7, 8, 9),)	1iau_ligand
((10, 12, 13, 14, 30, 15, 16, 17, 18),)	1ida_ligand
((62, 74, 75, 76, 81, 77, 78, 79, 80),)	1idg_ligand
((82, 87, 88, 89, 95, 90, 91, 92, 93),)	1iht_ligand
((17, 16, 12, 10, 9, 11, 13, 14, 15),)	1inc_ligand
((8, 12, 13, 14, 19, 15, 16, 17, 18), (14, 19, 20, 21, 26, 22, 23, 24, 25), (28, 30, 31, 32, 37, 33, 34, 35, 36))	1inq_ligand
((46, 52, 53, 54, 59, 55, 56, 57, 58),)	1iq1_ligand
((2, 8, 9, 10, 15, 11, 12, 13, 14), (10, 15, 16, 17, 23, 18, 19, 20, 21))	1irs_ligand
((32, 39, 40, 41, 42, 20, 43, 44, 45),)	1is0_ligand
((41, 43, 44, 45, 51, 46, 47, 48, 49),)	1ivp_ligand
((59, 61, 62, 63, 68, 64, 65, 66, 67),)	1j19_ligand
((11, 17, 18, 19, 25, 20, 21, 22, 23),)	1j4k_ligand
((16, 23, 24, 25, 30, 26, 27, 28, 29), (77, 83, 84, 85, 90, 86, 87, 88, 89))	1j4q_ligand
((2, 5, 6, 7, 13, 8, 9, 10, 11), (32, 41, 42, 43, 49, 44, 45, 46, 47))	1jd5_ligand
((2, 5, 6, 7, 12, 8, 9, 10, 11),)	1jd6_ligand
((1, 0, 2, 20, 21, 25, 22, 23, 24), (3, 0, 2, 20, 21, 25, 22, 23, 24))	1jiz_ligand
((53, 58, 59, 60, 65, 61, 62, 63, 64),)	1jmq_ligand
((9, 16, 17, 18, 24, 19, 20, 21, 22),)	1jp5_ligand
((49, 57, 58, 59, 65, 60, 61, 62, 63),)	1jpl_ligand
((10, 13, 14, 15, 21, 16, 17, 18, 19),)	1jq8_ligand
((8, 12, 13, 14, 19, 15, 16, 17, 18), (14, 19, 20, 21, 27, 22, 23, 24, 25), (29, 31, 32, 33, 38, 34, 35, 36, 37))	1juf_ligand
((6, 8, 9, 16, 18, 17, 10, 11, 12),)	1jut_ligand
((18, 28, 29, 30, 35, 31, 32, 33, 34),)	1jwm_ligand
((18, 28, 29, 30, 35, 31, 32, 33, 34),)	1jws_ligand
((18, 28, 29, 30, 35, 31, 32, 33, 34),)	1jwu_ligand
((2, 11, 12, 13, 18, 14, 15, 16, 17),)	1jyc_ligand
((2, 8, 9, 10, 15, 11, 12, 13, 14),)	1jyi_ligand
((27, 6, 7, 8, 10, 9, 0, 1, 5),)	1k1p_ligand
((27, 6, 7, 8, 10, 9, 0, 1, 5),)	1k22_ligand
((16, 23, 24, 25, 30, 26, 27, 28, 29), (77, 86, 87, 88, 93, 89, 90, 91, 92))	1k3q_ligand
((36, 41, 42, 43, 49, 44, 45, 46, 47), (68, 75, 76, 77, 82, 78, 79, 80, 81))	1ka7_ligand
((33, 39, 40, 41, 47, 42, 43, 44, 45),)	1kat_ligand
((0, 3, 4, 5, 11, 6, 7, 8, 9),)	1kdv_ligand
((0, 3, 4, 5, 11, 6, 7, 8, 9),)	1kdy_ligand
((15, 21, 22, 23, 29, 24, 25, 26, 27), (31, 33, 34, 35, 41, 36, 37, 38, 39), (69, 76, 77, 78, 83, 79, 80, 81, 82))	1klg_ligand
((15, 21, 22, 23, 29, 24, 25, 26, 27), (68, 75, 76, 77, 82, 78, 79, 80, 81))	1klu_ligand
((21, 23, 29, 30, 32, 31, 26, 27, 28), (24, 23, 29, 30, 32, 31, 26, 27, 28))	1kzk_ligand
((2, 6, 7, 8, 13, 9, 10, 11, 12), (15, 20, 21, 22, 28, 23, 24, 25, 26))	1l0a_ligand
((71, 80, 81, 82, 87, 83, 84, 85, 86),)	1l2z_ligand
((45, 52, 53, 54, 60, 55, 56, 57, 58),)	1lb6_ligand
((48, 55, 56, 57, 63, 58, 59, 60, 61), (65, 70, 71, 72, 78, 73, 74, 75, 76))	1lcj_ligand
((64, 68, 69, 70, 75, 71, 72, 73, 74),)	1leg_ligand
((64, 68, 69, 70, 75, 71, 72, 73, 74),)	1lek_ligand
((53, 61, 62, 63, 69, 64, 65, 66, 67),)	1lf8_ligand
((26, 33, 34, 35, 36, 41, 37, 38, 39),)	1lkk_ligand
((3, 12, 8, 9, 11, 10, 5, 6, 7),)	1llb_ligand
((62, 74, 75, 76, 81, 77, 78, 79, 80),)	1lxh_ligand
((4, 6, 7, 8, 13, 9, 10, 11, 12), (8, 13, 14, 15, 20, 16, 17, 18, 19))	1lyb_ligand
((36, 38, 39, 40, 45, 41, 42, 43, 44),)	1m4h_ligand
()	1mf4_ligand
((43, 49, 50, 51, 56, 52, 53, 54, 55), (58, 63, 64, 65, 70, 66, 67, 68, 69))	1mfg_ligand
((33, 35, 36, 37, 42, 38, 39, 40, 41), (77, 79, 81, 85, 0, 86, 82, 83, 84), (80, 79, 81, 85, 0, 86, 82, 83, 84))	1mik_ligand
((27, 34, 35, 36, 42, 37, 38, 39, 40), (74, 81, 82, 83, 89, 84, 85, 86, 87))	1mq1_ligand
((12, 13, 14, 28, 29, 31, 15, 26, 27), (17, 13, 14, 28, 29, 31, 15, 26, 27))	1mrw_ligand
((12, 13, 14, 28, 29, 31, 15, 26, 27), (17, 13, 14, 28, 29, 31, 15, 26, 27))	1mrx_ligand
((12, 13, 14, 28, 29, 31, 15, 26, 27), (17, 13, 14, 28, 29, 31, 15, 26, 27))	1msm_ligand
((12, 13, 14, 28, 29, 31, 15, 26, 27), (17, 13, 14, 28, 29, 31, 15, 26, 27))	1msn_ligand
((21, 31, 32, 33, 39, 34, 35, 36, 37),)	1mtr_ligand
((1, 2, 12, 13, 14, 19, 16, 17, 18), (3, 2, 12, 13, 14, 19, 16, 17, 18))	1mui_ligand
((27, 34, 35, 36, 42, 37, 38, 39, 40), (74, 81, 82, 83, 89, 84, 85, 86, 87))	1mwn_ligand
((2, 11, 12, 13, 19, 14, 15, 16, 17),)	1mxl_ligand
()	1n1m_ligand
((91, 93, 94, 95, 101, 96, 97, 98, 99),)	1n4m_ligand
((43, 55, 56, 57, 62, 58, 59, 60, 61),)	1n7t_ligand
((0, 3, 4, 5, 10, 6, 7, 8, 9), (5, 10, 11, 18, 20, 19, 12, 13, 14), (5, 10, 11, 18, 20, 19, 12, 13, 15), (5, 10, 11, 18, 20, 19, 12, 14, 15))	1njt_ligand
((1, 8, 9, 14, 16, 15, 10, 11, 12), (1, 8, 9, 14, 16, 15, 10, 11, 13), (1, 8, 9, 14, 16, 15, 10, 12, 13), (14, 16, 17, 22, 24, 23, 18, 19, 20), (14, 16, 17, 22, 24, 23, 18, 19, 21), (14, 16, 17, 22, 24, 23, 18, 20, 21))	1nju_ligand
((1, 8, 9, 14, 16, 15, 10, 11, 12), (1, 8, 9, 14, 16, 15, 10, 11, 13), (1, 8, 9, 14, 16, 15, 10, 12, 13), (14, 16, 17, 22, 24, 23, 18, 19, 20), (14, 16, 17, 22, 24, 23, 18, 19, 21), (14, 16, 17, 22, 24, 23, 18, 20, 21))	1nkm_ligand
((40, 47, 48, 49, 55, 50, 51, 52, 53),)	1nlt_ligand
((6, 8, 9, 13, 14, 52, 10, 11, 12),)	1nmk_ligand
((19, 18, 17, 16, 15, 27, 28, 29, 33),)	1nt1_ligand
((37, 42, 43, 44, 49, 45, 46, 47, 48),)	1ntv_ligand
((10, 15, 16, 17, 23, 18, 19, 20, 21),)	1nu8_ligand
((43, 57, 58, 59, 65, 60, 61, 62, 63),)	1nzl_ligand
((18, 32, 33, 34, 40, 35, 36, 37, 38), (42, 56, 57, 58, 63, 59, 60, 61, 62))	1nzv_ligand
((36, 38, 39, 40, 45, 41, 42, 43, 44),)	1o9d_ligand
((94, 96, 97, 98, 104, 99, 100, 101, 102),)	1o9k_ligand
((10, 14, 15, 16, 21, 17, 18, 19, 20),)	1obx_ligand
((26, 28, 12, 13, 15, 29, 30, 14, 31),)	1ody_ligand
((14, 18, 19, 20, 26, 21, 22, 23, 24),)	1oeb_ligand
((22, 28, 29, 30, 35, 31, 32, 33, 34),)	1ok7_ligand
((24, 30, 31, 32, 38, 33, 34, 35, 36),)	1okv_ligand
((58, 60, 61, 62, 22, 63, 64, 65, 66),)	1okx_ligand
((24, 30, 31, 32, 38, 33, 34, 35, 36),)	1ol1_ligand
((40, 46, 47, 48, 54, 49, 50, 51, 52),)	1oqp_ligand
((48, 54, 55, 56, 61, 57, 58, 59, 60), (84, 96, 97, 98, 103, 99, 100, 101, 102))	1osg_ligand
((26, 29, 30, 31, 36, 32, 33, 34, 35),)	1oxg_ligand
((16, 19, 20, 21, 26, 22, 23, 24, 25),)	1oxn_ligand
((2, 5, 6, 7, 12, 8, 9, 10, 11), (14, 19, 20, 21, 27, 22, 23, 24, 25))	1oxq_ligand
((7, 14, 15, 16, 21, 17, 18, 19, 20), (16, 21, 22, 23, 28, 24, 25, 26, 27))	1oy7_ligand
((1, 0, 4, 10, 14, 11, 5, 6, 7),)	1p1n_ligand
((32, 38, 39, 40, 45, 41, 42, 43, 44),)	1p4u_ligand
((13, 20, 21, 22, 27, 23, 24, 25, 26),)	1pau_ligand
((11, 15, 16, 17, 23, 18, 19, 20, 21),)	1pcg_ligand
((9, 16, 17, 18, 23, 19, 20, 21, 22), (18, 23, 24, 25, 30, 26, 27, 28, 29))	1pip_ligand
((47, 51, 52, 53, 58, 54, 55, 56, 57),)	1pmx_ligand
((4, 6, 7, 8, 13, 9, 10, 11, 12), (8, 13, 14, 15, 20, 16, 17, 18, 19))	1ppk_ligand
((4, 6, 7, 8, 13, 9, 10, 11, 12), (8, 13, 14, 15, 25, 16, 17, 18, 19))	1ppl_ligand
((1, 3, 4, 11, 13, 12, 5, 6, 10),)	1pw6_ligand
((10, 16, 17, 18, 24, 19, 20, 21, 22),)	1py1_ligand
((5, 14, 15, 16, 21, 17, 18, 19, 20),)	1pyw_ligand
((6, 13, 14, 18, 20, 19, 15, 16, 17),)	1q1y_ligand
((30, 37, 38, 39, 45, 40, 41, 42, 43),)	1qj1_ligand
((30, 37, 38, 39, 45, 40, 41, 42, 43),)	1qj6_ligand
((30, 37, 38, 39, 45, 40, 41, 42, 43),)	1qj7_ligand
((2, 9, 10, 11, 16, 12, 13, 14, 15),)	1qkb_ligand
((31, 33, 34, 35, 40, 36, 37, 38, 39),)	1qng_ligand
((31, 33, 34, 35, 40, 36, 37, 38, 39),)	1qnh_ligand
((47, 62, 63, 64, 18, 65, 66, 67, 68),)	1qr3_ligand
((17, 22, 23, 24, 30, 25, 26, 27, 28),)	1qsc_ligand
()	1qwf_ligand
((12, 18, 19, 20, 25, 21, 22, 23, 24), (32, 37, 38, 39, 44, 40, 41, 42, 43), (84, 88, 89, 90, 96, 91, 92, 93, 94), (108, 115, 116, 117, 123, 118, 119, 120, 121))	1r2b_ligand
((15, 21, 22, 23, 29, 24, 25, 26, 27),)	1r5v_ligand
((15, 21, 22, 23, 29, 24, 25, 26, 27),)	1r5w_ligand
((13, 20, 21, 22, 27, 23, 24, 25, 26),)	1rhk_ligand
((0, 3, 4, 5, 10, 6, 7, 8, 9),)	1rhq_ligand
((16, 17, 19, 20, 25, 24, 21, 22, 23),)	1rhr_ligand
((4, 11, 12, 16, 18, 17, 13, 14, 15),)	1rtl_ligand
((9, 14, 15, 24, 26, 25, 12, 13, 17),)	1rxp_ligand
((0, 3, 4, 5, 10, 6, 7, 8, 9), (36, 42, 43, 44, 49, 45, 46, 47, 48))	1rzx_ligand
((21, 27, 28, 29, 35, 30, 31, 32, 33),)	1s5q_ligand
((39, 43, 44, 45, 51, 46, 47, 48, 49), (60, 65, 66, 67, 73, 68, 69, 70, 71))	1sfi_ligand
((16, 15, 14, 13, 33, 34, 35, 36, 37),)	1sh9_ligand
((2, 10, 11, 12, 18, 13, 14, 15, 16), (12, 18, 19, 20, 26, 21, 22, 23, 24))	1shc_ligand
((25, 32, 33, 34, 35, 40, 36, 37, 38),)	1shd_ligand
((23, 25, 26, 30, 32, 31, 27, 28, 29), (30, 32, 33, 37, 39, 38, 34, 35, 36))	1siv_ligand
((9, 16, 17, 18, 23, 19, 20, 21, 22), (18, 23, 24, 25, 31, 26, 27, 28, 29))	1sje_ligand
((9, 16, 17, 18, 23, 19, 20, 21, 22), (18, 23, 24, 25, 31, 26, 27, 28, 29))	1sjh_ligand
((24, 23, 22, 20, 19, 21, 41, 42, 43), (28, 27, 26, 24, 23, 25, 44, 45, 46))	1sme_ligand
((35, 42, 43, 44, 50, 45, 46, 47, 48),)	1sps_ligand
()	1t29_ligand
((28, 34, 35, 36, 42, 37, 38, 39, 40), (54, 61, 62, 63, 68, 64, 65, 66, 67))	1t2v_ligand
((10, 13, 14, 15, 21, 16, 17, 18, 19),)	1t37_ligand
()	1t4s_ligand
()	1ta6_ligand
((35, 43, 44, 45, 51, 46, 47, 48, 49),)	1tet_ligand
((23, 21, 19, 16, 14, 20, 22, 24, 25), (23, 21, 19, 16, 14, 20, 22, 24, 26), (23, 21, 19, 16, 14, 20, 22, 25, 26))	1tfq_ligand
((23, 21, 19, 16, 14, 20, 22, 24, 25), (23, 21, 19, 16, 14, 20, 22, 24, 26), (23, 21, 19, 16, 14, 20, 22, 25, 26))	1tft_ligand
((78, 84, 85, 86, 92, 87, 88, 89, 90),)	1thr_ligand
((30, 35, 36, 37, 43, 38, 39, 40, 41),)	1ths_ligand
((3, 2, 1, 0, 18, 26, 27, 28, 29),)	1tps_ligand
((1, 0, 4, 10, 14, 11, 5, 6, 7),)	1tt1_ligand
((29, 43, 44, 45, 50, 46, 47, 48, 49), (52, 58, 59, 60, 65, 61, 62, 63, 64))	1tze_ligand
((2, 6, 7, 8, 14, 9, 10, 11, 12), (44, 51, 52, 53, 59, 54, 55, 56, 57))	1u8t_ligand
((21, 26, 27, 28, 34, 29, 30, 31, 32),)	1u9l_ligand
((9, 21, 22, 23, 29, 24, 25, 26, 27),)	1uef_ligand
((16, 22, 23, 24, 29, 25, 26, 27, 28),)	1uj0_ligand
((10, 16, 17, 18, 24, 19, 20, 21, 22),)	1ujj_ligand
((10, 16, 17, 18, 24, 19, 20, 21, 22),)	1ujk_ligand
((29, 35, 36, 37, 42, 38, 39, 40, 41),)	1uti_ligand
((20, 22, 23, 27, 29, 28, 24, 25, 26), (58, 57, 53, 51, 50, 52, 54, 55, 56))	1vij_ligand
((20, 22, 23, 27, 29, 28, 24, 25, 26), (58, 57, 53, 51, 50, 52, 54, 55, 56))	1vik_ligand
((14, 20, 21, 22, 27, 23, 24, 25, 26), (36, 40, 41, 42, 47, 43, 44, 45, 46))	1vj6_ligand
((30, 37, 38, 39, 45, 40, 41, 42, 43),)	1vr1_ligand
((8, 11, 12, 13, 18, 14, 15, 16, 17), (46, 53, 54, 55, 61, 56, 57, 58, 59))	1vyj_ligand
((43, 31, 32, 36, 17, 37, 33, 34, 35),)	1w6h_ligand
((6, 13, 14, 18, 20, 19, 15, 16, 17),)	1ws1_ligand
((26, 23, 24, 0, 2, 1, 21, 22, 25),)	1wss_ligand
((40, 43, 44, 45, 50, 46, 47, 48, 49),)	1x8s_ligand
((17, 20, 21, 22, 27, 23, 24, 25, 26), (22, 27, 28, 29, 34, 30, 31, 32, 33))	1xh3_ligand
((2, 6, 7, 8, 14, 9, 10, 11, 12), (45, 52, 53, 54, 60, 55, 56, 57, 58))	1xhm_ligand
((1, 0, 4, 10, 14, 11, 5, 6, 7),)	1xhy_ligand
((36, 43, 44, 45, 50, 46, 47, 48, 49),)	1xn2_ligand
((27, 34, 35, 36, 42, 37, 38, 39, 40), (50, 57, 58, 59, 64, 60, 61, 62, 63), (81, 83, 84, 85, 90, 86, 87, 88, 89))	1xn3_ligand
((40, 44, 45, 46, 51, 47, 48, 49, 50),)	1xr9_ligand
((5, 4, 0, 9, 11, 10, 1, 2, 3), (35, 37, 38, 40, 44, 41, 39, 42, 43))	1xs7_ligand
((8, 20, 21, 22, 27, 23, 24, 25, 26),)	1y19_ligand
((6, 13, 14, 15, 21, 16, 17, 18, 19), (69, 71, 72, 73, 79, 74, 75, 76, 77))	1y2a_ligand
((8, 17, 18, 19, 24, 20, 21, 22, 23),)	1y3a_ligand
((16, 25, 26, 27, 32, 28, 29, 30, 31), (50, 55, 56, 57, 62, 58, 59, 60, 61))	1y98_ligand
((28, 30, 31, 35, 37, 36, 32, 33, 34),)	1ym2_ligand
((29, 28, 27, 25, 24, 26, 38, 39, 40),)	1ym4_ligand
((49, 51, 52, 56, 58, 57, 53, 54, 55),)	1ynd_ligand
((8, 9, 10, 11, 12, 14, 17, 18, 22),)	1yqy_ligand
((8, 6, 26, 13, 1, 12, 28, 29, 30), (27, 6, 26, 13, 1, 12, 28, 29, 30))	1yt9_ligand
((13, 16, 17, 18, 23, 19, 20, 21, 22),)	1yvh_ligand
((8, 22, 9, 11, 26, 25, 23, 10, 24),)	1z1h_ligand
()	1zea_ligand
((20, 34, 35, 36, 42, 37, 38, 39, 40),)	1zfp_ligand
((25, 30, 31, 32, 38, 33, 34, 35, 36),)	1zh7_ligand
((40, 47, 48, 49, 54, 50, 51, 52, 53),)	1zkk_ligand
((10, 13, 14, 15, 21, 16, 17, 18, 19),)	1zm6_ligand
((25, 16, 17, 18, 4, 19, 20, 21, 22),)	1zom_ligand
((17, 16, 12, 11, 10, 24, 13, 14, 15),)	1zpb_ligand
((23, 16, 17, 18, 4, 19, 20, 21, 22),)	1zpc_ligand
((27, 28, 31, 32, 34, 33, 6, 7, 8),)	1ztq_ligand
((20, 22, 23, 24, 30, 25, 26, 27, 28),)	1zub_ligand
((11, 14, 19, 20, 22, 21, 18, 24, 25), (15, 14, 19, 20, 22, 21, 18, 24, 25))	1zxc_ligand
((1, 2, 25, 3, 0, 5, 26, 27, 28), (4, 2, 25, 3, 0, 5, 26, 27, 28))	1zyr_ligand
((52, 59, 60, 61, 67, 62, 63, 64, 65),)	2a0t_ligand
((23, 26, 27, 28, 33, 29, 30, 31, 32), (28, 33, 34, 35, 40, 36, 37, 38, 39), (47, 52, 53, 54, 60, 55, 56, 57, 58))	2a25_ligand
((0, 7, 8, 15, 17, 16, 9, 10, 14),)	2a4g_ligand
((0, 9, 10, 17, 19, 18, 11, 12, 13),)	2a4q_ligand
((0, 7, 8, 15, 17, 16, 9, 10, 11),)	2a4r_ligand
((4, 3, 2, 22, 24, 23, 1, 0, 26), (7, 3, 2, 22, 24, 23, 1, 0, 26))	2a8h_ligand
((10, 15, 16, 17, 23, 18, 19, 20, 21),)	2ajb_ligand
((6, 8, 9, 13, 15, 14, 10, 11, 12),)	2alv_ligand
((21, 23, 29, 30, 32, 31, 26, 27, 28), (24, 23, 29, 30, 32, 31, 26, 27, 28))	2anl_ligand
((5, 11, 12, 13, 19, 14, 15, 16, 17),)	2aoc_ligand
((5, 11, 12, 13, 19, 14, 15, 16, 17),)	2aod_ligand
((2, 11, 12, 13, 18, 14, 15, 16, 17),)	2aoe_ligand
((5, 10, 11, 12, 18, 13, 14, 15, 16),)	2aog_ligand
((51, 58, 59, 60, 66, 61, 62, 63, 64),)	2aoj_ligand
((37, 42, 43, 44, 50, 45, 46, 47, 48),)	2aq9_ligand
((2, 4, 5, 10, 12, 11, 6, 7, 8), (2, 4, 5, 10, 12, 11, 6, 7, 9), (2, 4, 5, 10, 12, 11, 6, 8, 9), (34, 33, 28, 26, 25, 27, 29, 30, 31), (34, 33, 28, 26, 25, 27, 29, 30, 32), (34, 33, 28, 26, 25, 27, 29, 31, 32))	2aqu_ligand
((27, 36, 37, 38, 43, 39, 40, 41, 42), (59, 67, 68, 69, 75, 70, 71, 72, 73))	2auc_ligand
((5, 10, 11, 12, 18, 13, 14, 15, 16),)	2avm_ligand
((5, 10, 11, 12, 18, 13, 14, 15, 16),)	2avq_ligand
((12, 15, 16, 17, 22, 18, 19, 20, 21),)	2az8_ligand
((12, 15, 16, 17, 22, 18, 19, 20, 21),)	2az9_ligand
((12, 15, 16, 17, 22, 18, 19, 20, 21),)	2azb_ligand
((12, 15, 16, 17, 22, 18, 19, 20, 21), (45, 48, 49, 50, 55, 51, 52, 53, 54))	2azc_ligand
((17, 24, 25, 26, 31, 27, 28, 29, 30), (40, 42, 43, 44, 49, 45, 46, 47, 48))	2b7f_ligand
((66, 71, 72, 73, 79, 74, 75, 76, 77),)	2bba_ligand
((12, 20, 19, 16, 18, 17, 21, 22, 24), (22, 31, 25, 26, 37, 27, 28, 29, 30))	2bcd_ligand
((24, 29, 30, 31, 36, 32, 33, 34, 35),)	2bgn_ligand
((31, 16, 34, 39, 42, 41, 35, 36, 38),)	2bqv_ligand
((51, 58, 59, 60, 65, 61, 62, 63, 64),)	2c2l_ligand
((31, 16, 34, 39, 42, 41, 35, 36, 38), (31, 16, 34, 39, 42, 41, 35, 36, 44), (31, 16, 34, 39, 42, 41, 35, 38, 44))	2cej_ligand
((33, 32, 28, 26, 24, 27, 29, 30, 31), (33, 32, 28, 26, 24, 27, 29, 30, 43), (33, 32, 28, 26, 24, 27, 29, 31, 43))	2cem_ligand
((33, 32, 28, 26, 24, 27, 29, 30, 31), (33, 32, 28, 26, 24, 27, 29, 30, 43), (33, 32, 28, 26, 24, 27, 29, 31, 43))	2cen_ligand
((5, 13, 14, 15, 21, 16, 17, 18, 19), (47, 54, 55, 56, 61, 57, 58, 59, 60))	2cia_ligand
((4, 0, 6, 10, 23, 2, 7, 8, 9), (4, 0, 6, 10, 23, 2, 7, 8, 22), (4, 0, 6, 10, 23, 2, 7, 9, 22))	2ddf_ligand
((9, 14, 15, 16, 21, 17, 18, 19, 20), (16, 21, 22, 23, 29, 24, 25, 26, 27), (96, 100, 101, 102, 108, 103, 104, 105, 106))	2df6_ligand
((8, 7, 2, 1, 13, 0, 3, 4, 6),)	2eep_ligand
((75, 80, 81, 82, 87, 83, 84, 85, 86),)	2emt_ligand
((31, 33, 34, 38, 40, 39, 35, 36, 37),)	2f3e_ligand
((9, 8, 7, 19, 21, 20, 4, 5, 6),)	2f3k_ligand
((0, 7, 8, 15, 19, 16, 9, 10, 14), (15, 19, 20, 17, 26, 18, 21, 22, 25), (24, 19, 20, 17, 26, 18, 21, 22, 25))	2f9u_ligand
((0, 7, 8, 15, 17, 16, 9, 10, 11),)	2f9v_ligand
((20, 27, 28, 29, 34, 30, 31, 32, 33),)	2fci_ligand
((23, 17, 18, 19, 4, 3, 20, 21, 22),)	2fda_ligand
()	2fl2_ligand
((16, 14, 7, 10, 19, 18, 8, 4, 9), (47, 46, 42, 40, 39, 41, 43, 44, 45))	2fle_ligand
((0, 7, 8, 13, 15, 14, 9, 10, 11), (0, 7, 8, 13, 15, 14, 9, 10, 12), (0, 7, 8, 13, 15, 14, 9, 11, 12), (13, 15, 17, 23, 25, 24, 18, 19, 20), (16, 15, 17, 23, 25, 24, 18, 19, 20))	2fm2_ligand
((16, 18, 19, 20, 25, 21, 22, 23, 24),)	2fmb_ligand
((13, 17, 18, 19, 25, 20, 21, 22, 23), (19, 25, 26, 27, 32, 28, 29, 30, 31))	2fts_ligand
((4, 0, 6, 10, 23, 2, 7, 8, 9), (4, 0, 6, 10, 23, 2, 7, 8, 22), (4, 0, 6, 10, 23, 2, 7, 9, 22))	2fv9_ligand
((35, 41, 42, 43, 49, 44, 45, 46, 47), (102, 112, 113, 114, 120, 115, 116, 117, 118))	2fx7_ligand
((35, 41, 42, 43, 49, 44, 45, 46, 47),)	2fx8_ligand
((35, 39, 40, 41, 47, 42, 43, 44, 45),)	2fx9_ligand
((70, 75, 76, 77, 82, 78, 79, 80, 81),)	2fys_ligand
((30, 33, 34, 38, 40, 39, 35, 36, 37),)	2g94_ligand
()	2gbf_ligand
()	2gbg_ligand
((71, 77, 78, 79, 84, 80, 81, 82, 83),)	2gph_ligand
((8, 14, 15, 22, 24, 23, 16, 17, 18),)	2gvf_ligand
((29, 38, 39, 40, 45, 41, 42, 43, 44),)	2h2g_ligand
((39, 44, 45, 46, 51, 47, 48, 49, 50),)	2h2h_ligand
((13, 20, 21, 22, 27, 23, 24, 25, 26),)	2h5i_ligand
((0, 3, 4, 5, 10, 6, 7, 8, 9), (12, 18, 19, 20, 25, 21, 22, 23, 24))	2h65_ligand
((24, 23, 22, 20, 19, 21, 41, 42, 43), (28, 27, 26, 24, 23, 25, 44, 45, 46))	2h6t_ligand
((18, 17, 11, 12, 10, 13, 14, 15, 16),)	2hah_ligand
((8, 13, 14, 15, 20, 16, 17, 18, 19), (53, 58, 59, 60, 65, 61, 62, 63, 64), (60, 65, 66, 67, 72, 68, 69, 70, 71))	2hmh_ligand
((10, 12, 13, 17, 19, 18, 14, 15, 16),)	2hob_ligand
((2, 5, 6, 7, 12, 8, 9, 10, 11),)	2i3h_ligand
((8, 14, 19, 20, 22, 21, 16, 17, 18), (13, 14, 19, 20, 22, 21, 16, 17, 18))	2i3i_ligand
((16, 23, 24, 25, 31, 26, 27, 28, 29),)	2jkr_ligand
((16, 23, 24, 25, 31, 26, 27, 28, 29),)	2jkt_ligand
((2, 9, 10, 11, 17, 12, 13, 14, 15), (11, 17, 18, 19, 25, 20, 21, 22, 23), (54, 63, 64, 65, 71, 66, 67, 68, 69))	2jnw_ligand
((16, 25, 26, 27, 33, 28, 29, 30, 31), (49, 61, 62, 63, 68, 64, 65, 66, 67))	2joa_ligand
((2, 8, 9, 10, 16, 11, 12, 13, 14),)	2jqi_ligand
((19, 26, 27, 28, 34, 29, 30, 31, 32), (95, 97, 98, 99, 104, 100, 101, 102, 103))	2jqk_ligand
((2, 8, 9, 10, 16, 11, 12, 13, 14),)	2jql_ligand
((20, 26, 27, 28, 34, 29, 30, 31, 32),)	2jup_ligand
((51, 63, 64, 65, 70, 66, 67, 68, 69), (89, 96, 97, 98, 104, 99, 100, 101, 102))	2k00_ligand
((13, 16, 17, 21, 23, 22, 18, 19, 20),)	2k2g_ligand
((34, 41, 42, 43, 48, 44, 45, 46, 47),)	2k3w_ligand
((73, 79, 80, 81, 87, 82, 83, 84, 85), (118, 125, 126, 127, 133, 128, 129, 130, 131), (135, 141, 142, 143, 148, 144, 145, 146, 147), (150, 159, 160, 161, 166, 162, 163, 164, 165))	2k7l_ligand
((77, 80, 81, 82, 88, 83, 84, 85, 86), (128, 134, 135, 136, 142, 137, 138, 139, 140))	2kbr_ligand
((24, 31, 32, 33, 39, 34, 35, 36, 37),)	2kbs_ligand
()	2knh_ligand
((104, 110, 111, 112, 118, 113, 114, 115, 116), (112, 118, 119, 120, 126, 121, 122, 123, 124))	2koh_ligand
((81, 88, 89, 90, 95, 91, 92, 93, 94),)	2kpl_ligand
((2, 11, 12, 13, 19, 14, 15, 16, 17),)	2krd_ligand
((89, 95, 96, 97, 102, 98, 99, 100, 101),)	2kup_ligand
((84, 91, 92, 93, 98, 94, 95, 96, 97),)	2kwn_ligand
((74, 80, 68, 67, 66, 77, 69, 58, 70),)	2l65_ligand
()	2l6e_ligand
((19, 26, 27, 28, 33, 29, 30, 31, 32),)	2l6j_ligand
((63, 73, 74, 75, 81, 76, 77, 78, 79), (75, 81, 82, 83, 89, 84, 85, 86, 87), (83, 89, 90, 91, 97, 92, 93, 94, 95))	2l8j_ligand
((18, 25, 26, 27, 33, 28, 29, 30, 31), (35, 42, 43, 44, 49, 45, 46, 47, 48), (44, 49, 50, 51, 57, 52, 53, 54, 55), (51, 57, 58, 59, 65, 60, 61, 62, 63), (59, 65, 66, 67, 72, 68, 69, 70, 71))	2las_ligand
((15, 24, 25, 26, 32, 27, 28, 29, 30),)	2lcs_ligand
((17, 24, 25, 26, 31, 27, 28, 29, 30),)	2lct_ligand
((7, 16, 17, 18, 24, 19, 20, 21, 22), (18, 24, 25, 26, 32, 27, 28, 29, 30))	2lgf_ligand
((10, 17, 18, 19, 24, 20, 21, 22, 23), (26, 32, 33, 34, 39, 35, 36, 37, 38), (50, 53, 54, 55, 60, 56, 57, 58, 59))	2ll6_ligand
((47, 54, 55, 56, 61, 57, 58, 59, 60), (76, 79, 80, 81, 86, 82, 83, 84, 85), (88, 95, 96, 97, 103, 98, 99, 100, 101))	2ll7_ligand
((81, 87, 88, 89, 95, 90, 91, 92, 93),)	2llo_ligand
((81, 87, 88, 89, 95, 90, 91, 92, 93),)	2llq_ligand
((20, 25, 26, 27, 32, 28, 29, 30, 31), (59, 66, 67, 68, 73, 69, 70, 71, 72))	2lnw_ligand
((9, 13, 14, 15, 20, 16, 17, 18, 19), (83, 87, 88, 89, 95, 90, 91, 92, 93))	2lp8_ligand
((71, 75, 76, 77, 83, 78, 79, 80, 81),)	2lsp_ligand
((37, 44, 45, 46, 51, 47, 48, 49, 50),)	2lsr_ligand
((48, 55, 56, 57, 62, 58, 59, 60, 61),)	2lsv_ligand
((92, 102, 103, 104, 110, 105, 106, 107, 108),)	2lyw_ligand
((83, 90, 91, 92, 97, 93, 94, 95, 96),)	2m3m_ligand
((57, 63, 64, 65, 70, 66, 67, 68, 69),)	2m41_ligand
((17, 24, 25, 26, 31, 27, 28, 29, 30),)	2mc1_ligand
((29, 36, 37, 38, 43, 39, 40, 41, 42), (58, 61, 62, 63, 68, 64, 65, 66, 67), (70, 77, 78, 79, 85, 80, 81, 82, 83))	2mg5_ligand
((2, 11, 12, 13, 18, 14, 15, 16, 17), (38, 45, 46, 47, 53, 48, 49, 50, 51))	2mip_ligand
((63, 73, 74, 75, 81, 76, 77, 78, 79),)	2mkr_ligand
((100, 106, 107, 108, 113, 109, 110, 111, 112),)	2mpm_ligand
((116, 123, 124, 125, 131, 126, 127, 128, 129),)	2nm1_ligand
((7, 17, 18, 19, 25, 20, 21, 22, 23),)	2nmb_ligand
((7, 10, 11, 12, 18, 13, 14, 15, 16),)	2nxd_ligand
((7, 14, 15, 16, 21, 17, 18, 19, 20), (34, 44, 45, 46, 51, 47, 48, 49, 50))	2nxl_ligand
((34, 44, 45, 46, 51, 47, 48, 49, 50),)	2nxm_ligand
((2, 4, 5, 10, 12, 11, 6, 7, 8), (2, 4, 5, 10, 12, 11, 6, 7, 9), (2, 4, 5, 10, 12, 11, 6, 8, 9), (34, 33, 28, 26, 25, 27, 29, 30, 31), (34, 33, 28, 26, 25, 27, 29, 30, 32), (34, 33, 28, 26, 25, 27, 29, 31, 32))	2o4k_ligand
((1, 2, 12, 13, 14, 19, 16, 17, 18), (3, 2, 12, 13, 14, 19, 16, 17, 18))	2o4s_ligand
((23, 28, 29, 30, 35, 31, 32, 33, 34),)	2o9v_ligand
((0, 7, 8, 13, 15, 14, 9, 10, 11), (0, 7, 8, 13, 15, 14, 9, 10, 12), (0, 7, 8, 13, 15, 14, 9, 11, 12), (13, 15, 17, 23, 25, 24, 18, 19, 20), (16, 15, 17, 23, 25, 24, 18, 19, 20))	2obo_ligand
((0, 7, 8, 15, 17, 16, 9, 10, 11), (15, 17, 19, 25, 27, 26, 20, 21, 22), (18, 17, 19, 25, 27, 26, 20, 21, 22))	2oc0_ligand
((0, 7, 8, 15, 17, 16, 9, 10, 11), (15, 17, 19, 26, 28, 27, 20, 21, 23), (18, 17, 19, 26, 28, 27, 20, 21, 23))	2oc7_ligand
((2, 7, 8, 9, 15, 10, 11, 12, 13), (52, 58, 59, 60, 66, 61, 62, 63, 64))	2odd_ligand
()	2oph_ligand
((40, 47, 48, 49, 54, 50, 51, 52, 53),)	2oqs_ligand
((29, 35, 36, 37, 43, 38, 39, 40, 41),)	2or9_ligand
((24, 2, 13, 14, 0, 10, 15, 59, 60), (39, 41, 42, 46, 48, 47, 43, 44, 45))	2p3a_ligand
((24, 2, 13, 14, 0, 10, 15, 59, 60), (39, 41, 42, 46, 48, 47, 43, 44, 45))	2p3b_ligand
((24, 2, 13, 14, 0, 10, 15, 59, 60), (39, 41, 42, 46, 48, 47, 43, 44, 45))	2p3c_ligand
((24, 2, 13, 14, 0, 10, 15, 59, 60), (39, 41, 42, 46, 48, 47, 43, 44, 45))	2p3d_ligand
((12, 39, 40, 44, 45, 0, 41, 42, 43),)	2p4j_ligand
((13, 26, 9, 16, 39, 27, 22, 25, 30), (13, 26, 9, 16, 39, 27, 22, 25, 31), (13, 26, 9, 16, 39, 27, 22, 30, 31), (44, 37, 8, 13, 26, 20, 21, 4, 5))	2p59_ligand
((11, 12, 13, 14, 16, 15, 17, 10, 18),)	2pbw_ligand
((32, 37, 38, 39, 44, 40, 41, 42, 43),)	2pcu_ligand
((2, 5, 6, 7, 13, 8, 9, 10, 11),)	2pem_ligand
((18, 19, 13, 1, 2, 0, 14, 15, 16), (20, 19, 13, 1, 2, 0, 14, 15, 16))	2pk5_ligand
((5, 38, 12, 25, 26, 24, 36, 13, 14), (11, 38, 12, 25, 26, 24, 36, 13, 14))	2pk6_ligand
((7, 9, 10, 11, 16, 12, 13, 14, 15), (11, 16, 17, 18, 23, 19, 20, 21, 22), (53, 60, 61, 62, 67, 63, 64, 65, 66))	2pl9_ligand
((25, 35, 36, 37, 43, 38, 39, 40, 41), (52, 58, 59, 60, 65, 61, 62, 63, 64))	2pv1_ligand
((70, 76, 77, 78, 84, 79, 80, 81, 82),)	2pv2_ligand
((70, 76, 77, 78, 84, 79, 80, 81, 82),)	2pv3_ligand
((1, 3, 4, 8, 10, 9, 5, 6, 7),)	2q54_ligand
((35, 34, 30, 28, 27, 29, 31, 32, 33), (37, 34, 30, 28, 27, 29, 31, 32, 33))	2q55_ligand
((1, 2, 12, 13, 14, 19, 16, 17, 18), (3, 2, 12, 13, 14, 19, 16, 17, 18))	2q5k_ligand
((10, 12, 13, 17, 19, 18, 14, 15, 16),)	2q6f_ligand
((18, 23, 24, 25, 30, 26, 27, 28, 29), (46, 58, 59, 60, 65, 61, 62, 63, 64))	2qbw_ligand
((25, 37, 38, 39, 45, 40, 41, 42, 43),)	2qbx_ligand
((1, 2, 12, 13, 14, 19, 16, 17, 18), (3, 2, 12, 13, 14, 19, 16, 17, 18))	2qhc_ligand
()	2qhr_ligand
((30, 29, 25, 23, 22, 24, 26, 27, 28),)	2qi5_ligand
((11, 13, 14, 18, 20, 19, 15, 16, 17),)	2qiq_ligand
((10, 14, 15, 16, 21, 17, 18, 19, 20),)	2qki_ligand
()	2ql7_ligand
((13, 20, 21, 22, 27, 23, 24, 25, 26),)	2qt5_ligand
()	2qt9_ligand
()	2qtb_ligand
((24, 23, 22, 20, 19, 21, 41, 42, 43), (28, 27, 26, 24, 23, 25, 44, 45, 46))	2qzx_ligand
()	2r3y_ligand
((8, 7, 3, 4, 6, 5, 1, 0, 2),)	2rjp_ligand
((1, 2, 12, 13, 14, 19, 16, 17, 18), (3, 2, 12, 13, 14, 19, 16, 17, 18))	2rkf_ligand
((1, 2, 12, 13, 14, 19, 16, 17, 18), (3, 2, 12, 13, 14, 19, 16, 17, 18))	2rkg_ligand
((23, 29, 30, 31, 37, 32, 33, 34, 35),)	2rm0_ligand
((19, 21, 22, 23, 37, 24, 25, 26, 27),)	2rnx_ligand
((64, 66, 67, 68, 73, 69, 70, 71, 72), (102, 108, 109, 110, 116, 111, 112, 113, 114))	2rny_ligand
((9, 14, 15, 16, 21, 17, 18, 19, 20), (74, 79, 80, 81, 87, 82, 83, 84, 85))	2rol_ligand
((2, 6, 7, 8, 14, 9, 10, 11, 12), (8, 14, 15, 16, 22, 17, 18, 19, 20))	2rqu_ligand
((2, 8, 9, 10, 11, 15, 12, 13, 14),)	2tpi_ligand
((34, 19, 37, 41, 44, 43, 38, 39, 40), (34, 19, 37, 41, 44, 43, 38, 39, 46), (34, 19, 37, 41, 44, 43, 38, 40, 46))	2uxz_ligand
((10, 4, 12, 7, 3, 17, 13, 14, 15), (10, 4, 12, 7, 3, 17, 13, 14, 16), (10, 4, 12, 7, 3, 17, 13, 15, 16))	2uy0_ligand
((49, 53, 54, 55, 61, 56, 57, 58, 59),)	2uz6_ligand
((32, 34, 35, 40, 42, 41, 36, 37, 38),)	2v22_ligand
((40, 45, 46, 47, 52, 48, 49, 50, 51),)	2v7d_ligand
((59, 62, 63, 64, 69, 65, 66, 67, 68),)	2vr3_ligand
((33, 38, 39, 40, 45, 41, 42, 43, 44),)	2vwf_ligand
((1, 0, 2, 20, 21, 25, 22, 23, 24), (3, 0, 2, 20, 21, 25, 22, 23, 24))	2w0d_ligand
((2, 11, 12, 13, 18, 14, 15, 16, 17), (31, 35, 36, 37, 42, 38, 39, 40, 41), (44, 53, 54, 55, 61, 56, 57, 58, 59))	2w0p_ligand
((10, 9, 4, 1, 2, 0, 5, 6, 7), (10, 9, 4, 1, 2, 0, 5, 6, 8), (10, 9, 4, 1, 2, 0, 5, 7, 8))	2w12_ligand
((2, 7, 8, 9, 15, 10, 11, 12, 13), (36, 43, 44, 45, 51, 46, 47, 48, 49), (64, 67, 68, 69, 75, 70, 71, 72, 73))	2w73_ligand
((2, 8, 9, 10, 15, 11, 12, 13, 14),)	2w9r_ligand
((11, 14, 15, 16, 21, 17, 18, 19, 20),)	2web_ligand
((12, 14, 15, 16, 21, 17, 18, 19, 20),)	2wec_ligand
((12, 15, 16, 17, 22, 18, 19, 20, 21),)	2wed_ligand
((31, 33, 34, 35, 40, 36, 37, 38, 39), (75, 77, 79, 83, 0, 84, 80, 81, 82), (78, 77, 79, 83, 0, 84, 80, 81, 82))	2wfj_ligand
((11, 2, 3, 4, 6, 5, 7, 8, 9),)	2wgi_ligand
((43, 42, 41, 40, 39, 50, 47, 0, 48), (43, 42, 41, 40, 39, 50, 47, 0, 49), (43, 42, 41, 40, 39, 50, 47, 48, 49))	2wkz_ligand
((43, 42, 41, 40, 39, 50, 47, 0, 48), (43, 42, 41, 40, 39, 50, 47, 0, 49), (43, 42, 41, 40, 39, 50, 47, 48, 49))	2wl0_ligand
((21, 23, 25, 29, 31, 30, 26, 27, 28), (24, 23, 25, 29, 31, 30, 26, 27, 28), (62, 64, 65, 66, 71, 67, 68, 69, 70))	2x2c_ligand
((41, 45, 46, 47, 52, 48, 49, 50, 51),)	2x4o_ligand
((10, 16, 17, 18, 23, 19, 20, 21, 22), (32, 38, 39, 40, 45, 41, 42, 43, 44), (52, 57, 58, 59, 64, 60, 61, 62, 63))	2x4r_ligand
((10, 16, 17, 18, 30, 19, 20, 21, 22), (33, 39, 40, 41, 46, 42, 43, 44, 45), (53, 58, 59, 60, 65, 61, 62, 63, 64))	2x4t_ligand
((36, 41, 42, 43, 48, 44, 45, 46, 47), (60, 62, 63, 64, 69, 65, 66, 67, 68))	2x4u_ligand
((1, 8, 9, 14, 16, 15, 10, 11, 12), (1, 8, 9, 14, 16, 15, 10, 11, 13), (1, 8, 9, 14, 16, 15, 10, 12, 13))	2xcn_ligand
((16, 25, 26, 27, 32, 28, 29, 30, 31),)	2xe4_ligand
((26, 25, 20, 18, 17, 19, 21, 22, 23),)	2xhm_ligand
((15, 22, 23, 24, 29, 25, 26, 27, 28), (31, 37, 38, 39, 44, 40, 41, 42, 43), (53, 57, 58, 59, 64, 60, 61, 62, 63))	2xl2_ligand
((19, 26, 27, 28, 33, 29, 30, 31, 32), (35, 41, 42, 43, 48, 44, 45, 46, 47), (57, 61, 62, 63, 68, 64, 65, 66, 67))	2xl3_ligand
((4, 3, 2, 1, 0, 45, 41, 42, 43), (4, 3, 2, 1, 0, 45, 41, 42, 44), (4, 3, 2, 1, 0, 45, 41, 43, 44))	2xni_ligand
((2, 6, 7, 8, 13, 9, 10, 11, 12), (15, 27, 28, 29, 35, 30, 31, 32, 33), (37, 42, 43, 44, 49, 45, 46, 47, 48))	2xxn_ligand
((1, 0, 4, 10, 14, 11, 5, 6, 7),)	2xxt_ligand
((1, 0, 4, 10, 14, 11, 5, 6, 7),)	2xxy_ligand
((1, 3, 4, 9, 11, 10, 5, 6, 7), (1, 3, 4, 9, 11, 10, 5, 6, 8), (1, 3, 4, 9, 11, 10, 5, 7, 8), (31, 30, 25, 23, 22, 24, 26, 27, 28), (31, 30, 25, 23, 22, 24, 26, 27, 29), (31, 30, 25, 23, 22, 24, 26, 28, 29))	2xye_ligand
((1, 3, 4, 10, 9, 11, 5, 6, 7), (1, 3, 4, 10, 9, 11, 5, 6, 12), (1, 3, 4, 10, 9, 11, 5, 7, 12), (35, 37, 38, 39, 40, 41, 32, 42, 43), (35, 37, 38, 39, 40, 41, 32, 42, 44), (35, 37, 38, 39, 40, 41, 32, 43, 44))	2xyf_ligand
((46, 49, 50, 51, 57, 52, 53, 54, 55), (66, 68, 69, 70, 76, 71, 72, 73, 74))	2y36_ligand
((23, 29, 30, 31, 37, 32, 33, 34, 35), (54, 59, 60, 61, 67, 62, 63, 64, 65), (74, 76, 77, 78, 83, 79, 80, 81, 82))	2y6s_ligand
((29, 36, 37, 38, 44, 39, 40, 41, 42),)	2y8o_ligand
((36, 48, 49, 50, 55, 51, 52, 53, 54),)	2ymt_ligand
((2, 6, 7, 8, 13, 9, 10, 11, 12),)	2yns_ligand
((2, 5, 6, 7, 13, 8, 9, 10, 11), (55, 64, 65, 66, 72, 67, 68, 69, 70))	2yq6_ligand
((8, 7, 2, 1, 13, 0, 3, 4, 6),)	2z3z_ligand
((31, 33, 34, 35, 40, 36, 37, 38, 39), (75, 77, 79, 83, 0, 84, 80, 81, 82), (78, 77, 79, 83, 0, 84, 80, 81, 82))	2z6w_ligand
((43, 45, 46, 53, 55, 54, 47, 48, 52),)	2zlg_ligand
((31, 28, 29, 8, 20, 19, 0, 3, 30),)	2zp0_ligand
((41, 48, 49, 50, 55, 51, 52, 53, 54),)	2zpk_ligand
((24, 26, 32, 33, 35, 34, 29, 30, 31), (27, 26, 32, 33, 35, 34, 29, 30, 31))	3a2o_ligand
((2, 6, 7, 8, 14, 9, 10, 11, 12),)	3al3_ligand
((5, 10, 11, 12, 17, 13, 14, 15, 16),)	3atw_ligand
((13, 20, 21, 22, 28, 23, 24, 25, 26),)	3av9_ligand
((15, 22, 23, 24, 30, 25, 26, 27, 28),)	3ava_ligand
((16, 23, 24, 25, 31, 26, 27, 28, 29),)	3avb_ligand
((18, 25, 26, 27, 33, 28, 29, 30, 31),)	3avf_ligand
((15, 22, 23, 24, 30, 25, 26, 27, 28),)	3avg_ligand
((18, 25, 26, 27, 33, 28, 29, 30, 31),)	3avh_ligand
((16, 23, 24, 25, 31, 26, 27, 28, 29),)	3avi_ligand
((15, 22, 23, 24, 30, 25, 26, 27, 28),)	3avj_ligand
((16, 23, 24, 25, 31, 26, 27, 28, 29),)	3avk_ligand
((14, 21, 22, 23, 29, 24, 25, 26, 27),)	3avl_ligand
((19, 26, 27, 28, 34, 29, 30, 31, 32),)	3avm_ligand
((18, 25, 26, 27, 33, 28, 29, 30, 31),)	3avn_ligand
((11, 14, 15, 16, 21, 17, 18, 19, 20),)	3avz_ligand
((11, 14, 15, 16, 21, 17, 18, 19, 20),)	3aw0_ligand
((45, 49, 50, 51, 57, 52, 53, 54, 55), (59, 63, 64, 65, 70, 66, 67, 68, 69))	3bgm_ligand
((29, 35, 36, 37, 43, 38, 39, 40, 41),)	3bh8_ligand
((69, 76, 77, 78, 83, 79, 80, 81, 82),)	3bh9_ligand
((19, 26, 27, 28, 34, 29, 30, 31, 32), (28, 34, 35, 36, 42, 37, 38, 39, 40), (81, 93, 94, 95, 100, 96, 97, 98, 99), (95, 100, 101, 102, 107, 103, 104, 105, 106))	3bim_ligand
()	3bjm_ligand
((78, 85, 86, 87, 92, 88, 89, 90, 91), (132, 138, 139, 140, 146, 141, 142, 143, 144))	3bl2_ligand
((85, 91, 92, 93, 99, 94, 95, 96, 97), (101, 108, 109, 110, 116, 111, 112, 113, 114))	3bu6_ligand
((81, 90, 91, 92, 97, 93, 94, 95, 96),)	3bu8_ligand
((18, 32, 33, 34, 40, 35, 36, 37, 38),)	3bun_ligand
((19, 23, 24, 25, 30, 26, 27, 28, 29),)	3bux_ligand
((2, 7, 8, 9, 39, 10, 11, 12, 13),)	3bva_ligand
((23, 25, 3, 4, 6, 5, 1, 0, 2),)	3bxs_ligand
()	3bze_ligand
()	3bzf_ligand
((81, 93, 94, 95, 100, 96, 97, 98, 99),)	3c3o_ligand
((27, 33, 34, 35, 41, 36, 37, 38, 39),)	3c3r_ligand
((24, 26, 27, 28, 34, 29, 30, 31, 32),)	3c8b_ligand
((2, 8, 9, 10, 16, 11, 12, 13, 14),)	3c94_ligand
((11, 13, 14, 15, 21, 16, 17, 18, 19), (46, 49, 50, 51, 57, 52, 53, 54, 55))	3cfs_ligand
((10, 16, 17, 18, 24, 19, 20, 21, 22), (35, 37, 38, 39, 45, 40, 41, 42, 43), (70, 73, 74, 75, 81, 76, 77, 78, 79))	3cfv_ligand
()	3cii_ligand
((4, 6, 7, 8, 10, 9, 11, 12, 14),)	3cm2_ligand
((4, 6, 7, 8, 10, 9, 11, 12, 14),)	3cm7_ligand
()	3coy_ligand
()	3coz_ligand
((62, 69, 70, 71, 77, 72, 73, 74, 75),)	3cyy_ligand
((17, 24, 25, 26, 31, 27, 28, 29, 30),)	3d1f_ligand
()	3d25_ligand
((2, 5, 6, 7, 13, 8, 9, 10, 11),)	3d3x_ligand
((54, 55, 56, 57, 59, 58, 60, 64, 65),)	3d4f_ligand
((5, 10, 11, 12, 18, 13, 14, 15, 16),)	3dcr_ligand
((40, 42, 43, 47, 49, 48, 44, 45, 46),)	3dm6_ligand
((21, 25, 26, 27, 33, 28, 29, 30, 31),)	3drf_ligand
()	3ds0_ligand
()	3ds1_ligand
()	3ds3_ligand
()	3ds4_ligand
((25, 31, 32, 33, 38, 34, 35, 36, 37),)	3dvp_ligand
((55, 4, 3, 0, 2, 1, 5, 6, 8),)	3e7a_ligand
((1, 3, 4, 5, 10, 6, 7, 8, 9),)	3e8u_ligand
((36, 43, 44, 45, 50, 46, 47, 48, 49),)	3eg6_ligand
((67, 74, 75, 76, 82, 77, 78, 79, 80), (76, 82, 83, 84, 90, 85, 86, 87, 88))	3eht_ligand
((2, 4, 5, 10, 12, 11, 6, 7, 8), (2, 4, 5, 10, 12, 11, 6, 7, 9), (2, 4, 5, 10, 12, 11, 6, 8, 9), (34, 33, 28, 26, 25, 27, 29, 30, 31), (34, 33, 28, 26, 25, 27, 29, 30, 32), (34, 33, 28, 26, 25, 27, 29, 31, 32))	3ekw_ligand
((2, 4, 5, 10, 12, 11, 6, 7, 8), (2, 4, 5, 10, 12, 11, 6, 7, 9), (2, 4, 5, 10, 12, 11, 6, 8, 9), (34, 33, 28, 26, 25, 27, 29, 30, 31), (34, 33, 28, 26, 25, 27, 29, 30, 32), (34, 33, 28, 26, 25, 27, 29, 31, 32))	3eky_ligand
((2, 4, 5, 10, 12, 11, 6, 7, 8), (2, 4, 5, 10, 12, 11, 6, 7, 9), (2, 4, 5, 10, 12, 11, 6, 8, 9), (34, 33, 28, 26, 25, 27, 29, 30, 31), (34, 33, 28, 26, 25, 27, 29, 30, 32), (34, 33, 28, 26, 25, 27, 29, 31, 32))	3el1_ligand
((2, 4, 5, 10, 12, 11, 6, 7, 8), (2, 4, 5, 10, 12, 11, 6, 7, 9), (2, 4, 5, 10, 12, 11, 6, 8, 9), (34, 33, 28, 26, 25, 27, 29, 30, 31), (34, 33, 28, 26, 25, 27, 29, 30, 32), (34, 33, 28, 26, 25, 27, 29, 31, 32))	3el9_ligand
((13, 14, 17, 18, 20, 19, 21, 22, 26),)	3elm_ligand
((23, 30, 31, 32, 37, 33, 34, 35, 36),)	3emh_ligand
((21, 23, 25, 29, 31, 30, 26, 27, 28), (24, 23, 25, 29, 31, 30, 26, 27, 28), (62, 64, 65, 66, 71, 67, 68, 69, 70))	3eov_ligand
((54, 56, 57, 58, 63, 59, 60, 61, 62), (58, 63, 64, 65, 71, 66, 67, 68, 69))	3er5_ligand
((11, 16, 17, 18, 24, 19, 20, 21, 22),)	3eu7_ligand
((4, 0, 6, 10, 23, 2, 7, 8, 9), (4, 0, 6, 10, 23, 2, 7, 8, 22), (4, 0, 6, 10, 23, 2, 7, 9, 22))	3ewj_ligand
((0, 15, 16, 21, 23, 22, 17, 18, 19), (0, 15, 16, 21, 23, 22, 17, 18, 20), (0, 15, 16, 21, 23, 22, 17, 19, 20), (21, 23, 25, 31, 33, 32, 26, 27, 28), (24, 23, 25, 31, 33, 32, 26, 27, 28))	3eyd_ligand
((2, 7, 8, 9, 15, 10, 11, 12, 13),)	3eyf_ligand
((4, 6, 7, 8, 10, 9, 11, 12, 15),)	3eyl_ligand
()	3f6g_ligand
()	3f6h_ligand
((3, 5, 6, 10, 12, 11, 7, 8, 9),)	3f7g_ligand
((1, 6, 7, 12, 14, 13, 8, 9, 10), (1, 6, 7, 12, 14, 13, 8, 9, 11), (1, 6, 7, 12, 14, 13, 8, 10, 11))	3f7h_ligand
((29, 28, 23, 21, 20, 22, 24, 25, 26), (29, 28, 23, 21, 20, 22, 24, 25, 27), (29, 28, 23, 21, 20, 22, 24, 26, 27))	3f7i_ligand
((39, 46, 47, 48, 53, 49, 50, 51, 52),)	3f9w_ligand
((49, 51, 52, 53, 58, 54, 55, 56, 57),)	3f9y_ligand
((49, 55, 56, 57, 63, 58, 59, 60, 61),)	3fn0_ligand
((23, 25, 31, 32, 34, 33, 28, 29, 30), (26, 25, 31, 32, 34, 33, 28, 29, 30))	3fnu_ligand
((5, 10, 11, 12, 18, 13, 14, 15, 16),)	3fsm_ligand
()	3ft2_ligand
()	3ft3_ligand
()	3ft4_ligand
((4, 6, 7, 8, 13, 9, 10, 11, 12), (8, 13, 14, 15, 20, 16, 17, 18, 19))	3fv3_ligand
((5, 17, 9, 10, 21, 20, 11, 12, 13),)	3fv7_ligand
((22, 29, 30, 31, 36, 32, 33, 34, 35),)	3fwv_ligand
((5, 18, 10, 11, 23, 22, 12, 13, 14),)	3fyz_ligand
((5, 16, 9, 10, 20, 19, 11, 12, 13),)	3fzc_ligand
((31, 37, 38, 39, 44, 40, 41, 42, 43), (53, 59, 60, 61, 66, 62, 63, 64, 65), (61, 66, 67, 68, 74, 69, 70, 71, 72))	3g2s_ligand
((20, 26, 27, 28, 33, 29, 30, 31, 32), (42, 48, 49, 50, 55, 51, 52, 53, 54), (50, 55, 56, 57, 63, 58, 59, 60, 61))	3g2t_ligand
((6, 13, 14, 18, 20, 19, 15, 16, 17),)	3g5k_ligand
((86, 88, 89, 90, 95, 91, 92, 93, 94),)	3g5v_ligand
((86, 88, 89, 90, 95, 91, 92, 93, 94),)	3g5y_ligand
((0, 3, 4, 5, 10, 6, 7, 8, 9), (26, 31, 32, 33, 38, 34, 35, 36, 37))	3gbq_ligand
()	3gds_ligand
((3, 1, 5, 6, 8, 7, 59, 60, 61), (3, 1, 5, 6, 8, 7, 59, 60, 62), (3, 1, 5, 6, 8, 7, 59, 61, 62))	3ggv_ligand
((39, 51, 52, 53, 59, 54, 55, 56, 57),)	3ggw_ligand
((22, 31, 32, 33, 39, 34, 35, 36, 37), (41, 49, 50, 51, 57, 52, 53, 54, 55))	3ghe_ligand
((5, 15, 16, 17, 22, 18, 19, 20, 21),)	3gjs_ligand
((0, 3, 4, 5, 11, 6, 7, 8, 9),)	3gjt_ligand
((0, 8, 6, 5, 7, 4, 3, 1, 2), (0, 9, 10, 11, 12, 30, 31, 32, 33))	3gpj_ligand
((10, 9, 2, 1, 16, 0, 3, 4, 8),)	3gt9_ligand
((10, 9, 2, 1, 16, 0, 3, 4, 8),)	3gta_ligand
((73, 85, 86, 87, 92, 88, 89, 90, 91),)	3h1z_ligand
((33, 39, 40, 41, 47, 42, 43, 44, 45), (41, 47, 48, 49, 55, 50, 51, 52, 53))	3h52_ligand
((29, 31, 32, 33, 38, 34, 35, 36, 37),)	3h6z_ligand
((8, 20, 21, 22, 27, 23, 24, 25, 26),)	3h85_ligand
((5, 10, 11, 12, 18, 13, 14, 15, 16),)	3hau_ligand
((5, 10, 11, 12, 18, 13, 14, 15, 16),)	3haw_ligand
((5, 10, 11, 12, 18, 13, 14, 15, 16),)	3hbo_ligand
((5, 10, 11, 12, 18, 13, 14, 15, 16),)	3hdk_ligand
((24, 26, 27, 28, 34, 29, 30, 31, 32), (36, 38, 39, 40, 46, 41, 42, 43, 44), (56, 61, 62, 63, 68, 64, 65, 66, 67))	3hg1_ligand
((1, 16, 21, 22, 24, 23, 19, 18, 20), (10, 9, 2, 1, 16, 0, 3, 4, 8), (17, 16, 21, 22, 24, 23, 19, 18, 20))	3hl5_ligand
((5, 10, 11, 12, 18, 13, 14, 15, 16),)	3hlo_ligand
((3, 0, 5, 9, 22, 2, 6, 7, 8), (3, 0, 5, 9, 22, 2, 6, 7, 21), (3, 0, 5, 9, 22, 2, 6, 8, 21))	3hy7_ligand
((1, 15, 0, 13, 12, 14, 17, 7, 18),)	3hy9_ligand
((46, 48, 49, 53, 55, 54, 50, 51, 52),)	3i25_ligand
((12, 14, 15, 17, 19, 18, 16, 21, 25),)	3i7g_ligand
((11, 13, 14, 15, 17, 18, 16, 21, 25),)	3i7i_ligand
((5, 10, 11, 12, 18, 13, 14, 15, 16),)	3iaw_ligand
((5, 15, 16, 17, 22, 18, 19, 20, 21),)	3ibc_ligand
((7, 4, 5, 3, 1, 2, 14, 15, 19), (7, 4, 5, 3, 1, 2, 14, 15, 23), (7, 4, 5, 3, 1, 2, 14, 19, 23))	3ind_ligand
((15, 4, 13, 14, 1, 5, 17, 18, 22), (15, 4, 13, 14, 1, 5, 17, 18, 26), (15, 4, 13, 14, 1, 5, 17, 22, 26))	3ine_ligand
((24, 30, 31, 32, 38, 33, 34, 35, 36),)	3iqg_ligand
((14, 20, 21, 22, 28, 23, 24, 25, 26),)	3iqh_ligand
((19, 25, 26, 27, 33, 28, 29, 30, 31),)	3iqi_ligand
((9, 16, 17, 18, 24, 19, 20, 21, 22), (56, 63, 64, 65, 71, 66, 67, 68, 69))	3iqq_ligand
((40, 44, 45, 46, 51, 47, 48, 49, 50), (46, 51, 52, 53, 58, 54, 55, 56, 57))	3isw_ligand
((9, 15, 16, 17, 22, 18, 19, 20, 21),)	3ivq_ligand
((7, 10, 11, 12, 17, 13, 14, 15, 16),)	3ivv_ligand
((43, 45, 46, 50, 52, 51, 47, 48, 49),)	3ixj_ligand
((43, 45, 46, 50, 52, 51, 47, 48, 49),)	3ixk_ligand
((5, 10, 11, 12, 18, 13, 14, 15, 16),)	3ka2_ligand
((22, 29, 30, 31, 36, 32, 33, 34, 35),)	3kd7_ligand
((23, 25, 31, 32, 34, 33, 28, 29, 30), (26, 25, 31, 32, 34, 33, 28, 29, 30))	3kdb_ligand
((16, 5, 17, 20, 7, 8, 18, 28, 29), (19, 5, 17, 20, 7, 8, 18, 28, 29))	3kdc_ligand
((16, 5, 17, 20, 7, 8, 18, 28, 29), (19, 5, 17, 20, 7, 8, 18, 28, 29))	3kdd_ligand
((24, 2, 13, 14, 0, 10, 15, 59, 60), (39, 41, 42, 46, 48, 47, 43, 44, 45))	3kfn_ligand
((57, 64, 65, 66, 72, 67, 68, 69, 70), (104, 113, 114, 115, 120, 116, 117, 118, 119), (115, 120, 121, 122, 127, 123, 124, 125, 126), (122, 127, 128, 129, 135, 130, 131, 132, 133))	3kl8_ligand
((4, 0, 6, 10, 23, 2, 7, 8, 9), (4, 0, 6, 10, 23, 2, 7, 8, 22), (4, 0, 6, 10, 23, 2, 7, 9, 22))	3kmc_ligand
((3, 13, 14, 15, 20, 16, 17, 18, 19),)	3kyr_ligand
((58, 19, 59, 66, 14, 11, 60, 61, 65),)	3lkj_ligand
((11, 16, 17, 18, 24, 19, 20, 21, 22), (26, 29, 30, 31, 37, 32, 33, 34, 35), (31, 37, 38, 39, 45, 40, 41, 42, 43), (39, 45, 46, 47, 53, 48, 49, 50, 51))	3ll8_ligand
((0, 10, 11, 16, 18, 17, 12, 13, 14), (0, 10, 11, 16, 18, 17, 12, 13, 15), (0, 10, 11, 16, 18, 17, 12, 14, 15), (16, 18, 20, 26, 28, 27, 21, 22, 23), (19, 18, 20, 26, 28, 27, 21, 22, 23))	3lox_ligand
((16, 28, 27, 26, 33, 25, 29, 30, 31),)	3m17_ligand
((6, 13, 14, 18, 20, 19, 15, 16, 17),)	3m6p_ligand
((6, 13, 14, 18, 20, 19, 15, 16, 17),)	3m6q_ligand
((6, 13, 14, 18, 20, 19, 15, 16, 17),)	3m6r_ligand
((5, 18, 10, 11, 23, 22, 12, 13, 14),)	3mbz_ligand
((6, 20, 21, 22, 27, 23, 24, 25, 26),)	3mxy_ligand
((50, 56, 57, 58, 64, 59, 60, 61, 62),)	3n5u_ligand
((25, 31, 32, 33, 38, 34, 35, 36, 37),)	3nfl_ligand
((2, 9, 10, 11, 17, 12, 13, 14, 15),)	3nii_ligand
((2, 10, 11, 12, 18, 13, 14, 15, 16),)	3nij_ligand
((50, 56, 57, 58, 63, 59, 60, 61, 62),)	3nkx_ligand
((2, 11, 12, 13, 19, 14, 15, 16, 17),)	3ny3_ligand
((17, 24, 25, 26, 32, 27, 28, 29, 30),)	3o1d_ligand
((16, 23, 24, 25, 31, 26, 27, 28, 29),)	3o1e_ligand
((27, 33, 34, 35, 40, 36, 37, 38, 39),)	3o4l_ligand
((17, 1, 3, 0, 21, 2, 4, 5, 13),)	3o5n_ligand
((11, 16, 17, 18, 23, 19, 20, 21, 22),)	3o6l_ligand
((21, 28, 29, 30, 36, 31, 32, 33, 34),)	3oap_ligand
((34, 39, 40, 41, 46, 42, 43, 44, 45),)	3obq_ligand
((21, 23, 25, 29, 32, 30, 26, 27, 28), (24, 23, 25, 29, 32, 30, 26, 27, 28), (63, 65, 66, 67, 72, 68, 69, 70, 71))	3odi_ligand
((21, 23, 25, 29, 32, 30, 26, 27, 28), (24, 23, 25, 29, 32, 30, 26, 27, 28), (63, 65, 66, 67, 72, 68, 69, 70, 71))	3odl_ligand
((5, 7, 8, 9, 11, 10, 13, 12, 14),)	3ogm_ligand
((1, 2, 12, 13, 14, 19, 16, 17, 18), (3, 2, 12, 13, 14, 19, 16, 17, 18))	3ogq_ligand
((17, 19, 20, 25, 27, 26, 21, 22, 23),)	3oyp_ligand
((0, 32, 42, 35, 44, 8, 39, 25, 26),)	3oz1_ligand
((11, 18, 19, 20, 25, 21, 22, 23, 24), (27, 33, 34, 35, 40, 36, 37, 38, 39), (49, 53, 54, 55, 60, 56, 57, 58, 59))	3p4f_ligand
((0, 8, 9, 14, 22, 15, 10, 11, 12), (0, 8, 9, 14, 22, 15, 10, 11, 13), (0, 8, 9, 14, 22, 15, 10, 12, 13), (16, 48, 49, 54, 56, 55, 50, 51, 52))	3p8n_ligand
((0, 8, 9, 14, 22, 15, 10, 11, 12), (0, 8, 9, 14, 22, 15, 10, 11, 13), (0, 8, 9, 14, 22, 15, 10, 12, 13), (16, 47, 48, 53, 55, 54, 49, 50, 51))	3p8o_ligand
((2, 6, 7, 8, 14, 9, 10, 11, 12), (8, 14, 15, 16, 22, 17, 18, 19, 20))	3p9l_ligand
((2, 6, 7, 8, 14, 9, 10, 11, 12), (8, 14, 15, 16, 22, 17, 18, 19, 20))	3p9m_ligand
((2, 9, 10, 11, 17, 12, 13, 14, 15), (11, 17, 18, 19, 25, 20, 21, 22, 23))	3pab_ligand
((38, 45, 46, 47, 52, 48, 49, 50, 51), (77, 84, 85, 86, 92, 87, 88, 89, 90))	3pkn_ligand
((10, 14, 15, 16, 22, 17, 18, 19, 20), (57, 64, 65, 66, 72, 67, 68, 69, 70), (120, 125, 126, 127, 133, 128, 129, 130, 131))	3plu_ligand
((6, 13, 14, 18, 20, 19, 15, 16, 17),)	3pn4_ligand
((41, 48, 49, 50, 56, 51, 52, 53, 54),)	3poa_ligand
((37, 30, 31, 32, 29, 33, 34, 35, 36),)	3prs_ligand
((6, 10, 11, 12, 18, 13, 14, 15, 16), (12, 18, 19, 20, 26, 21, 22, 23, 24))	3q5u_ligand
((9, 15, 16, 17, 22, 18, 19, 20, 21), (50, 55, 56, 57, 62, 58, 59, 60, 61), (57, 62, 63, 64, 69, 65, 66, 67, 68), (71, 78, 79, 80, 86, 81, 82, 83, 84))	3q6s_ligand
()	3q8d_ligand
((12, 14, 15, 16, 22, 17, 18, 19, 20), (24, 26, 27, 28, 34, 29, 30, 31, 32), (44, 49, 50, 51, 56, 52, 53, 54, 55))	3qfd_ligand
((33, 42, 43, 44, 50, 45, 46, 47, 48),)	3qg6_ligand
((42, 49, 50, 51, 56, 52, 53, 54, 55),)	3qn7_ligand
((12, 37, 43, 44, 13, 38, 40, 41, 42), (36, 37, 43, 44, 13, 38, 40, 41, 42))	3qs1_ligand
((9, 11, 12, 13, 19, 14, 15, 16, 17),)	3qsd_ligand
((2, 7, 8, 9, 14, 10, 11, 12, 13),)	3qxd_ligand
((29, 28, 27, 0, 1, 2, 31, 32, 34),)	3qzq_ligand
((59, 71, 72, 73, 78, 74, 75, 76, 77),)	3r0h_ligand
((3, 8, 9, 13, 15, 14, 10, 11, 12),)	3r0w_ligand
((3, 8, 9, 10, 15, 11, 12, 13, 14),)	3r0y_ligand
((2, 9, 10, 11, 16, 12, 13, 14, 15),)	3r42_ligand
((10, 16, 17, 18, 23, 19, 20, 21, 22),)	3r5j_ligand
((0, 3, 4, 5, 10, 6, 7, 8, 9), (12, 18, 19, 20, 25, 21, 22, 23, 24))	3r6g_ligand
((5, 11, 12, 13, 18, 14, 15, 16, 17),)	3r7b_ligand
((5, 11, 12, 13, 18, 14, 15, 16, 17),)	3r7n_ligand
((0, 3, 4, 5, 10, 6, 7, 8, 9), (12, 18, 19, 20, 26, 21, 22, 23, 24))	3rjm_ligand
((20, 26, 27, 28, 33, 29, 30, 31, 32), (42, 46, 47, 48, 53, 49, 50, 51, 52))	3rl7_ligand
((14, 20, 21, 22, 27, 23, 24, 25, 26), (36, 40, 41, 42, 47, 43, 44, 45, 46))	3rl8_ligand
()	3rwc_ligand
()	3rwd_ligand
((21, 29, 30, 31, 36, 32, 33, 34, 35),)	3rwh_ligand
((30, 37, 38, 39, 44, 40, 41, 42, 43),)	3rwi_ligand
((20, 27, 28, 29, 34, 30, 31, 32, 33),)	3rwj_ligand
((29, 28, 27, 0, 1, 2, 31, 32, 34),)	3sji_ligand
((29, 28, 27, 0, 1, 2, 31, 32, 34),)	3sjo_ligand
((12, 15, 16, 17, 25, 18, 19, 20, 21), (53, 44, 45, 46, 33, 47, 48, 49, 50))	3slz_ligand
((4, 6, 7, 8, 13, 9, 10, 11, 12), (8, 13, 14, 15, 20, 16, 17, 18, 19))	3sm1_ligand
((2, 6, 7, 8, 14, 9, 10, 11, 12),)	3so6_ligand
((27, 30, 31, 32, 38, 33, 34, 35, 36),)	3soq_ligand
((25, 28, 29, 30, 36, 31, 32, 33, 34),)	3sov_ligand
((26, 6, 5, 11, 9, 24, 8, 0, 14),)	3su0_ligand
((26, 6, 5, 11, 9, 24, 8, 0, 14),)	3su1_ligand
((26, 6, 5, 11, 9, 24, 8, 0, 14),)	3su2_ligand
((0, 20, 21, 22, 34, 35, 23, 17, 24), (10, 9, 8, 6, 1, 7, 12, 19, 49), (10, 9, 8, 6, 1, 7, 12, 19, 50), (10, 9, 8, 6, 1, 7, 12, 49, 50))	3su3_ligand
((0, 20, 21, 22, 34, 35, 23, 17, 24), (10, 9, 8, 6, 1, 7, 12, 19, 49), (10, 9, 8, 6, 1, 7, 12, 19, 50), (10, 9, 8, 6, 1, 7, 12, 49, 50))	3su4_ligand
((0, 20, 21, 22, 34, 35, 23, 17, 24), (10, 9, 8, 6, 1, 7, 12, 19, 49), (10, 9, 8, 6, 1, 7, 12, 19, 50), (10, 9, 8, 6, 1, 7, 12, 49, 50))	3su5_ligand
((0, 20, 21, 22, 34, 35, 23, 17, 24), (10, 9, 8, 6, 1, 7, 12, 19, 49), (10, 9, 8, 6, 1, 7, 12, 19, 50), (10, 9, 8, 6, 1, 7, 12, 49, 50))	3su6_ligand
((5, 1, 3, 0, 49, 2, 4, 19, 52), (5, 1, 3, 0, 49, 2, 4, 19, 53), (5, 1, 3, 0, 49, 2, 4, 52, 53), (18, 43, 16, 42, 23, 40, 24, 20, 41))	3sud_ligand
((5, 1, 3, 0, 49, 2, 4, 19, 52), (5, 1, 3, 0, 49, 2, 4, 19, 53), (5, 1, 3, 0, 49, 2, 4, 52, 53), (18, 43, 16, 42, 23, 40, 24, 20, 41))	3sue_ligand
((5, 1, 3, 0, 49, 2, 4, 19, 52), (5, 1, 3, 0, 49, 2, 4, 19, 53), (5, 1, 3, 0, 49, 2, 4, 52, 53), (18, 43, 16, 42, 23, 40, 24, 20, 41))	3suf_ligand
((5, 1, 3, 0, 49, 2, 4, 19, 52), (5, 1, 3, 0, 49, 2, 4, 19, 53), (5, 1, 3, 0, 49, 2, 4, 52, 53), (18, 43, 16, 42, 23, 40, 24, 20, 41))	3sug_ligand
((3, 8, 9, 10, 18, 11, 12, 13, 17), (10, 18, 19, 24, 27, 25, 20, 21, 22), (10, 18, 19, 24, 27, 25, 20, 21, 23), (10, 18, 19, 24, 27, 25, 20, 22, 23), (24, 27, 29, 26, 37, 28, 30, 31, 32), (34, 27, 29, 26, 37, 28, 30, 31, 32))	3sv6_ligand
((3, 8, 9, 10, 18, 11, 12, 13, 17), (10, 18, 19, 24, 27, 25, 20, 21, 22), (10, 18, 19, 24, 27, 25, 20, 21, 23), (10, 18, 19, 24, 27, 25, 20, 22, 23), (24, 27, 29, 26, 37, 28, 30, 31, 32), (34, 27, 29, 26, 37, 28, 30, 31, 32))	3sv7_ligand
((3, 8, 9, 10, 18, 11, 12, 13, 17), (10, 18, 19, 24, 27, 25, 20, 21, 22), (10, 18, 19, 24, 27, 25, 20, 21, 23), (10, 18, 19, 24, 27, 25, 20, 22, 23), (24, 27, 29, 26, 37, 28, 30, 31, 32), (34, 27, 29, 26, 37, 28, 30, 31, 32))	3sv8_ligand
((3, 8, 9, 10, 18, 11, 12, 13, 17), (10, 18, 19, 24, 27, 25, 20, 21, 22), (10, 18, 19, 24, 27, 25, 20, 21, 23), (10, 18, 19, 24, 27, 25, 20, 22, 23), (24, 27, 29, 26, 37, 28, 30, 31, 32), (34, 27, 29, 26, 37, 28, 30, 31, 32))	3sv9_ligand
((25, 32, 33, 34, 39, 35, 36, 37, 38),)	3sw9_ligand
((2, 8, 9, 10, 16, 11, 12, 13, 14),)	3sxu_ligand
((24, 28, 29, 30, 36, 31, 32, 33, 34),)	3t4p_ligand
((2, 7, 8, 9, 14, 10, 11, 12, 13),)	3t6b_ligand
((2, 7, 8, 9, 14, 10, 11, 12, 13),)	3t6j_ligand
((2, 5, 6, 7, 13, 8, 9, 10, 11), (25, 31, 32, 33, 39, 34, 35, 36, 37), (62, 69, 70, 71, 77, 72, 73, 74, 75))	3t7g_ligand
((5, 11, 12, 13, 19, 14, 15, 16, 17),)	3tdu_ligand
((5, 11, 12, 13, 19, 14, 15, 16, 17),)	3tdz_ligand
((25, 31, 32, 33, 38, 34, 35, 36, 37),)	3tfk_ligand
()	3tiw_ligand
((59, 71, 72, 73, 79, 74, 75, 76, 77),)	3tjh_ligand
((2, 7, 8, 9, 15, 10, 11, 12, 13), (33, 42, 43, 44, 49, 45, 46, 47, 48))	3tkz_ligand
((18, 17, 11, 12, 10, 13, 14, 15, 16),)	3tlh_ligand
((37, 30, 31, 32, 29, 33, 34, 35, 36),)	3tne_ligand
((70, 76, 77, 78, 84, 79, 80, 81, 82),)	3tpu_ligand
((66, 72, 73, 74, 79, 75, 76, 77, 78),)	3tsz_ligand
((39, 44, 45, 46, 52, 47, 48, 49, 50), (63, 70, 71, 72, 77, 73, 74, 75, 76))	3twu_ligand
((14, 19, 20, 21, 26, 22, 23, 24, 25),)	3tzd_ligand
((2, 5, 6, 7, 13, 8, 9, 10, 11), (7, 13, 14, 15, 21, 16, 17, 18, 19), (35, 41, 42, 43, 48, 44, 45, 46, 47), (54, 56, 57, 58, 63, 59, 60, 61, 62), (58, 63, 64, 65, 70, 66, 67, 68, 69))	3u0t_ligand
((8, 1, 3, 0, 19, 2, 4, 5, 6), (8, 1, 3, 0, 19, 2, 4, 5, 7), (8, 1, 3, 0, 19, 2, 4, 6, 7))	3u7k_ligand
((10, 1, 5, 0, 19, 2, 6, 7, 8), (10, 1, 5, 0, 19, 2, 6, 7, 9), (10, 1, 5, 0, 19, 2, 6, 8, 9))	3u7l_ligand
((20, 1, 3, 0, 23, 2, 4, 25, 26),)	3u7m_ligand
((20, 1, 3, 0, 23, 2, 4, 25, 26),)	3u7n_ligand
((1, 0, 4, 10, 14, 11, 5, 6, 7),)	3u92_ligand
((39, 45, 46, 47, 52, 48, 49, 50, 51),)	3ueo_ligand
((2, 5, 6, 7, 12, 8, 9, 10, 11), (14, 19, 20, 21, 27, 22, 23, 24, 25))	3uih_ligand
((2, 5, 6, 7, 12, 8, 9, 10, 11), (14, 19, 20, 21, 27, 22, 23, 24, 25))	3uij_ligand
((47, 50, 51, 52, 58, 53, 54, 55, 56),)	3unn_ligand
((9, 14, 15, 16, 21, 17, 18, 19, 20), (32, 39, 40, 41, 46, 42, 43, 44, 45))	3upv_ligand
((1, 7, 8, 9, 23, 10, 11, 12, 13),)	3uqp_ligand
((13, 15, 16, 17, 26, 18, 19, 20, 21), (17, 26, 27, 28, 30, 29, 24, 23, 25))	3ut5_ligand
((50, 57, 58, 59, 65, 60, 61, 62, 63),)	3uvk_ligand
((32, 39, 40, 41, 46, 42, 43, 44, 45),)	3uvm_ligand
((4, 6, 7, 8, 16, 9, 10, 11, 15),)	3uw4_ligand
((4, 6, 7, 8, 16, 9, 10, 11, 15),)	3uw5_ligand
((40, 46, 47, 48, 53, 49, 50, 51, 52),)	3ux0_ligand
((70, 76, 77, 78, 84, 79, 80, 81, 82),)	3uxg_ligand
((40, 46, 47, 48, 54, 49, 50, 51, 52),)	3uzd_ligand
((9, 15, 16, 17, 22, 18, 19, 20, 21),)	3v30_ligand
((81, 87, 88, 89, 95, 90, 91, 92, 93),)	3v31_ligand
()	3va4_ligand
((9, 12, 13, 14, 19, 15, 16, 17, 18),)	3vb4_ligand
((12, 15, 16, 17, 22, 18, 19, 20, 21),)	3vb5_ligand
((2, 5, 6, 7, 12, 8, 9, 10, 11),)	3vb6_ligand
((2, 5, 6, 7, 12, 8, 9, 10, 11),)	3vb7_ligand
((38, 49, 50, 51, 56, 52, 53, 54, 55), (63, 74, 66, 65, 20, 67, 68, 69, 70))	3wdc_ligand
((38, 49, 50, 51, 56, 52, 53, 54, 55), (63, 74, 66, 65, 20, 67, 68, 69, 70))	3wdd_ligand
((38, 49, 50, 51, 56, 52, 53, 54, 55), (63, 74, 66, 65, 20, 67, 68, 69, 70))	3wde_ligand
((11, 18, 19, 20, 25, 21, 22, 23, 24),)	3wdz_ligand
((13, 22, 23, 24, 29, 25, 26, 27, 28),)	3wp0_ligand
((60, 66, 67, 68, 73, 69, 70, 71, 72), (68, 73, 74, 75, 80, 76, 77, 78, 79))	3wsy_ligand
((10, 13, 14, 15, 20, 16, 17, 18, 19), (62, 72, 73, 74, 80, 75, 76, 77, 78))	3wut_ligand
((18, 21, 22, 23, 28, 24, 25, 26, 27),)	3wuu_ligand
((69, 79, 80, 81, 87, 82, 83, 84, 85),)	3wuv_ligand
((39, 49, 50, 51, 57, 52, 53, 54, 55),)	3zev_ligand
()	3zke_ligand
()	3zkf_ligand
((37, 43, 44, 45, 50, 46, 47, 48, 49),)	3zmt_ligand
((35, 41, 42, 43, 48, 44, 45, 46, 47),)	3zmu_ligand
((34, 40, 41, 42, 47, 43, 44, 45, 46),)	3zmv_ligand
((37, 40, 41, 42, 47, 43, 44, 45, 46),)	3zmz_ligand
((40, 46, 47, 48, 53, 49, 50, 51, 52),)	3zn1_ligand
((4, 2, 7, 44, 14, 17, 10, 13, 16), (4, 2, 7, 44, 14, 17, 10, 13, 45), (4, 2, 7, 44, 14, 17, 10, 16, 45), (29, 11, 24, 23, 8, 9, 25, 26, 27), (29, 11, 24, 23, 8, 9, 25, 26, 28), (29, 11, 24, 23, 8, 9, 25, 27, 28))	3zps_ligand
((4, 1, 7, 44, 14, 16, 10, 13, 45), (28, 11, 23, 22, 8, 9, 24, 25, 26), (28, 11, 23, 22, 8, 9, 24, 25, 27), (28, 11, 23, 22, 8, 9, 24, 26, 27))	3zpt_ligand
((2, 4, 5, 10, 12, 11, 6, 7, 8), (2, 4, 5, 10, 12, 11, 6, 7, 9), (2, 4, 5, 10, 12, 11, 6, 8, 9), (28, 30, 31, 36, 38, 37, 32, 33, 34), (28, 30, 31, 36, 38, 37, 32, 33, 35), (28, 30, 31, 36, 38, 37, 32, 34, 35))	3zpu_ligand
((2, 6, 7, 8, 13, 9, 10, 11, 12),)	3zqi_ligand
((9, 2, 3, 4, 1, 5, 6, 7, 8), (24, 2, 3, 4, 1, 5, 6, 7, 8))	3zxh_ligand
((21, 23, 24, 25, 31, 26, 27, 28, 29),)	4a1w_ligand
((2, 8, 9, 10, 16, 11, 12, 13, 14), (25, 28, 29, 30, 36, 31, 32, 33, 34))	4a2a_ligand
((39, 38, 37, 36, 35, 47, 43, 44, 45), (39, 38, 37, 36, 35, 47, 43, 44, 46), (39, 38, 37, 36, 35, 47, 43, 45, 46))	4a4q_ligand
((40, 39, 38, 37, 36, 48, 44, 45, 46), (40, 39, 38, 37, 36, 48, 44, 45, 47), (40, 39, 38, 37, 36, 48, 44, 46, 47))	4a6b_ligand
((38, 37, 36, 35, 34, 46, 42, 43, 44), (38, 37, 36, 35, 34, 46, 42, 43, 45), (38, 37, 36, 35, 34, 46, 42, 44, 45))	4a6c_ligand
((2, 12, 13, 14, 20, 15, 16, 17, 18),)	4aa1_ligand
((20, 27, 28, 29, 35, 30, 31, 32, 33),)	4aa2_ligand
((39, 43, 44, 45, 64, 46, 47, 48, 49), (52, 65, 66, 67, 73, 68, 69, 70, 71))	4abi_ligand
((56, 61, 62, 63, 69, 64, 65, 66, 67),)	4abj_ligand
((28, 35, 36, 37, 42, 38, 39, 40, 41),)	4aif_ligand
((11, 17, 18, 19, 25, 20, 21, 22, 23), (56, 65, 66, 67, 72, 68, 69, 70, 71), (88, 96, 97, 98, 104, 99, 100, 101, 102), (135, 141, 142, 143, 148, 144, 145, 146, 147))	4aom_ligand
((7, 16, 17, 18, 23, 19, 20, 21, 22), (25, 35, 36, 37, 43, 38, 39, 40, 41))	4aph_ligand
((24, 30, 31, 32, 37, 33, 34, 35, 36),)	4apo_ligand
((2, 7, 8, 9, 14, 10, 11, 12, 13),)	4b4n_ligand
((88, 94, 95, 96, 101, 97, 98, 99, 100),)	4b60_ligand
((64, 71, 72, 73, 78, 74, 75, 76, 77),)	4b8o_ligand
((2, 7, 8, 9, 14, 10, 11, 12, 13),)	4b8p_ligand
((28, 34, 35, 36, 41, 37, 38, 39, 40),)	4b9w_ligand
((27, 6, 7, 8, 10, 9, 0, 1, 5),)	4bah_ligand
((6, 7, 8, 15, 17, 16, 9, 10, 14),)	4bak_ligand
((27, 6, 7, 8, 10, 9, 0, 1, 5),)	4bam_ligand
((27, 6, 7, 8, 10, 9, 0, 1, 5),)	4ban_ligand
((27, 6, 7, 8, 10, 9, 0, 1, 5),)	4bao_ligand
((27, 6, 7, 8, 10, 9, 0, 1, 5),)	4baq_ligand
((42, 46, 47, 48, 54, 49, 50, 51, 52),)	4blb_ligand
((22, 24, 25, 26, 32, 27, 28, 29, 30),)	4bpi_ligand
((2, 5, 6, 7, 13, 8, 9, 10, 11),)	4bpj_ligand
((39, 45, 46, 47, 52, 48, 49, 50, 51),)	4bxu_ligand
((26, 25, 20, 18, 17, 19, 21, 22, 23),)	4bzr_ligand
((26, 25, 20, 18, 17, 19, 21, 22, 23),)	4bzs_ligand
((0, 3, 4, 5, 10, 6, 7, 8, 9), (19, 24, 25, 26, 39, 27, 28, 29, 30))	4cdr_ligand
((10, 12, 13, 17, 19, 18, 14, 15, 16), (38, 37, 32, 29, 28, 31, 33, 34, 35), (38, 37, 32, 29, 28, 31, 33, 34, 36), (38, 37, 32, 29, 28, 31, 33, 35, 36))	4cp7_ligand
((10, 12, 13, 17, 19, 18, 14, 15, 16), (38, 37, 32, 29, 28, 31, 33, 34, 35), (38, 37, 32, 29, 28, 31, 33, 34, 36), (38, 37, 32, 29, 28, 31, 33, 35, 36))	4cpq_ligand
((40, 37, 48, 41, 38, 13, 50, 8, 9), (40, 37, 48, 41, 38, 13, 50, 8, 10), (40, 37, 48, 41, 38, 13, 50, 9, 10), (42, 1, 3, 0, 36, 2, 4, 52, 53))	4cpr_ligand
((19, 18, 14, 12, 11, 13, 15, 16, 17), (36, 35, 30, 28, 27, 29, 31, 32, 33), (36, 35, 30, 28, 27, 29, 31, 32, 34), (36, 35, 30, 28, 27, 29, 31, 33, 34))	4cps_ligand
((19, 18, 14, 12, 11, 13, 15, 16, 17), (36, 35, 30, 28, 27, 29, 31, 32, 33), (36, 35, 30, 28, 27, 29, 31, 32, 34), (36, 35, 30, 28, 27, 29, 31, 33, 34))	4cpt_ligand
((19, 18, 14, 12, 11, 13, 15, 16, 17), (36, 35, 30, 28, 27, 29, 31, 32, 33), (36, 35, 30, 28, 27, 29, 31, 32, 34), (36, 35, 30, 28, 27, 29, 31, 33, 34))	4cpx_ligand
((13, 17, 18, 19, 24, 20, 21, 22, 23), (65, 70, 71, 72, 77, 73, 74, 75, 76))	4cy1_ligand
((10, 17, 18, 19, 26, 20, 21, 22, 23),)	4d8i_ligand
((41, 50, 51, 52, 58, 53, 54, 55, 56), (85, 93, 94, 95, 100, 96, 97, 98, 99), (113, 122, 123, 124, 129, 125, 126, 127, 128))	4djs_ligand
((3, 2, 1, 0, 4, 7, 9, 20, 21),)	4djx_ligand
((2, 1, 0, 4, 3, 6, 5, 15, 16),)	4djy_ligand
((12, 19, 20, 21, 27, 22, 23, 24, 25),)	4dma_ligand
((59, 61, 62, 63, 68, 64, 65, 66, 67),)	4dow_ligand
((6, 13, 14, 18, 20, 19, 15, 16, 17),)	4dr9_ligand
((34, 36, 37, 38, 44, 39, 40, 41, 42),)	4ds1_ligand
((0, 5, 6, 7, 21, 8, 9, 10, 11),)	4dv9_ligand
((17, 20, 21, 22, 27, 23, 24, 25, 26), (36, 41, 42, 43, 48, 44, 45, 46, 47), (43, 48, 49, 50, 55, 51, 52, 53, 54))	4dx9_ligand
((1, 0, 4, 10, 14, 11, 5, 6, 7),)	4e0w_ligand
((1, 0, 4, 10, 14, 11, 5, 6, 7),)	4e0x_ligand
((60, 64, 65, 66, 72, 67, 68, 69, 70), (66, 72, 73, 74, 80, 75, 76, 77, 78))	4e34_ligand
((41, 45, 46, 47, 53, 48, 49, 50, 51),)	4e35_ligand
((47, 51, 52, 53, 59, 54, 55, 56, 57),)	4e3b_ligand
((13, 18, 19, 20, 25, 21, 22, 23, 24), (27, 37, 38, 39, 45, 40, 41, 42, 43))	4e81_ligand
((0, 58, 80, 63, 82, 12, 71, 37, 41), (60, 59, 81, 64, 83, 13, 72, 38, 42))	4eb9_ligand
((0, 58, 80, 63, 82, 12, 71, 37, 41), (60, 59, 81, 64, 83, 13, 72, 38, 42))	4ec4_ligand
((31, 35, 36, 37, 42, 38, 39, 40, 41), (67, 72, 73, 74, 80, 75, 76, 77, 78))	4ejf_ligand
((34, 44, 45, 46, 51, 47, 48, 49, 50),)	4ep2_ligand
((25, 35, 36, 37, 42, 38, 39, 40, 41),)	4eqj_ligand
((4, 6, 7, 8, 13, 9, 10, 11, 12), (8, 13, 14, 15, 20, 16, 17, 18, 19))	4er2_ligand
((47, 52, 53, 54, 59, 55, 56, 57, 58), (54, 59, 60, 61, 67, 62, 63, 64, 65))	4er4_ligand
((80, 87, 88, 89, 95, 90, 91, 92, 93),)	4erq_ligand
()	4ery_ligand
((62, 69, 70, 71, 76, 72, 73, 74, 75),)	4erz_ligand
((89, 96, 97, 98, 103, 99, 100, 101, 102),)	4esg_ligand
((0, 3, 4, 5, 10, 6, 7, 8, 9), (5, 10, 11, 12, 17, 13, 14, 15, 16))	4exh_ligand
((37, 30, 31, 32, 29, 33, 34, 35, 36),)	4eyr_ligand
((27, 32, 33, 34, 40, 35, 36, 37, 38),)	4ezq_ligand
((36, 41, 42, 43, 49, 44, 45, 46, 47), (51, 60, 61, 62, 67, 63, 64, 65, 66))	4ezr_ligand
((31, 36, 37, 38, 43, 39, 40, 41, 42), (38, 43, 44, 45, 51, 46, 47, 48, 49))	4ezt_ligand
((21, 27, 28, 29, 35, 30, 31, 32, 33),)	4ezy_ligand
((26, 32, 33, 34, 39, 35, 36, 37, 38), (41, 48, 49, 50, 56, 51, 52, 53, 54))	4ezz_ligand
((1, 0, 4, 10, 14, 11, 5, 6, 7),)	4f39_ligand
((0, 5, 6, 7, 21, 8, 9, 10, 11),)	4fgx_ligand
((23, 30, 31, 32, 38, 33, 34, 35, 36),)	4fgy_ligand
((26, 28, 12, 13, 15, 29, 30, 14, 31),)	4fiv_ligand
((0, 3, 4, 5, 10, 6, 7, 8, 9),)	4fmn_ligand
((44, 50, 51, 52, 57, 53, 54, 55, 56),)	4fr3_ligand
((9, 19, 20, 21, 27, 22, 23, 24, 25),)	4fys_ligand
((14, 20, 21, 22, 27, 23, 24, 25, 26), (36, 40, 41, 42, 47, 43, 44, 45, 46))	4g69_ligand
()	4g8m_ligand
()	4g8n_ligand
((7, 11, 12, 13, 19, 14, 15, 16, 17),)	4gao_ligand
((21, 20, 16, 17, 19, 18, 11, 10, 15),)	4gd6_ligand
((29, 28, 27, 0, 1, 2, 31, 32, 34),)	4ght_ligand
((2, 9, 10, 11, 16, 12, 13, 14, 15), (18, 21, 22, 23, 28, 24, 25, 26, 27), (23, 28, 29, 30, 35, 31, 32, 33, 34))	4glr_ligand
((30, 36, 37, 38, 44, 39, 40, 41, 42), (38, 44, 45, 46, 51, 47, 48, 49, 50))	4gpk_ligand
((9, 11, 12, 13, 18, 14, 15, 16, 17),)	4gye_ligand
((9, 11, 12, 13, 18, 14, 15, 16, 17),)	4gzf_ligand
((2, 7, 8, 9, 14, 10, 11, 12, 13),)	4h3b_ligand
((27, 32, 33, 34, 39, 35, 36, 37, 38), (69, 74, 75, 76, 82, 77, 78, 79, 80))	4h3q_ligand
((39, 43, 44, 45, 51, 46, 47, 48, 49), (60, 65, 66, 67, 73, 68, 69, 70, 71))	4hgc_ligand
((1, 7, 8, 9, 17, 10, 11, 12, 13),)	4hnp_ligand
((29, 36, 37, 38, 43, 39, 40, 41, 42),)	4hpy_ligand
((1, 7, 8, 9, 17, 10, 11, 12, 13),)	4hrc_ligand
((1, 7, 8, 9, 14, 10, 11, 12, 13),)	4hrd_ligand
((11, 17, 18, 19, 25, 20, 21, 22, 23), (74, 82, 83, 84, 90, 85, 86, 87, 88))	4hs6_ligand
((11, 17, 18, 19, 25, 20, 21, 22, 23), (74, 82, 83, 84, 90, 85, 86, 87, 88))	4hs8_ligand
((46, 48, 49, 50, 56, 51, 52, 53, 54),)	4ht6_ligand
((2, 5, 6, 7, 12, 8, 9, 10, 11), (44, 51, 52, 53, 58, 54, 55, 56, 57))	4htp_ligand
((22, 31, 32, 33, 39, 34, 35, 36, 37),)	4hyb_ligand
((22, 27, 28, 29, 35, 30, 31, 32, 33), (46, 53, 54, 55, 60, 56, 57, 58, 59))	4i2w_ligand
((41, 48, 49, 50, 55, 51, 52, 53, 54),)	4i2z_ligand
((10, 14, 15, 16, 21, 17, 18, 19, 20), (16, 21, 22, 23, 28, 24, 25, 26, 27), (23, 28, 29, 30, 36, 31, 32, 33, 34), (30, 36, 37, 38, 43, 39, 40, 41, 42), (49, 58, 59, 60, 66, 61, 62, 63, 64), (60, 66, 67, 68, 74, 69, 70, 71, 72))	4i31_ligand
((10, 14, 15, 16, 21, 17, 18, 19, 20), (16, 21, 22, 23, 28, 24, 25, 26, 27), (23, 28, 29, 30, 36, 31, 32, 33, 34), (30, 36, 37, 38, 43, 39, 40, 41, 42), (49, 58, 59, 60, 66, 61, 62, 63, 64), (60, 66, 67, 68, 74, 69, 70, 71, 72))	4i32_ligand
((10, 14, 15, 16, 21, 17, 18, 19, 20), (16, 21, 22, 23, 28, 24, 25, 26, 27), (23, 28, 29, 30, 36, 31, 32, 33, 34), (30, 36, 37, 38, 43, 39, 40, 41, 42), (49, 58, 59, 60, 66, 61, 62, 63, 64), (60, 66, 67, 68, 74, 69, 70, 71, 72))	4i33_ligand
((21, 26, 27, 28, 33, 29, 30, 31, 32), (41, 47, 48, 49, 54, 50, 51, 52, 53), (74, 79, 80, 81, 86, 82, 83, 84, 85))	4i7b_ligand
((30, 35, 36, 37, 42, 38, 39, 40, 41), (54, 60, 61, 62, 67, 63, 64, 65, 66), (87, 99, 100, 101, 106, 102, 103, 104, 105))	4i7c_ligand
((33, 38, 39, 40, 45, 41, 42, 43, 44), (52, 58, 59, 60, 65, 61, 62, 63, 64), (83, 96, 97, 98, 103, 99, 100, 101, 102))	4i7d_ligand
((26, 32, 33, 34, 40, 35, 36, 37, 38),)	4i9c_ligand
((58, 65, 66, 67, 73, 68, 69, 70, 71),)	4ib5_ligand
((23, 28, 29, 30, 35, 31, 32, 33, 34),)	4ifi_ligand
((1, 3, 4, 5, 0, 6, 7, 8, 9),)	4ih6_ligand
((7, 10, 11, 12, 17, 13, 14, 15, 16),)	4int_ligand
((10, 6, 7, 13, 18, 14, 8, 9, 12),)	4isu_ligand
((2, 5, 6, 7, 13, 8, 9, 10, 11), (15, 18, 19, 20, 25, 21, 22, 23, 24))	4j44_ligand
((2, 5, 6, 7, 12, 8, 9, 10, 11), (14, 19, 20, 21, 27, 22, 23, 24, 25))	4j46_ligand
((2, 6, 7, 8, 13, 9, 10, 11, 12), (15, 20, 21, 22, 28, 23, 24, 25, 26))	4j47_ligand
((15, 24, 25, 26, 31, 27, 28, 29, 30),)	4j48_ligand
((30, 36, 37, 38, 43, 39, 40, 41, 42),)	4j73_ligand
((11, 18, 19, 20, 25, 21, 22, 23, 24), (27, 35, 36, 37, 42, 38, 39, 40, 41))	4j79_ligand
((18, 27, 28, 29, 35, 30, 31, 32, 33),)	4j8g_ligand
((32, 37, 38, 39, 45, 40, 41, 42, 43), (66, 75, 76, 77, 83, 78, 79, 80, 81), (85, 89, 90, 91, 96, 92, 93, 94, 95))	4j8s_ligand
((6, 13, 14, 18, 20, 19, 15, 16, 17),)	4je7_ligand
((24, 27, 28, 29, 35, 30, 31, 32, 33), (37, 39, 40, 41, 47, 42, 43, 44, 45), (57, 62, 63, 64, 69, 65, 66, 67, 68))	4jfd_ligand
((24, 26, 27, 28, 34, 29, 30, 31, 32), (53, 58, 59, 60, 65, 61, 62, 63, 64))	4jfe_ligand
((24, 26, 27, 28, 34, 29, 30, 31, 32), (36, 38, 39, 40, 46, 41, 42, 43, 44), (56, 61, 62, 63, 68, 64, 65, 66, 67))	4jff_ligand
((14, 24, 25, 26, 31, 27, 28, 29, 30), (26, 31, 32, 33, 38, 34, 35, 36, 37))	4jfx_ligand
((23, 33, 34, 35, 40, 36, 37, 38, 39), (35, 40, 41, 42, 47, 43, 44, 45, 46))	4jfz_ligand
((23, 33, 34, 35, 40, 36, 37, 38, 39), (35, 40, 41, 42, 47, 43, 44, 45, 46))	4jg0_ligand
((23, 33, 34, 35, 40, 36, 37, 38, 39), (35, 40, 41, 42, 47, 43, 44, 45, 46))	4jg1_ligand
((26, 32, 33, 34, 39, 35, 36, 37, 38), (34, 39, 40, 41, 46, 42, 43, 44, 45))	4jiz_ligand
((21, 23, 25, 29, 31, 30, 26, 27, 28), (24, 23, 25, 29, 31, 30, 26, 27, 28), (62, 64, 65, 66, 71, 67, 68, 69, 70))	4jjm_ligand
((42, 49, 50, 51, 56, 52, 53, 54, 55),)	4jk5_ligand
((42, 49, 50, 51, 56, 52, 53, 54, 55),)	4jk6_ligand
((34, 40, 41, 42, 47, 43, 44, 45, 46),)	4jmg_ligand
((51, 55, 56, 57, 63, 58, 59, 60, 61), (57, 63, 64, 65, 71, 66, 67, 68, 69))	4joe_ligand
((35, 39, 40, 41, 47, 42, 43, 44, 45), (41, 47, 48, 49, 55, 50, 51, 52, 53))	4jof_ligand
((8, 17, 18, 19, 24, 20, 21, 22, 23), (40, 44, 45, 46, 52, 47, 48, 49, 50), (46, 52, 53, 54, 60, 55, 56, 57, 58))	4jog_ligand
((16, 20, 21, 22, 28, 23, 24, 25, 26), (22, 28, 29, 30, 36, 31, 32, 33, 34))	4joh_ligand
((44, 48, 49, 50, 56, 51, 52, 53, 54), (50, 56, 57, 58, 64, 59, 60, 61, 62))	4joj_ligand
((53, 57, 58, 59, 65, 60, 61, 62, 63), (59, 65, 66, 67, 73, 68, 69, 70, 71))	4jok_ligand
((13, 20, 21, 22, 28, 23, 24, 25, 26),)	4jr0_ligand
((42, 49, 50, 51, 56, 52, 53, 54, 55), (73, 77, 78, 79, 85, 80, 81, 82, 83))	4k0u_ligand
((49, 53, 54, 55, 61, 56, 57, 58, 59), (55, 61, 62, 63, 69, 64, 65, 66, 67))	4k6y_ligand
((10, 14, 15, 16, 22, 17, 18, 19, 20), (16, 22, 23, 24, 30, 25, 26, 27, 28))	4k72_ligand
((34, 33, 32, 17, 16, 18, 26, 27, 31),)	4kjv_ligand
((46, 50, 51, 52, 58, 53, 54, 55, 56),)	4kmd_ligand
((13, 8, 15, 20, 3, 2, 14, 18, 19),)	4kqo_ligand
((13, 8, 15, 20, 3, 2, 14, 18, 19),)	4kqq_ligand
((13, 8, 15, 20, 3, 2, 14, 18, 19),)	4kqr_ligand
((34, 20, 18, 22, 25, 21, 19, 17, 23),)	4ktc_ligand
((0, 3, 4, 5, 11, 6, 7, 8, 9),)	4ktu_ligand
((8, 10, 11, 12, 17, 13, 14, 15, 16), (12, 17, 18, 19, 24, 20, 21, 22, 23))	4kx8_ligand
((1, 2, 12, 13, 14, 19, 16, 17, 18), (3, 2, 12, 13, 14, 19, 16, 17, 18))	4l1a_ligand
((46, 54, 55, 56, 61, 57, 58, 59, 60),)	4l3o_ligand
((72, 75, 76, 77, 82, 78, 79, 80, 81),)	4lg6_ligand
((8, 17, 18, 19, 25, 20, 21, 22, 23), (27, 35, 36, 37, 43, 38, 39, 40, 41))	4m1d_ligand
((31, 38, 39, 40, 45, 41, 42, 43, 44),)	4m7c_ligand
((21, 20, 16, 17, 19, 18, 11, 10, 12),)	4mbf_ligand
((11, 16, 17, 22, 24, 23, 18, 19, 20),)	4mex_ligand
((25, 30, 31, 32, 38, 33, 34, 35, 36), (47, 51, 52, 53, 59, 54, 55, 56, 57))	4mji_ligand
()	4mnq_ligand
((12, 19, 20, 21, 26, 22, 23, 24, 25), (61, 66, 67, 68, 73, 69, 70, 71, 72))	4mny_ligand
((5, 7, 8, 15, 17, 16, 9, 10, 14),)	4mu7_ligand
((29, 31, 35, 36, 44, 37, 34, 33, 38), (32, 31, 35, 36, 44, 37, 34, 33, 38))	4my6_ligand
((59, 68, 69, 70, 75, 71, 72, 73, 74), (91, 99, 100, 101, 107, 102, 103, 104, 105), (138, 144, 145, 146, 151, 147, 148, 149, 150))	4mzj_ligand
((14, 20, 21, 22, 28, 23, 24, 25, 26), (136, 142, 143, 144, 149, 145, 146, 147, 148))	4mzk_ligand
((7, 13, 14, 15, 21, 16, 17, 18, 19), (51, 60, 61, 62, 67, 63, 64, 65, 66), (83, 91, 92, 93, 99, 94, 95, 96, 97), (128, 134, 135, 136, 141, 137, 138, 139, 140))	4mzl_ligand
((21, 20, 15, 23, 22, 24, 14, 13, 19),)	4n00_ligand
((42, 44, 45, 46, 51, 47, 48, 49, 50),)	4n3w_ligand
((53, 60, 61, 62, 67, 63, 64, 65, 66),)	4n7h_ligand
((38, 44, 45, 46, 52, 47, 48, 49, 50), (96, 105, 106, 107, 113, 108, 109, 110, 111))	4ngh_ligand
((38, 44, 45, 46, 52, 47, 48, 49, 50), (96, 105, 106, 107, 113, 108, 109, 110, 111))	4nhc_ligand
((55, 57, 58, 59, 65, 60, 61, 62, 63),)	4nmo_ligand
((35, 39, 40, 41, 47, 42, 43, 44, 45), (41, 47, 48, 49, 55, 50, 51, 52, 53))	4nmp_ligand
((65, 69, 70, 71, 77, 72, 73, 74, 75), (71, 77, 78, 79, 85, 80, 81, 82, 83))	4nmq_ligand
((58, 62, 63, 64, 70, 65, 66, 67, 68), (64, 70, 71, 72, 78, 73, 74, 75, 76))	4nmr_ligand
((36, 52, 53, 54, 60, 55, 56, 57, 58),)	4nms_ligand
((47, 60, 61, 62, 68, 63, 64, 65, 66),)	4nmt_ligand
((36, 52, 53, 54, 60, 55, 56, 57, 58),)	4nmv_ligand
((5, 10, 11, 12, 17, 13, 14, 15, 16), (103, 115, 116, 117, 122, 118, 119, 120, 121))	4nmx_ligand
((20, 29, 30, 31, 36, 32, 33, 34, 35), (93, 100, 101, 102, 107, 103, 104, 105, 106))	4nuf_ligand
((3, 24, 9, 10, 13, 28, 26, 11, 27), (41, 40, 35, 19, 21, 34, 36, 37, 38), (41, 40, 35, 19, 21, 34, 36, 37, 39), (41, 40, 35, 19, 21, 34, 36, 38, 39))	4nwk_ligand
((11, 19, 20, 21, 26, 22, 23, 24, 25), (28, 31, 32, 33, 38, 34, 35, 36, 37))	4o2c_ligand
((8, 16, 17, 18, 23, 19, 20, 21, 22), (25, 28, 29, 30, 35, 31, 32, 33, 34))	4o2e_ligand
((2, 10, 11, 12, 17, 13, 14, 15, 16), (19, 22, 23, 24, 29, 25, 26, 27, 28))	4o2f_ligand
((2, 8, 9, 10, 15, 11, 12, 13, 14),)	4o3t_ligand
((2, 8, 9, 10, 16, 11, 12, 13, 14),)	4o3u_ligand
((49, 51, 52, 53, 58, 54, 55, 56, 57),)	4o42_ligand
()	4o9w_ligand
((5, 10, 11, 12, 18, 13, 14, 15, 16),)	4ofb_ligand
((16, 25, 26, 27, 32, 28, 29, 30, 31),)	4omc_ligand
((11, 20, 21, 22, 27, 23, 24, 25, 26),)	4omd_ligand
((68, 75, 76, 77, 83, 78, 79, 80, 81),)	4oyk_ligand
((28, 27, 22, 20, 19, 21, 23, 24, 25),)	4p44_ligand
((27, 26, 22, 20, 19, 21, 23, 24, 25),)	4p45_ligand
((6, 14, 15, 16, 27, 17, 18, 19, 20),)	4pis_ligand
((54, 64, 65, 66, 72, 67, 68, 69, 70),)	4po7_ligand
((12, 17, 18, 19, 24, 20, 21, 22, 23),)	4pr5_ligand
((12, 17, 18, 19, 24, 20, 21, 22, 23),)	4pra_ligand
((12, 17, 18, 19, 24, 20, 21, 22, 23),)	4prb_ligand
((12, 17, 18, 19, 24, 20, 21, 22, 23),)	4prd_ligand
((12, 17, 18, 19, 24, 20, 21, 22, 23),)	4pre_ligand
((12, 17, 18, 19, 24, 20, 21, 22, 23),)	4prh_ligand
((12, 17, 18, 19, 24, 20, 21, 22, 23),)	4pri_ligand
((12, 17, 18, 19, 24, 20, 21, 22, 23),)	4prn_ligand
((12, 17, 18, 19, 24, 20, 21, 22, 23),)	4prp_ligand
((2, 8, 9, 10, 16, 11, 12, 13, 14), (18, 24, 25, 26, 31, 27, 28, 29, 30))	4pxf_ligand
((5, 9, 10, 11, 17, 12, 13, 14, 15), (52, 59, 60, 61, 67, 62, 63, 64, 65))	4pz5_ligand
()	4q3r_ligand
((6, 13, 14, 18, 20, 19, 15, 16, 17),)	4q4e_ligand
((8, 10, 11, 12, 17, 13, 14, 15, 16), (12, 17, 18, 19, 24, 20, 21, 22, 23))	4q4i_ligand
((63, 65, 66, 67, 72, 68, 69, 70, 71),)	4qbm_ligand
()	4qfp_ligand
((19, 24, 25, 26, 32, 27, 28, 29, 30),)	4qh7_ligand
((59, 65, 66, 67, 73, 68, 69, 70, 71),)	4qh8_ligand
((21, 23, 24, 25, 31, 26, 27, 28, 29), (33, 35, 36, 37, 43, 38, 39, 40, 41), (53, 58, 59, 60, 65, 61, 62, 63, 64))	4qok_ligand
((7, 11, 12, 13, 18, 14, 15, 16, 17),)	4qqi_ligand
((46, 50, 51, 52, 58, 53, 54, 55, 56),)	4qxt_ligand
((46, 50, 51, 52, 58, 53, 54, 55, 56),)	4qy8_ligand
((46, 50, 51, 52, 58, 53, 54, 55, 56),)	4qyo_ligand
((28, 37, 38, 39, 44, 40, 41, 42, 43), (60, 68, 69, 70, 76, 71, 72, 73, 74), (107, 113, 114, 115, 120, 116, 117, 118, 119))	4r1e_ligand
((5, 6, 7, 8, 10, 9, 11, 12, 13),)	4r3b_ligand
((56, 60, 61, 62, 68, 63, 64, 65, 66),)	4r3s_ligand
((48, 55, 56, 57, 62, 58, 59, 60, 61),)	4ris_ligand
((21, 28, 29, 30, 36, 31, 32, 33, 34),)	4rme_ligand
((10, 22, 6, 5, 21, 26, 7, 8, 9),)	4rn0_ligand
((10, 24, 6, 5, 23, 28, 7, 8, 9),)	4rn1_ligand
((10, 24, 6, 5, 23, 28, 7, 8, 9),)	4rn2_ligand
((50, 60, 61, 62, 68, 63, 64, 65, 66),)	4rrv_ligand
((9, 13, 14, 15, 20, 16, 17, 18, 19),)	4rsp_ligand
((31, 38, 39, 40, 45, 41, 42, 43, 44),)	4rxh_ligand
((16, 25, 26, 31, 33, 32, 27, 28, 29), (16, 25, 26, 31, 33, 32, 27, 28, 30), (16, 25, 26, 31, 33, 32, 27, 29, 30))	4ryd_ligand
((13, 19, 20, 21, 27, 22, 23, 24, 25), (21, 27, 28, 29, 34, 30, 31, 32, 33), (66, 71, 72, 73, 79, 74, 75, 76, 77))	4tk1_ligand
((13, 19, 20, 21, 27, 22, 23, 24, 25), (21, 27, 28, 29, 34, 30, 31, 32, 33))	4tk2_ligand
((13, 17, 18, 19, 25, 20, 21, 22, 23), (19, 25, 26, 27, 32, 28, 29, 30, 31))	4tk3_ligand
((13, 17, 18, 19, 25, 20, 21, 22, 23), (19, 25, 26, 27, 32, 28, 29, 30, 31))	4tk4_ligand
((9, 13, 14, 15, 21, 16, 17, 18, 19),)	4tkn_ligand
((2, 9, 10, 11, 17, 12, 13, 14, 15),)	4trw_ligand
((2, 9, 10, 11, 17, 12, 13, 14, 15),)	4trz_ligand
((55, 62, 63, 64, 69, 65, 66, 67, 68),)	4twt_ligand
((30, 32, 33, 34, 39, 35, 36, 37, 38), (62, 66, 67, 68, 74, 69, 70, 71, 72))	4tzm_ligand
((30, 32, 33, 34, 39, 35, 36, 37, 38), (62, 66, 67, 68, 74, 69, 70, 71, 72))	4tzq_ligand
((40, 39, 32, 30, 29, 31, 34, 21, 33),)	4u01_ligand
((2, 7, 8, 9, 14, 10, 11, 12, 13),)	4u0a_ligand
((2, 7, 8, 9, 14, 10, 11, 12, 13),)	4u0b_ligand
((21, 23, 24, 25, 30, 26, 27, 28, 29),)	4u0c_ligand
((21, 23, 24, 25, 30, 26, 27, 28, 29),)	4u0d_ligand
((42, 46, 47, 48, 54, 49, 50, 51, 52), (89, 98, 99, 100, 105, 101, 102, 103, 104))	4u2w_ligand
((67, 76, 77, 78, 84, 79, 80, 81, 82),)	4u6x_ligand
((54, 61, 62, 63, 68, 64, 65, 66, 67), (92, 101, 102, 103, 108, 104, 105, 106, 107))	4u6y_ligand
((3, 30, 10, 9, 35, 34, 31, 32, 33),)	4u7q_ligand
()	4u7v_ligand
((13, 19, 20, 21, 27, 22, 23, 24, 25), (21, 27, 28, 29, 34, 30, 31, 32, 33))	4u90_ligand
((13, 17, 18, 19, 25, 20, 21, 22, 23), (19, 25, 26, 27, 32, 28, 29, 30, 31))	4u91_ligand
((42, 50, 46, 44, 41, 45, 47, 48, 49), (51, 50, 46, 44, 41, 45, 47, 48, 49))	4url_ligand
((42, 50, 46, 44, 41, 45, 47, 48, 49), (51, 50, 46, 44, 41, 45, 47, 48, 49))	4urm_ligand
((10, 12, 13, 14, 19, 15, 16, 17, 18), (66, 68, 69, 70, 75, 71, 72, 73, 74))	4utn_ligand
((10, 12, 13, 14, 19, 15, 16, 17, 18), (59, 61, 62, 63, 68, 64, 65, 66, 67))	4utr_ligand
((10, 12, 13, 14, 19, 15, 16, 17, 18), (59, 61, 62, 63, 68, 64, 65, 66, 67))	4utv_ligand
((10, 12, 13, 14, 19, 15, 16, 17, 18), (59, 61, 62, 63, 68, 64, 65, 66, 67))	4utx_ligand
((103, 109, 110, 111, 117, 112, 113, 114, 115),)	4uu5_ligand
((10, 12, 13, 14, 19, 15, 16, 17, 18), (59, 61, 62, 63, 68, 64, 65, 66, 67))	4uu7_ligand
((10, 12, 13, 14, 19, 15, 16, 17, 18), (59, 61, 62, 63, 68, 64, 65, 66, 67))	4uu8_ligand
((10, 12, 13, 14, 19, 15, 16, 17, 18), (59, 61, 62, 63, 68, 64, 65, 66, 67))	4uua_ligand
((10, 12, 13, 14, 19, 15, 16, 17, 18), (59, 61, 62, 63, 68, 64, 65, 66, 67))	4uub_ligand
((26, 30, 31, 32, 37, 33, 34, 35, 36),)	4w4z_ligand
((26, 30, 31, 32, 37, 33, 34, 35, 36),)	4w50_ligand
((1, 3, 4, 9, 11, 10, 5, 6, 7), (1, 3, 4, 9, 11, 10, 5, 6, 8), (1, 3, 4, 9, 11, 10, 5, 7, 8))	4w9h_ligand
((9, 11, 12, 17, 19, 18, 13, 14, 15), (9, 11, 12, 17, 19, 18, 13, 14, 16), (9, 11, 12, 17, 19, 18, 13, 15, 16))	4w9j_ligand
((30, 29, 24, 22, 21, 23, 25, 26, 27), (30, 29, 24, 22, 21, 23, 25, 26, 28), (30, 29, 24, 22, 21, 23, 25, 27, 28))	4w9k_ligand
((1, 3, 4, 9, 11, 10, 5, 6, 7), (1, 3, 4, 9, 11, 10, 5, 6, 8), (1, 3, 4, 9, 11, 10, 5, 7, 8), (9, 11, 12, 17, 19, 18, 13, 14, 15), (9, 11, 12, 17, 19, 18, 13, 14, 16), (9, 11, 12, 17, 19, 18, 13, 15, 16))	4w9l_ligand
((11, 17, 18, 19, 25, 20, 21, 22, 23), (74, 82, 83, 84, 89, 85, 86, 87, 88))	4wht_ligand
((11, 17, 18, 19, 25, 20, 21, 22, 23), (74, 82, 83, 84, 89, 85, 86, 87, 88))	4why_ligand
((25, 27, 28, 29, 35, 30, 31, 32, 33), (37, 39, 40, 41, 47, 42, 43, 44, 45))	4wj5_ligand
((17, 24, 25, 26, 31, 27, 28, 29, 30), (26, 31, 32, 33, 38, 34, 35, 36, 37), (33, 38, 39, 40, 46, 41, 42, 43, 44))	4wj7_ligand
((2, 7, 8, 9, 14, 10, 11, 12, 13), (41, 48, 49, 50, 56, 51, 52, 53, 54))	4wv6_ligand
((4, 6, 7, 8, 23, 9, 10, 11, 12),)	4wvu_ligand
((21, 24, 3, 4, 25, 26, 5, 6, 7), (21, 24, 3, 4, 25, 26, 5, 6, 8), (21, 24, 3, 4, 25, 26, 5, 7, 8))	4wx6_ligand
((35, 41, 42, 43, 49, 44, 45, 46, 47), (102, 112, 113, 114, 120, 115, 116, 117, 118))	4wy7_ligand
((2, 7, 8, 9, 14, 10, 11, 12, 13),)	4wym_ligand
((2, 11, 12, 13, 19, 14, 15, 16, 17),)	4x3h_ligand
((61, 67, 68, 69, 75, 70, 71, 72, 73),)	4x8n_ligand
((87, 93, 94, 95, 101, 96, 97, 98, 99),)	4x8p_ligand
()	4xaq_ligand
()	4xar_ligand
()	4xas_ligand
((43, 55, 56, 57, 62, 58, 59, 60, 61), (64, 73, 74, 75, 80, 76, 77, 78, 79))	4xc2_ligand
((1, 3, 8, 12, 14, 13, 9, 10, 11), (4, 3, 8, 12, 14, 13, 9, 10, 11))	4xct_ligand
((25, 31, 32, 33, 38, 34, 35, 36, 37), (72, 82, 83, 84, 89, 85, 86, 87, 88))	4xhv_ligand
((5, 14, 1, 0, 12, 3, 13, 2, 23), (15, 14, 1, 0, 12, 3, 13, 2, 23))	4xm6_ligand
((15, 4, 0, 1, 17, 18, 16, 5, 6), (19, 4, 0, 1, 17, 18, 16, 5, 6))	4xm7_ligand
((4, 3, 0, 1, 16, 15, 23, 14, 24), (17, 3, 0, 1, 16, 15, 23, 14, 24))	4xm8_ligand
()	4xmr_ligand
((48, 55, 56, 57, 62, 58, 59, 60, 61),)	4xyn_ligand
((11, 18, 19, 20, 26, 21, 22, 23, 24), (28, 34, 35, 36, 41, 37, 38, 39, 40), (36, 41, 42, 43, 48, 44, 45, 46, 47), (50, 54, 55, 56, 61, 57, 58, 59, 60))	4y7r_ligand
((21, 23, 25, 29, 31, 30, 26, 27, 28), (24, 23, 25, 29, 31, 30, 26, 27, 28), (62, 64, 65, 66, 71, 67, 68, 69, 70))	4yv9_ligand
((14, 19, 20, 21, 26, 22, 23, 24, 25),)	4z2o_ligand
((14, 19, 20, 21, 26, 22, 23, 24, 25),)	4z2p_ligand
((2, 9, 10, 11, 17, 12, 13, 14, 15),)	4z68_ligand
((11, 17, 18, 19, 24, 20, 21, 22, 23),)	4z7n_ligand
((11, 17, 18, 19, 24, 20, 21, 22, 23),)	4z7q_ligand
((37, 44, 45, 46, 52, 47, 48, 49, 50),)	4z88_ligand
((0, 3, 4, 5, 11, 6, 7, 8, 9),)	4z8a_ligand
((49, 59, 60, 61, 67, 62, 63, 64, 65),)	4zhl_ligand
((43, 53, 54, 55, 61, 56, 57, 58, 59),)	4zhm_ligand
((14, 21, 22, 23, 28, 24, 25, 26, 27),)	4zl4_ligand
((9, 13, 14, 15, 20, 16, 17, 18, 19),)	4zro_ligand
((21, 23, 25, 29, 32, 30, 26, 27, 28), (24, 23, 25, 29, 32, 30, 26, 27, 28), (74, 76, 77, 78, 83, 79, 80, 81, 82))	5a0e_ligand
((2, 8, 9, 10, 16, 11, 12, 13, 14), (82, 89, 90, 91, 97, 92, 93, 94, 95))	5aer_ligand
((0, 3, 5, 9, 12, 10, 6, 7, 8), (4, 3, 5, 9, 12, 10, 6, 7, 8), (49, 51, 53, 57, 65, 58, 54, 55, 56), (52, 51, 53, 57, 65, 58, 54, 55, 56))	5agu_ligand
((0, 3, 4, 5, 11, 6, 7, 8, 9), (10, 3, 4, 5, 11, 6, 7, 8, 9), (45, 51, 52, 53, 59, 54, 55, 56, 57), (58, 51, 52, 53, 59, 54, 55, 56, 57))	5agv_ligand
((0, 3, 5, 9, 12, 10, 6, 7, 8), (4, 3, 5, 9, 12, 10, 6, 7, 8), (45, 51, 53, 57, 59, 58, 54, 55, 56), (52, 51, 53, 57, 59, 58, 54, 55, 56))	5ah2_ligand
((36, 41, 42, 43, 48, 44, 45, 46, 47),)	5ajo_ligand
((29, 34, 35, 36, 41, 37, 38, 39, 40),)	5ajp_ligand
((3, 7, 6, 5, 12, 11, 1, 0, 2),)	5c0k_ligand
()	5cnj_ligand
()	5cnm_ligand
((38, 49, 50, 51, 56, 52, 53, 54, 55), (63, 74, 66, 65, 3, 67, 68, 69, 70))	5cs2_ligand
((31, 33, 34, 35, 41, 36, 37, 38, 39),)	5dms_ligand
((11, 14, 15, 16, 22, 17, 18, 19, 20),)	5e0l_ligand
((24, 33, 34, 35, 41, 36, 37, 38, 39),)	5e1b_ligand
((30, 39, 40, 41, 47, 42, 43, 44, 45),)	5e1d_ligand
((25, 34, 35, 36, 42, 37, 38, 39, 40),)	5e1m_ligand
((29, 38, 39, 40, 46, 41, 42, 43, 44),)	5e1o_ligand
((8, 9, 10, 11, 16, 12, 13, 14, 15), (11, 16, 17, 18, 24, 19, 20, 21, 22))	5er1_ligand
((18, 17, 11, 12, 10, 13, 14, 15, 16),)	5fiv_ligand
((0, 3, 4, 5, 10, 6, 7, 8, 9), (5, 10, 11, 12, 17, 13, 14, 15, 16))	5hvp_ligand
((5, 7, 8, 9, 14, 10, 11, 12, 13), (9, 14, 15, 16, 21, 17, 18, 19, 20))	6apr_ligand
((18, 17, 11, 12, 10, 13, 14, 15, 16),)	6fiv_ligand
((39, 44, 45, 46, 52, 47, 48, 49, 50), (46, 52, 53, 54, 60, 55, 56, 57, 58))	7hvp_ligand
((2, 25, 23, 24, 27, 26, 17, 18, 22),)	7kme_ligand
((43, 45, 46, 47, 53, 48, 49, 50, 51), (47, 53, 54, 55, 60, 56, 57, 58, 59))	8hvp_ligand
((0, 10, 11, 12, 19, 13, 14, 15, 16), (44, 37, 38, 39, 23, 40, 41, 42, 43))	9hvp_ligand
