((13, 6, 0, 10, 4, 5, 11, 3, 9, 2, 8, 1, 7), (36, 29, 23, 33, 27, 28, 34, 26, 32, 25, 31, 24, 30))	1a0t_ligand
((12, 18, 0, 9, 4, 5, 10, 3, 8, 2, 7, 1, 6),)	1af6_ligand
((35, 41, 21, 30, 25, 26, 31, 24, 29, 23, 28, 22, 27),)	1agm_ligand
((14, 20, 0, 9, 4, 5, 10, 3, 8, 2, 7, 1, 6),)	1anf_ligand
((26, 31, 40, 39, 44, 48, 49, 43, 45, 42, 46, 41, 47),)	1awf_ligand
((3, 9, 12, 21, 16, 17, 22, 15, 20, 14, 19, 13, 18),)	1ax1_ligand
((3, 11, 15, 24, 19, 20, 25, 18, 23, 17, 22, 16, 21),)	1ax2_ligand
((22, 21, 20, 4, 3, 5, 6, 2, 0, 11, 12, 14, 15), (36, 35, 34, 24, 23, 25, 27, 22, 21, 28, 29, 31, 32), (59, 58, 57, 38, 37, 39, 40, 36, 35, 45, 46, 51, 52), (76, 75, 74, 61, 60, 62, 64, 59, 58, 65, 66, 68, 69), (99, 98, 97, 78, 77, 79, 80, 76, 75, 85, 86, 91, 92))	1azx_ligand
((5, 6, 11, 19, 18, 20, 21, 16, 17, 14, 15, 12, 13), (16, 17, 22, 30, 29, 31, 32, 27, 28, 25, 26, 23, 24), (27, 28, 33, 41, 40, 42, 43, 38, 39, 36, 37, 34, 35), (38, 39, 44, 52, 51, 53, 54, 49, 50, 47, 48, 45, 46), (49, 50, 55, 63, 62, 64, 65, 60, 61, 58, 59, 56, 57), (60, 61, 66, 74, 73, 75, 76, 71, 72, 69, 70, 67, 68), (71, 72, 0, 8, 7, 9, 10, 5, 6, 3, 4, 1, 2))	1dmb_ligand
((22, 21, 20, 4, 3, 5, 6, 2, 0, 11, 12, 14, 15), (36, 35, 34, 24, 23, 25, 27, 22, 21, 28, 29, 31, 32), (59, 58, 57, 38, 37, 39, 40, 36, 35, 45, 46, 51, 52), (76, 75, 74, 61, 60, 62, 64, 59, 58, 65, 66, 68, 69), (99, 98, 97, 78, 77, 79, 80, 76, 75, 85, 86, 91, 92))	1e03_ligand
((21, 6, 0, 10, 4, 5, 11, 3, 9, 2, 8, 1, 7),)	1e55_ligand
((39, 40, 33, 44, 37, 38, 45, 36, 43, 35, 42, 34, 41),)	1e5j_ligand
((12, 6, 0, 10, 4, 5, 11, 3, 9, 2, 8, 1, 7),)	1eef_ligand
((6, 13, 0, 17, 4, 5, 18, 3, 16, 2, 15, 1, 14),)	1eei_ligand
((6, 13, 0, 17, 4, 5, 18, 3, 16, 2, 15, 1, 14),)	1efi_ligand
((26, 28, 78, 77, 76, 73, 74, 81, 71, 80, 72, 79, 75), (79, 75, 87, 86, 85, 95, 94, 84, 89, 83, 88, 82, 90))	1ewj_ligand
((3, 9, 12, 21, 16, 17, 22, 15, 20, 14, 19, 13, 18), (15, 20, 23, 32, 27, 28, 33, 26, 31, 25, 30, 24, 29), (26, 31, 34, 43, 38, 39, 44, 37, 42, 36, 41, 35, 40))	1ez9_ligand
((12, 1, 0, 9, 8, 10, 11, 6, 7, 4, 5, 2, 3),)	1fd7_ligand
((19, 6, 0, 10, 4, 5, 11, 3, 9, 2, 8, 1, 7),)	1fwu_ligand
((18, 6, 0, 10, 4, 5, 11, 3, 9, 2, 8, 1, 7),)	1fwv_ligand
((35, 41, 21, 30, 25, 26, 31, 24, 29, 23, 28, 22, 27),)	1gah_ligand
((35, 41, 21, 30, 25, 26, 31, 24, 29, 23, 28, 22, 27),)	1gai_ligand
((2, 9, 17, 21, 15, 16, 22, 14, 20, 13, 19, 12, 18), (14, 20, 28, 32, 26, 27, 33, 25, 31, 24, 30, 23, 29), (25, 31, 39, 43, 37, 38, 44, 36, 42, 35, 41, 34, 40), (36, 42, 50, 54, 48, 49, 55, 47, 53, 46, 52, 45, 51))	1gu3_ligand
((12, 18, 5, 9, 3, 4, 10, 2, 8, 1, 7, 0, 6), (23, 29, 16, 20, 14, 15, 21, 13, 19, 12, 18, 11, 17), (34, 40, 27, 31, 25, 26, 32, 24, 30, 23, 29, 22, 28), (45, 51, 38, 42, 36, 37, 43, 35, 41, 34, 40, 33, 39), (56, 63, 49, 53, 47, 48, 54, 46, 52, 45, 51, 44, 50))	1gui_ligand
((3, 9, 17, 21, 15, 16, 22, 14, 20, 13, 19, 12, 18), (14, 20, 28, 32, 26, 27, 33, 25, 31, 24, 30, 23, 29), (25, 31, 39, 43, 37, 38, 44, 36, 42, 35, 41, 34, 40), (36, 42, 50, 54, 48, 49, 55, 47, 53, 46, 52, 45, 51), (47, 53, 61, 65, 59, 60, 66, 58, 64, 57, 63, 56, 62))	1gwm_ligand
((15, 6, 0, 10, 4, 5, 11, 3, 9, 2, 8, 1, 7),)	1gwv_ligand
((25, 17, 11, 20, 15, 16, 21, 14, 19, 13, 18, 12, 6),)	1gz9_ligand
((15, 6, 0, 10, 4, 5, 11, 3, 9, 2, 8, 1, 7),)	1gzc_ligand
((26, 28, 78, 77, 76, 73, 74, 81, 71, 80, 72, 79, 75), (79, 75, 87, 86, 85, 95, 94, 84, 89, 83, 88, 82, 90))	1jif_ligand
((13, 21, 0, 9, 4, 5, 10, 3, 8, 2, 7, 1, 6),)	1jlx_ligand
((12, 1, 0, 9, 8, 10, 11, 6, 7, 4, 5, 2, 3),)	1jqy_ligand
((35, 41, 21, 30, 25, 26, 31, 24, 29, 23, 28, 22, 27),)	1k1y_ligand
((35, 41, 21, 30, 25, 26, 31, 24, 29, 23, 28, 22, 27),)	1lf9_ligand
((6, 13, 0, 17, 4, 5, 18, 3, 16, 2, 15, 1, 14),)	1lt6_ligand
((12, 19, 0, 9, 4, 5, 10, 3, 8, 2, 7, 1, 6), (17, 18, 11, 22, 15, 16, 23, 14, 21, 13, 20, 12, 19))	1mfa_ligand
((12, 19, 0, 9, 4, 5, 10, 3, 8, 2, 7, 1, 6), (17, 18, 11, 22, 15, 16, 23, 14, 21, 13, 20, 12, 19))	1mfd_ligand
((15, 6, 0, 10, 4, 5, 11, 3, 9, 2, 8, 1, 7),)	1n3w_ligand
((27, 28, 29, 30, 31, 41, 42, 32, 33, 34, 35, 39, 40),)	1o9e_ligand
((12, 11, 5, 9, 3, 4, 10, 2, 8, 1, 7, 0, 6),)	1ocn_ligand
((1, 0, 15, 19, 13, 14, 20, 12, 18, 11, 17, 10, 16),)	1ocq_ligand
((3, 9, 12, 21, 16, 17, 22, 15, 20, 14, 19, 13, 18), (15, 20, 23, 32, 27, 28, 33, 26, 31, 25, 30, 24, 29), (26, 31, 34, 43, 38, 39, 44, 37, 42, 36, 41, 35, 40), (28, 33, 67, 76, 71, 72, 77, 70, 75, 69, 74, 68, 73), (37, 42, 45, 54, 49, 50, 55, 48, 53, 47, 52, 46, 51), (39, 44, 56, 65, 60, 61, 66, 59, 64, 58, 63, 57, 62))	1oh4_ligand
((3, 8, 11, 20, 15, 16, 21, 14, 19, 13, 18, 12, 17), (14, 19, 22, 31, 26, 27, 32, 25, 30, 24, 29, 23, 28), (25, 30, 33, 42, 37, 38, 43, 36, 41, 35, 40, 34, 39), (36, 41, 44, 53, 48, 49, 54, 47, 52, 46, 51, 45, 50), (47, 52, 55, 64, 59, 60, 65, 58, 63, 57, 62, 56, 61), (58, 63, 66, 75, 70, 71, 76, 69, 74, 68, 73, 67, 72), (69, 74, 77, 86, 81, 82, 87, 80, 85, 79, 84, 78, 83), (80, 85, 0, 9, 4, 5, 10, 3, 8, 2, 7, 1, 6))	1p2g_ligand
((26, 27, 10, 19, 14, 15, 20, 13, 18, 12, 17, 11, 16), (56, 62, 42, 51, 46, 47, 52, 45, 50, 44, 49, 43, 48))	1pig_ligand
((14, 19, 0, 9, 4, 5, 10, 3, 8, 2, 7, 1, 6), (35, 41, 11, 20, 15, 16, 21, 14, 19, 13, 18, 12, 17))	1ppi_ligand
((10, 11, 12, 13, 14, 15, 16, 17, 18, 19, 20, 21, 22),)	1pzi_ligand
((2, 1, 0, 36, 33, 34, 35, 31, 32, 29, 30, 27, 28),)	1pzj_ligand
((14, 20, 0, 9, 4, 5, 10, 3, 8, 2, 7, 1, 6),)	1qi0_ligand
((3, 9, 12, 21, 16, 17, 22, 15, 20, 14, 19, 13, 18), (15, 20, 23, 32, 27, 28, 33, 26, 31, 25, 30, 24, 29))	1qm5_ligand
((15, 6, 0, 10, 4, 5, 11, 3, 9, 2, 8, 1, 7),)	1r6z_ligand
((24, 31, 10, 19, 14, 15, 20, 13, 18, 12, 17, 11, 16),)	1s3k_ligand
((2, 14, 15, 11, 10, 12, 13, 8, 9, 6, 7, 4, 5),)	1tr7_ligand
((7, 8, 13, 22, 17, 18, 23, 16, 21, 15, 20, 14, 19), (16, 21, 24, 33, 28, 29, 34, 27, 32, 26, 31, 25, 30))	1u33_ligand
((23, 24, 0, 9, 4, 5, 10, 3, 8, 2, 7, 1, 6),)	1ugx_ligand
((16, 22, 0, 9, 4, 5, 10, 3, 8, 2, 7, 1, 6),)	1ugy_ligand
((20, 21, 14, 25, 18, 19, 26, 17, 24, 16, 23, 15, 22),)	1uh1_ligand
((35, 41, 21, 30, 25, 26, 31, 24, 29, 23, 28, 22, 27),)	1ukt_ligand
((13, 18, 0, 9, 4, 5, 10, 3, 8, 2, 7, 1, 6), (25, 33, 11, 20, 15, 16, 21, 14, 19, 13, 18, 12, 17))	1ule_ligand
((13, 21, 0, 9, 4, 5, 10, 3, 8, 2, 7, 1, 6),)	1ulg_ligand
((15, 6, 0, 10, 4, 5, 11, 3, 9, 2, 8, 1, 7),)	1urg_ligand
((2, 14, 15, 11, 10, 12, 13, 8, 9, 6, 7, 4, 5),)	1uwf_ligand
((3, 11, 26, 35, 30, 31, 36, 29, 34, 28, 33, 27, 32),)	1uz8_ligand
((13, 18, 5, 9, 3, 4, 10, 2, 8, 1, 7, 0, 6),)	1w3k_ligand
((13, 19, 5, 9, 3, 4, 10, 2, 8, 1, 7, 0, 6), (24, 29, 16, 20, 14, 15, 21, 13, 19, 12, 18, 11, 17))	1w3l_ligand
((15, 6, 0, 10, 4, 5, 11, 3, 9, 2, 8, 1, 7),)	1wdq_ligand
((15, 6, 0, 10, 4, 5, 11, 3, 9, 2, 8, 1, 7),)	1wdr_ligand
((6, 7, 0, 11, 4, 5, 12, 3, 10, 2, 9, 1, 8),)	1ws4_ligand
((6, 7, 0, 11, 4, 5, 12, 3, 10, 2, 9, 1, 8),)	1ws5_ligand
((25, 30, 33, 42, 37, 38, 43, 36, 41, 35, 40, 34, 39), (49, 50, 22, 31, 26, 27, 32, 25, 30, 24, 29, 23, 28))	1xd0_ligand
((53, 59, 35, 43, 39, 40, 45, 38, 22, 37, 42, 36, 41), (88, 94, 70, 78, 74, 75, 80, 73, 57, 72, 77, 71, 76))	1xt3_ligand
((28, 29, 11, 19, 18, 20, 22, 16, 17, 14, 15, 12, 13), (40, 41, 23, 31, 30, 32, 34, 28, 29, 26, 27, 24, 25))	1y3p_ligand
((14, 20, 0, 9, 4, 5, 10, 3, 8, 2, 7, 1, 6),)	1z3t_ligand
((15, 6, 0, 10, 4, 5, 11, 3, 9, 2, 8, 1, 7),)	1z3v_ligand
((12, 6, 0, 10, 4, 5, 11, 3, 9, 2, 8, 1, 7),)	1z4n_ligand
((12, 6, 0, 10, 4, 5, 11, 3, 9, 2, 8, 1, 7),)	1z4o_ligand
((12, 17, 0, 9, 4, 5, 10, 3, 8, 2, 7, 1, 6), (23, 28, 11, 20, 15, 16, 21, 14, 19, 13, 18, 12, 17), (35, 41, 22, 31, 26, 27, 32, 25, 30, 24, 29, 23, 28))	1zls_ligand
((12, 17, 0, 9, 4, 5, 10, 3, 8, 2, 7, 1, 6), (24, 30, 34, 43, 38, 39, 44, 37, 42, 36, 41, 35, 40), (27, 33, 11, 20, 15, 16, 21, 14, 19, 13, 18, 12, 17), (35, 40, 45, 54, 49, 50, 55, 48, 53, 47, 52, 46, 51))	1zlu_ligand
((12, 17, 0, 9, 4, 5, 10, 3, 8, 2, 7, 1, 6), (23, 28, 11, 20, 15, 16, 21, 14, 19, 13, 18, 12, 17), (35, 41, 22, 31, 26, 27, 32, 25, 30, 24, 29, 23, 28))	1zlv_ligand
((2, 7, 11, 20, 15, 16, 21, 14, 19, 13, 18, 12, 17), (5, 10, 44, 53, 48, 49, 54, 47, 52, 46, 51, 45, 50), (12, 17, 22, 31, 26, 27, 32, 25, 30, 24, 29, 23, 28), (23, 28, 33, 42, 37, 38, 43, 36, 41, 35, 40, 34, 39), (46, 51, 55, 64, 59, 60, 65, 58, 63, 57, 62, 56, 61), (49, 54, 66, 75, 70, 71, 76, 69, 74, 68, 73, 67, 72))	1zlw_ligand
((26, 28, 78, 77, 76, 73, 74, 81, 71, 80, 72, 79, 75), (79, 75, 87, 86, 85, 95, 94, 84, 89, 83, 88, 82, 90))	2a4w_ligand
((4, 18, 0, 30, 12, 15, 33, 9, 27, 6, 24, 3, 21),)	2aez_ligand
((0, 6, 12, 21, 16, 17, 22, 15, 20, 14, 19, 13, 18), (12, 6, 0, 10, 4, 5, 11, 3, 9, 2, 8, 1, 7))	2b1q_ligand
((14, 20, 0, 9, 4, 5, 10, 3, 8, 2, 7, 1, 6),)	2b1r_ligand
((15, 16, 9, 20, 13, 14, 21, 12, 19, 11, 18, 10, 17),)	2bmz_ligand
((6, 7, 0, 11, 4, 5, 12, 3, 10, 2, 9, 1, 8),)	2bv4_ligand
((3, 4, 9, 20, 16, 18, 19, 14, 15, 12, 13, 10, 11),)	2bvd_ligand
((15, 6, 0, 10, 4, 5, 11, 3, 9, 2, 8, 1, 7),)	2d2v_ligand
((12, 6, 0, 10, 4, 5, 11, 3, 9, 2, 8, 1, 7),)	2euk_ligand
((15, 6, 0, 10, 4, 5, 11, 3, 9, 2, 8, 1, 7), (23, 18, 12, 21, 16, 17, 22, 15, 6, 14, 20, 13, 19))	2eum_ligand
((12, 6, 0, 10, 4, 5, 11, 3, 9, 2, 8, 1, 7),)	2evl_ligand
((15, 6, 0, 10, 4, 5, 11, 3, 9, 2, 8, 1, 7),)	2f5t_ligand
((16, 6, 0, 10, 4, 5, 11, 3, 9, 2, 8, 1, 7),)	2fkf_ligand
((24, 27, 28, 29, 30, 31, 32, 37, 38, 35, 36, 33, 34),)	2gej_ligand
((3, 9, 12, 21, 16, 17, 22, 15, 20, 14, 19, 13, 18), (15, 20, 23, 32, 27, 28, 33, 26, 31, 25, 30, 24, 29))	2ggu_ligand
((15, 6, 0, 10, 4, 5, 11, 3, 9, 2, 8, 1, 7), (26, 18, 12, 21, 16, 17, 22, 15, 6, 14, 20, 13, 19))	2ggx_ligand
((3, 9, 12, 21, 16, 17, 22, 15, 20, 14, 19, 13, 18), (15, 20, 23, 32, 27, 28, 33, 26, 31, 25, 30, 24, 29))	2gh9_ligand
((6, 7, 0, 11, 4, 5, 12, 3, 10, 2, 9, 1, 8),)	2jdn_ligand
((6, 7, 0, 11, 4, 5, 12, 3, 10, 2, 9, 1, 8),)	2jdy_ligand
((16, 2, 1, 9, 8, 10, 11, 6, 7, 4, 5, 3, 0),)	2k46_ligand
((15, 6, 0, 10, 4, 5, 11, 3, 9, 2, 8, 1, 7),)	2nn8_ligand
((12, 11, 10, 9, 6, 7, 8, 4, 5, 2, 3, 1, 0),)	2oyk_ligand
((14, 19, 0, 9, 4, 5, 10, 3, 8, 2, 7, 1, 6),)	2oyl_ligand
((18, 19, 20, 21, 22, 23, 24, 25, 26, 27, 28, 29, 30),)	2q7y_ligand
((35, 41, 21, 30, 25, 26, 31, 24, 29, 23, 28, 22, 27),)	2qmj_ligand
((10, 11, 12, 13, 14, 15, 16, 17, 18, 19, 20, 21, 22),)	2qrg_ligand
((8, 9, 10, 11, 12, 13, 14, 15, 16, 17, 18, 19, 20),)	2qrh_ligand
((11, 12, 13, 14, 15, 16, 17, 18, 19, 20, 21, 22, 23),)	2qrm_ligand
((12, 13, 14, 15, 16, 17, 18, 19, 20, 21, 22, 23, 24),)	2qrp_ligand
((9, 10, 11, 12, 13, 14, 15, 16, 17, 18, 19, 20, 21),)	2qrq_ligand
((22, 16, 3, 4, 5, 6, 9, 10, 11, 12, 13, 14, 15),)	2r23_ligand
((14, 20, 0, 9, 4, 5, 10, 3, 8, 2, 7, 1, 6),)	2rfy_ligand
((25, 26, 27, 28, 29, 30, 31, 32, 33, 34, 35, 36, 37),)	2vaq_ligand
((12, 11, 10, 3, 2, 1, 0, 4, 5, 6, 7, 8, 9),)	2vle_ligand
((6, 7, 0, 11, 4, 5, 12, 3, 10, 2, 9, 1, 8),)	2vmd_ligand
((13, 18, 0, 9, 4, 5, 10, 3, 8, 2, 7, 1, 6), (24, 31, 11, 20, 15, 16, 21, 14, 19, 13, 18, 12, 17))	2vxj_ligand
((33, 40, 20, 29, 24, 25, 30, 23, 28, 22, 27, 21, 26),)	2w68_ligand
((12, 19, 0, 9, 4, 5, 10, 3, 8, 2, 7, 1, 6), (17, 18, 11, 22, 15, 16, 23, 14, 21, 13, 20, 12, 19))	2wyf_ligand
((13, 20, 14, 24, 18, 19, 25, 17, 23, 16, 22, 15, 21),)	2wyn_ligand
((35, 41, 21, 30, 25, 26, 31, 24, 29, 23, 28, 22, 27),)	2x2i_ligand
((24, 29, 10, 19, 14, 15, 20, 13, 18, 12, 17, 11, 16), (48, 55, 21, 30, 25, 26, 31, 24, 29, 23, 28, 22, 27), (51, 57, 61, 70, 65, 66, 71, 64, 69, 63, 68, 62, 67))	2x6w_ligand
((24, 30, 10, 19, 14, 15, 20, 13, 18, 12, 17, 11, 16),)	2x6x_ligand
((24, 29, 10, 19, 14, 15, 20, 13, 18, 12, 17, 11, 16), (48, 56, 21, 30, 25, 26, 31, 24, 29, 23, 28, 22, 27), (51, 59, 61, 70, 65, 66, 71, 64, 69, 63, 68, 62, 67))	2x6y_ligand
((24, 29, 10, 19, 14, 15, 20, 13, 18, 12, 17, 11, 16), (48, 56, 21, 30, 25, 26, 31, 24, 29, 23, 28, 22, 27), (51, 59, 61, 70, 65, 66, 71, 64, 69, 63, 68, 62, 67))	2x85_ligand
((5, 6, 11, 20, 15, 16, 21, 14, 19, 13, 18, 12, 17),)	2xg9_ligand
((24, 27, 28, 29, 30, 31, 32, 37, 38, 35, 36, 33, 34),)	2y4m_ligand
((5, 6, 11, 19, 18, 20, 21, 16, 17, 14, 15, 12, 13), (16, 17, 22, 30, 29, 31, 32, 27, 28, 25, 26, 23, 24), (27, 28, 33, 41, 40, 42, 43, 38, 39, 36, 37, 34, 35), (38, 39, 44, 52, 51, 53, 54, 49, 50, 47, 48, 45, 46), (49, 50, 55, 63, 62, 64, 65, 60, 61, 58, 59, 56, 57), (60, 61, 66, 74, 73, 75, 76, 71, 72, 69, 70, 67, 68), (71, 72, 0, 8, 7, 9, 10, 5, 6, 3, 4, 1, 2))	2y4s_ligand
((15, 6, 0, 10, 4, 5, 11, 3, 9, 2, 8, 1, 7),)	2y9g_ligand
((2, 7, 15, 19, 13, 14, 20, 12, 18, 11, 17, 10, 16), (12, 18, 26, 30, 24, 25, 31, 23, 29, 22, 28, 21, 27))	2yjq_ligand
((15, 6, 0, 10, 4, 5, 11, 3, 9, 2, 8, 1, 7),)	2zgm_ligand
((35, 41, 21, 30, 25, 26, 31, 24, 29, 23, 28, 22, 27),)	2zq0_ligand
((3, 61, 55, 64, 59, 60, 65, 58, 50, 57, 63, 56, 62), (14, 6, 0, 9, 4, 5, 10, 3, 61, 2, 8, 1, 7), (25, 17, 11, 20, 15, 16, 21, 14, 6, 13, 19, 12, 18), (36, 28, 22, 31, 26, 27, 32, 25, 17, 24, 30, 23, 29), (47, 39, 33, 42, 37, 38, 43, 36, 28, 35, 41, 34, 40), (58, 50, 44, 53, 48, 49, 54, 47, 39, 46, 52, 45, 51))	2zym_ligand
((5, 6, 11, 19, 18, 20, 21, 16, 17, 14, 15, 12, 13), (16, 17, 22, 30, 29, 31, 32, 27, 28, 25, 26, 23, 24), (27, 28, 33, 41, 40, 42, 43, 38, 39, 36, 37, 34, 35), (38, 39, 44, 52, 51, 53, 54, 49, 50, 47, 48, 45, 46), (49, 50, 55, 63, 62, 64, 65, 60, 61, 58, 59, 56, 57), (60, 61, 66, 74, 73, 75, 76, 71, 72, 69, 70, 67, 68), (71, 72, 0, 8, 7, 9, 10, 5, 6, 3, 4, 1, 2))	2zyn_ligand
((15, 16, 0, 9, 4, 5, 10, 3, 8, 2, 7, 1, 6),)	3afk_ligand
((22, 1, 0, 9, 8, 10, 11, 6, 7, 4, 5, 2, 3),)	3alt_ligand
((15, 6, 0, 10, 4, 5, 11, 3, 9, 2, 8, 1, 7),)	3ap4_ligand
((15, 6, 0, 10, 4, 5, 11, 3, 9, 2, 8, 1, 7),)	3ap7_ligand
((8, 37, 38, 39, 40, 41, 42, 43, 44, 45, 46, 47, 48),)	3arb_ligand
((0, 22, 21, 32, 30, 31, 29, 27, 28, 25, 26, 23, 24),)	3arf_ligand
((0, 22, 21, 32, 30, 31, 29, 27, 28, 25, 26, 23, 24),)	3arg_ligand
((12, 13, 22, 31, 26, 27, 32, 25, 30, 24, 29, 23, 28),)	3aya_ligand
((13, 20, 0, 9, 4, 5, 10, 3, 8, 2, 7, 1, 6), (38, 45, 25, 34, 29, 30, 35, 28, 33, 27, 32, 26, 31))	3ayc_ligand
((14, 15, 24, 33, 28, 29, 34, 27, 32, 26, 31, 25, 30),)	3ayd_ligand
((3, 61, 55, 64, 59, 60, 65, 58, 50, 57, 63, 56, 62), (14, 6, 0, 9, 4, 5, 10, 3, 61, 2, 8, 1, 7), (25, 17, 11, 20, 15, 16, 21, 14, 6, 13, 19, 12, 18), (36, 28, 22, 31, 26, 27, 32, 25, 17, 24, 30, 23, 29), (47, 39, 33, 42, 37, 38, 43, 36, 28, 35, 41, 34, 40), (58, 50, 44, 53, 48, 49, 54, 47, 39, 46, 52, 45, 51))	3ck7_ligand
((5, 6, 11, 19, 18, 20, 21, 16, 17, 14, 15, 12, 13), (16, 17, 22, 30, 29, 31, 32, 27, 28, 25, 26, 23, 24), (27, 28, 33, 41, 40, 42, 43, 38, 39, 36, 37, 34, 35), (38, 39, 44, 52, 51, 53, 54, 49, 50, 47, 48, 45, 46), (49, 50, 55, 63, 62, 64, 65, 60, 61, 58, 59, 56, 57), (60, 61, 66, 74, 73, 75, 76, 71, 72, 69, 70, 67, 68), (71, 72, 0, 8, 7, 9, 10, 5, 6, 3, 4, 1, 2))	3ck8_ligand
((3, 9, 12, 21, 16, 17, 22, 15, 20, 14, 19, 13, 18), (15, 20, 23, 32, 27, 28, 33, 26, 31, 25, 30, 24, 29))	3ckb_ligand
((15, 10, 0, 8, 4, 5, 9, 3, 11, 2, 7, 1, 6), (23, 18, 12, 21, 16, 17, 22, 15, 10, 14, 20, 13, 19))	3d4f_ligand
((22, 21, 20, 10, 9, 11, 12, 8, 7, 17, 16, 18, 19), (22, 21, 20, 10, 9, 11, 12, 8, 14, 17, 16, 18, 19))	3e6y_ligand
((9, 10, 22, 24, 20, 21, 23, 19, 25, 17, 18, 15, 16),)	3ehn_ligand
((10, 11, 12, 17, 18, 19, 20, 21, 22, 15, 16, 13, 14), (21, 22, 23, 28, 29, 30, 31, 32, 33, 26, 27, 24, 25), (32, 33, 34, 41, 42, 43, 44, 39, 40, 37, 38, 35, 36))	3f5j_ligand
((12, 11, 10, 9, 6, 7, 8, 4, 5, 2, 3, 1, 0), (23, 22, 21, 14, 13, 15, 16, 12, 11, 17, 18, 19, 20), (34, 33, 32, 25, 24, 26, 27, 23, 22, 28, 29, 30, 31), (45, 44, 43, 36, 35, 37, 38, 34, 33, 39, 40, 41, 42))	3f5k_ligand
((10, 11, 12, 19, 20, 21, 22, 17, 18, 15, 16, 13, 14),)	3f5l_ligand
((8, 37, 38, 39, 40, 41, 42, 43, 44, 45, 46, 47, 48),)	3g08_ligand
((4, 5, 6, 14, 13, 15, 16, 11, 12, 9, 10, 7, 8),)	3ga5_ligand
((3, 15, 16, 12, 11, 13, 14, 9, 10, 7, 8, 5, 6), (7, 8, 17, 26, 21, 22, 27, 20, 25, 19, 24, 18, 23), (18, 23, 28, 37, 32, 33, 38, 31, 36, 30, 35, 29, 34))	3gxy_ligand
((18, 25, 29, 38, 33, 34, 39, 32, 37, 31, 36, 30, 35), (31, 36, 40, 49, 44, 45, 50, 43, 48, 42, 47, 41, 46), (34, 39, 73, 82, 77, 78, 83, 76, 81, 75, 80, 74, 79), (41, 46, 51, 60, 55, 56, 61, 54, 59, 53, 58, 52, 57), (52, 57, 62, 71, 66, 67, 72, 65, 70, 64, 69, 63, 68), (75, 80, 84, 93, 88, 89, 94, 87, 92, 86, 91, 85, 90), (78, 83, 95, 104, 99, 100, 105, 98, 103, 97, 102, 96, 101), (96, 101, 106, 115, 110, 111, 116, 109, 114, 108, 113, 107, 112))	3gxz_ligand
((31, 2, 3, 30, 7, 8, 26, 6, 22, 5, 18, 4, 17),)	3hkn_ligand
((12, 11, 10, 9, 6, 7, 8, 4, 5, 2, 3, 1, 0),)	3hkt_ligand
((15, 6, 0, 10, 4, 5, 11, 3, 9, 2, 8, 1, 7),)	3i8t_ligand
((18, 15, 2, 3, 4, 5, 8, 9, 10, 11, 12, 13, 14),)	3ijh_ligand
((12, 1, 0, 9, 8, 10, 11, 6, 7, 4, 5, 2, 3),)	3ilq_ligand
((9, 23, 10, 31, 30, 34, 35, 26, 27, 20, 21, 14, 15),)	3ioi_ligand
((21, 24, 25, 34, 29, 30, 35, 28, 33, 27, 32, 26, 31),)	3juk_ligand
((35, 41, 21, 30, 25, 26, 31, 24, 29, 23, 28, 22, 27),)	3jyr_ligand
((35, 41, 21, 30, 25, 26, 31, 24, 29, 23, 28, 22, 27),)	3jzj_ligand
((12, 11, 6, 8, 7, 9, 10, 1, 0, 2, 3, 4, 5), (23, 22, 17, 19, 18, 20, 21, 12, 11, 13, 14, 15, 16), (34, 33, 28, 30, 29, 31, 32, 23, 22, 24, 25, 26, 27))	3k00_ligand
((32, 33, 2, 40, 39, 48, 49, 30, 31, 20, 21, 10, 11), (34, 35, 3, 42, 41, 50, 51, 32, 33, 22, 23, 12, 13))	3k02_ligand
((15, 16, 0, 9, 4, 5, 10, 3, 8, 2, 7, 1, 6),)	3m3c_ligand
((15, 16, 0, 9, 4, 5, 10, 3, 8, 2, 7, 1, 6),)	3m3e_ligand
((15, 16, 0, 9, 4, 5, 10, 3, 8, 2, 7, 1, 6),)	3m3o_ligand
((5, 6, 11, 19, 18, 20, 21, 16, 17, 14, 15, 12, 13), (16, 17, 22, 30, 29, 31, 32, 27, 28, 25, 26, 23, 24), (27, 28, 33, 41, 40, 42, 43, 38, 39, 36, 37, 34, 35), (38, 39, 44, 52, 51, 53, 54, 49, 50, 47, 48, 45, 46), (49, 50, 55, 63, 62, 64, 65, 60, 61, 58, 59, 56, 57), (60, 61, 66, 74, 73, 75, 76, 71, 72, 69, 70, 67, 68), (71, 72, 0, 8, 7, 9, 10, 5, 6, 3, 4, 1, 2))	3m3r_ligand
((14, 19, 0, 9, 4, 5, 10, 3, 8, 2, 7, 1, 6), (25, 31, 11, 20, 15, 16, 21, 14, 19, 13, 18, 12, 17))	3mbp_ligand
((17, 22, 0, 18, 11, 9, 20, 13, 14, 15, 12, 4, 10),)	3n2u_ligand
((32, 14, 8, 1, 0, 10, 9, 2, 7, 4, 3, 6, 5),)	3o4k_ligand
((13, 19, 24, 25, 26, 27, 30, 21, 28, 22, 29, 23, 31), (23, 31, 37, 38, 39, 40, 43, 34, 41, 35, 42, 36, 1), (36, 1, 0, 9, 8, 10, 11, 6, 7, 4, 5, 2, 3))	3ob0_ligand
((14, 19, 0, 9, 4, 5, 10, 3, 8, 2, 7, 1, 6), (25, 32, 11, 20, 15, 16, 21, 14, 19, 13, 18, 12, 17), (57, 63, 43, 52, 47, 48, 53, 46, 51, 45, 50, 44, 49))	3old_ligand
((35, 42, 21, 30, 25, 26, 31, 24, 29, 23, 28, 22, 27), (67, 73, 53, 62, 57, 58, 63, 56, 61, 55, 60, 54, 59))	3ole_ligand
((38, 39, 21, 30, 25, 26, 31, 24, 29, 23, 28, 22, 27), (66, 73, 53, 62, 57, 58, 63, 56, 61, 55, 60, 54, 59))	3olg_ligand
((38, 39, 21, 30, 25, 26, 31, 24, 29, 23, 28, 22, 27), (67, 73, 53, 62, 57, 58, 63, 56, 61, 55, 60, 54, 59))	3oli_ligand
((14, 21, 0, 9, 4, 5, 10, 3, 8, 2, 7, 1, 6),)	3oy8_ligand
((12, 15, 0, 8, 7, 9, 11, 5, 6, 3, 4, 1, 2),)	3pjg_ligand
((7, 12, 0, 25, 4, 5, 26, 3, 21, 2, 17, 1, 13),)	3pma_ligand
((3, 9, 20, 29, 24, 25, 31, 23, 28, 22, 27, 21, 26), (39, 44, 55, 64, 59, 60, 66, 58, 63, 57, 62, 56, 61))	3qmk_ligand
((8, 9, 10, 15, 16, 17, 18, 19, 20, 13, 14, 11, 12), (19, 20, 21, 28, 29, 30, 31, 26, 27, 24, 25, 22, 23))	3rx5_ligand
((12, 11, 10, 9, 6, 7, 8, 4, 5, 2, 3, 1, 0), (23, 22, 21, 14, 13, 15, 16, 12, 11, 17, 18, 19, 20), (34, 33, 32, 25, 24, 26, 27, 23, 22, 28, 29, 30, 31))	3rx7_ligand
((12, 11, 10, 9, 6, 7, 8, 4, 5, 2, 3, 1, 0),)	3rx8_ligand
((24, 1, 0, 9, 8, 10, 11, 6, 7, 4, 5, 2, 3),)	3t1l_ligand
((24, 1, 0, 9, 8, 10, 11, 6, 7, 4, 5, 2, 3),)	3t2t_ligand
((12, 17, 0, 9, 4, 5, 10, 3, 8, 2, 7, 1, 6), (25, 30, 11, 20, 15, 16, 21, 14, 19, 13, 18, 12, 17), (44, 49, 32, 41, 36, 37, 42, 35, 40, 34, 39, 33, 38), (57, 63, 43, 52, 47, 48, 53, 46, 51, 45, 50, 44, 49))	3th0_ligand
((19, 20, 21, 22, 23, 24, 25, 26, 27, 28, 29, 30, 31),)	3ubx_ligand
((27, 17, 16, 25, 24, 26, 29, 22, 23, 20, 21, 18, 19),)	3ud7_ligand
((31, 21, 20, 29, 28, 30, 33, 26, 27, 24, 25, 22, 23),)	3ud8_ligand
((31, 21, 20, 29, 28, 30, 33, 26, 27, 24, 25, 22, 23),)	3ud9_ligand
((35, 25, 24, 33, 32, 34, 37, 30, 31, 28, 29, 26, 27),)	3uda_ligand
((27, 30, 31, 32, 33, 34, 35, 36, 37, 38, 39, 40, 41),)	3v0l_ligand
((4, 5, 8, 17, 12, 13, 18, 11, 16, 10, 15, 9, 14),)	3vzg_ligand
((35, 41, 21, 30, 25, 26, 31, 24, 29, 23, 28, 22, 27),)	3w37_ligand
((1, 0, 16, 20, 14, 15, 21, 13, 19, 12, 18, 11, 17),)	3zq9_ligand
((3, 61, 55, 64, 59, 60, 65, 58, 50, 57, 63, 56, 62), (14, 6, 0, 9, 4, 5, 10, 3, 61, 2, 8, 1, 7), (25, 17, 11, 20, 15, 16, 21, 14, 6, 13, 19, 12, 18), (36, 28, 22, 31, 26, 27, 32, 25, 17, 24, 30, 23, 29), (47, 39, 33, 42, 37, 38, 43, 36, 28, 35, 41, 34, 40), (58, 50, 44, 53, 48, 49, 54, 47, 39, 46, 52, 45, 51))	3zst_ligand
((12, 11, 0, 10, 7, 8, 9, 5, 6, 3, 4, 1, 2),)	3zyf_ligand
((26, 33, 37, 46, 41, 42, 47, 40, 45, 39, 44, 38, 43), (39, 44, 48, 57, 52, 53, 58, 51, 56, 50, 55, 49, 54), (42, 47, 73, 82, 77, 78, 83, 76, 81, 75, 80, 74, 79))	3zyr_ligand
((13, 14, 0, 9, 4, 5, 10, 3, 8, 2, 7, 1, 6),)	4ad2_ligand
((13, 14, 0, 9, 4, 5, 10, 3, 8, 2, 7, 1, 6),)	4ad3_ligand
((14, 2, 0, 10, 9, 11, 12, 7, 8, 5, 6, 3, 4),)	4aoc_ligand
((12, 11, 10, 3, 2, 1, 0, 4, 5, 6, 7, 8, 9),)	4att_ligand
((17, 18, 19, 3, 2, 1, 0, 4, 5, 6, 7, 8, 9),)	4auj_ligand
((17, 18, 19, 3, 2, 1, 0, 4, 5, 6, 7, 8, 9),)	4auy_ligand
((12, 11, 10, 3, 2, 1, 0, 4, 5, 6, 7, 8, 9),)	4av0_ligand
((12, 11, 10, 3, 2, 1, 0, 4, 5, 6, 7, 8, 9),)	4av4_ligand
((12, 11, 10, 7, 6, 8, 9, 4, 5, 2, 3, 1, 0),)	4av5_ligand
((12, 11, 10, 3, 2, 1, 0, 4, 5, 6, 7, 8, 9),)	4avh_ligand
((11, 12, 13, 21, 20, 22, 23, 18, 19, 16, 17, 14, 15),)	4avi_ligand
((12, 15, 16, 24, 23, 25, 26, 21, 22, 19, 20, 17, 18),)	4avj_ligand
((37, 44, 14, 23, 18, 19, 24, 17, 22, 16, 21, 15, 20), (63, 69, 49, 58, 53, 54, 59, 52, 57, 51, 56, 50, 55))	4b4q_ligand
((35, 41, 21, 30, 25, 26, 31, 24, 29, 23, 28, 22, 27),)	4b9z_ligand
((34, 42, 20, 29, 24, 25, 30, 23, 28, 22, 27, 21, 26),)	4bgy_ligand
((34, 42, 20, 29, 24, 25, 30, 23, 28, 22, 27, 21, 26),)	4bh3_ligand
((34, 42, 20, 29, 24, 25, 30, 23, 28, 22, 27, 21, 26),)	4bh4_ligand
((13, 12, 11, 4, 2, 1, 0, 5, 6, 7, 8, 9, 10),)	4buq_ligand
((23, 22, 11, 20, 15, 16, 21, 14, 19, 13, 18, 12, 17),)	4c16_ligand
((32, 31, 30, 24, 23, 25, 26, 22, 27, 21, 20, 28, 29),)	4c1w_ligand
((20, 25, 36, 45, 40, 41, 47, 39, 44, 38, 43, 37, 42), (55, 60, 71, 80, 75, 76, 82, 74, 79, 73, 78, 72, 77))	4c4n_ligand
((12, 11, 0, 9, 4, 5, 10, 3, 8, 2, 7, 1, 6),)	4cd4_ligand
((14, 22, 0, 9, 4, 5, 10, 3, 8, 2, 7, 1, 6),)	4cd5_ligand
((1, 0, 10, 19, 14, 15, 20, 13, 18, 12, 17, 11, 16),)	4cd6_ligand
((3, 19, 13, 23, 17, 18, 24, 16, 22, 15, 21, 14, 20),)	4cd8_ligand
((16, 17, 18, 19, 20, 21, 22, 23, 24, 25, 26, 27, 28),)	4css_ligand
((13, 2, 1, 10, 9, 11, 12, 7, 8, 5, 6, 3, 4),)	4cst_ligand
((34, 42, 21, 29, 25, 26, 30, 24, 28, 23, 14, 22, 27),)	4csy_ligand
((2, 3, 4, 5, 6, 7, 8, 9, 10, 11, 12, 13, 14),)	4czs_ligand
((8, 9, 10, 19, 14, 15, 20, 13, 18, 12, 17, 11, 16),)	4d4d_ligand
((23, 31, 35, 44, 39, 40, 45, 38, 43, 37, 42, 36, 41),)	4dj7_ligand
((23, 30, 35, 44, 39, 40, 45, 38, 43, 37, 42, 36, 41),)	4dxg_ligand
((15, 10, 0, 8, 4, 5, 9, 3, 11, 2, 7, 1, 6), (23, 18, 12, 21, 16, 17, 22, 15, 10, 14, 20, 13, 19))	4fcf_ligand
((12, 11, 6, 8, 7, 9, 10, 1, 0, 2, 3, 4, 5), (23, 22, 17, 19, 18, 20, 21, 12, 11, 13, 14, 15, 16), (34, 33, 28, 30, 29, 31, 32, 23, 22, 24, 25, 26, 27))	4fe9_ligand
((3, 61, 55, 64, 59, 60, 65, 58, 50, 57, 63, 56, 62), (14, 6, 0, 9, 4, 5, 10, 3, 61, 2, 8, 1, 7), (25, 17, 11, 20, 15, 16, 21, 14, 6, 13, 19, 12, 18), (36, 28, 22, 31, 26, 27, 32, 25, 17, 24, 30, 23, 29), (47, 39, 33, 42, 37, 38, 43, 36, 28, 35, 41, 34, 40), (58, 50, 44, 53, 48, 49, 54, 47, 39, 46, 52, 45, 51))	4fem_ligand
((6, 15, 0, 19, 4, 5, 20, 3, 18, 2, 17, 1, 16),)	4gby_ligand
((6, 15, 0, 19, 4, 5, 20, 3, 18, 2, 17, 1, 16),)	4gbz_ligand
((25, 1, 0, 9, 8, 10, 11, 6, 7, 4, 5, 2, 3),)	4gwi_ligand
((23, 31, 35, 44, 39, 40, 45, 38, 43, 37, 42, 36, 41),)	4gzw_ligand
((3, 8, 66, 75, 70, 71, 76, 69, 74, 68, 73, 67, 72), (14, 19, 0, 9, 4, 5, 10, 3, 8, 2, 7, 1, 6), (25, 30, 11, 20, 15, 16, 21, 14, 19, 13, 18, 12, 17), (39, 40, 22, 31, 26, 27, 32, 25, 30, 24, 29, 23, 28), (58, 63, 44, 53, 48, 49, 54, 47, 52, 46, 51, 45, 50), (69, 74, 55, 64, 59, 60, 65, 58, 63, 57, 62, 56, 61), (80, 85, 88, 97, 92, 93, 98, 91, 96, 90, 95, 89, 94))	4j3u_ligand
((21, 22, 15, 25, 19, 20, 26, 18, 24, 17, 9, 16, 23),)	4k0o_ligand
((34, 42, 20, 29, 24, 25, 30, 23, 28, 22, 27, 21, 26),)	4k63_ligand
((35, 42, 46, 55, 50, 51, 56, 49, 54, 48, 53, 47, 52),)	4kom_ligand
((13, 20, 0, 9, 4, 5, 10, 3, 8, 2, 7, 1, 6), (58, 65, 25, 34, 29, 30, 35, 28, 33, 27, 32, 26, 31))	4l6t_ligand
((22, 29, 32, 41, 36, 37, 42, 35, 40, 34, 39, 33, 38),)	4lbl_ligand
((2, 9, 12, 21, 16, 17, 22, 15, 20, 14, 19, 13, 18),)	4lbo_ligand
((9, 10, 11, 20, 15, 16, 21, 14, 19, 13, 18, 12, 17),)	4ljh_ligand
((25, 26, 27, 36, 31, 32, 37, 30, 35, 29, 34, 28, 33),)	4lk6_ligand
((13, 3, 16, 25, 20, 21, 26, 19, 24, 18, 23, 17, 22),)	4lk7_ligand
((43, 46, 27, 36, 31, 32, 37, 30, 35, 29, 34, 28, 33),)	4lkd_ligand
((35, 38, 19, 28, 23, 24, 29, 22, 27, 21, 26, 20, 25),)	4lke_ligand
((52, 55, 36, 45, 40, 41, 46, 39, 44, 38, 43, 37, 42),)	4lkf_ligand
((34, 42, 20, 29, 24, 25, 30, 23, 28, 22, 27, 21, 26),)	4lkg_ligand
((34, 42, 20, 29, 24, 25, 30, 23, 28, 22, 27, 21, 26),)	4lkj_ligand
((13, 12, 11, 4, 2, 1, 0, 5, 6, 7, 8, 9, 10),)	4lov_ligand
((14, 19, 0, 9, 4, 5, 10, 3, 8, 2, 7, 1, 6), (25, 30, 11, 20, 15, 16, 21, 14, 19, 13, 18, 12, 17), (36, 42, 22, 31, 26, 27, 32, 25, 30, 24, 29, 23, 28))	4mbp_ligand
((15, 11, 0, 9, 4, 5, 12, 3, 8, 2, 7, 1, 6), (41, 37, 26, 35, 30, 31, 38, 29, 34, 28, 33, 27, 32))	4mrd_ligand
((34, 35, 36, 44, 43, 45, 46, 41, 42, 39, 40, 37, 38),)	4n3l_ligand
((6, 7, 0, 11, 4, 5, 12, 3, 10, 2, 9, 1, 8),)	4ndu_ligand
((34, 35, 36, 37, 53, 54, 55, 48, 49, 43, 44, 38, 39),)	4nze_ligand
((31, 21, 20, 29, 28, 30, 33, 26, 27, 24, 25, 22, 23),)	4oee_ligand
((31, 21, 20, 29, 28, 30, 33, 26, 27, 24, 25, 22, 23),)	4oef_ligand
((35, 25, 24, 33, 32, 34, 37, 30, 31, 28, 29, 26, 27),)	4oeg_ligand
((15, 6, 0, 10, 4, 5, 11, 3, 9, 2, 8, 1, 7),)	4ouj_ligand
((3, 8, 11, 20, 15, 16, 21, 14, 19, 13, 18, 12, 17),)	4pft_ligand
((3, 8, 11, 20, 15, 16, 21, 14, 19, 13, 18, 12, 17),)	4pfu_ligand
((10, 11, 12, 17, 18, 19, 20, 21, 22, 15, 16, 13, 14), (21, 22, 23, 28, 29, 30, 31, 32, 33, 26, 27, 24, 25), (32, 33, 34, 41, 42, 43, 44, 39, 40, 37, 38, 35, 36))	4qlk_ligand
((10, 11, 12, 17, 18, 19, 20, 21, 22, 15, 16, 13, 14), (21, 22, 23, 28, 29, 30, 31, 32, 33, 26, 27, 24, 25), (32, 33, 34, 41, 42, 43, 44, 39, 40, 37, 38, 35, 36))	4qll_ligand
((20, 21, 22, 23, 1, 2, 24, 0, 25, 3, 26, 27, 28),)	4riu_ligand
((8, 9, 10, 20, 17, 18, 19, 15, 16, 13, 14, 11, 12),)	4u2y_ligand
((3, 9, 12, 21, 16, 17, 22, 15, 20, 14, 19, 13, 18), (15, 20, 23, 32, 27, 28, 33, 26, 31, 25, 30, 24, 29))	4ua8_ligand
((35, 41, 21, 30, 25, 26, 31, 24, 29, 23, 28, 22, 27),)	4uac_ligand
((13, 14, 0, 9, 4, 5, 10, 3, 8, 2, 7, 1, 6),)	4v27_ligand
((33, 40, 45, 54, 49, 50, 55, 48, 53, 47, 52, 46, 51), (58, 65, 20, 29, 24, 25, 30, 23, 28, 22, 27, 21, 26))	4x0z_ligand
((34, 41, 20, 29, 24, 25, 30, 23, 28, 22, 27, 21, 26), (58, 65, 45, 54, 49, 50, 55, 48, 53, 47, 52, 46, 51))	4x13_ligand
((33, 40, 45, 54, 49, 50, 55, 48, 53, 47, 52, 46, 51), (58, 65, 20, 29, 24, 25, 30, 23, 28, 22, 27, 21, 26))	4x14_ligand
((15, 16, 17, 18, 1, 2, 19, 0, 20, 3, 21, 22, 23),)	4x50_ligand
((25, 26, 15, 3, 17, 30, 16, 29, 8, 28, 10, 27, 14),)	4x5p_ligand
((4, 9, 23, 24, 1, 2, 25, 26, 27, 28, 0, 29, 3),)	4x5q_ligand
((26, 27, 18, 0, 31, 32, 16, 30, 3, 29, 10, 28, 12),)	4x5r_ligand
((5, 17, 12, 13, 14, 18, 19, 15, 20, 16, 21, 11, 28),)	4xcb_ligand
((34, 42, 20, 29, 24, 25, 30, 23, 28, 22, 27, 21, 26),)	4xqu_ligand
((0, 6, 12, 21, 16, 17, 22, 15, 20, 14, 19, 13, 18), (12, 6, 0, 10, 4, 5, 11, 3, 9, 2, 8, 1, 7))	4xxh_ligand
((51, 52, 53, 54, 1, 2, 59, 0, 58, 3, 57, 55, 56),)	4y16_ligand
((12, 11, 10, 9, 6, 7, 8, 4, 5, 2, 3, 1, 0), (14, 15, 16, 21, 22, 23, 24, 25, 26, 19, 20, 17, 18), (25, 26, 27, 32, 33, 34, 35, 36, 37, 30, 31, 28, 29), (36, 37, 38, 43, 44, 45, 46, 87, 86, 41, 42, 39, 40), (54, 53, 48, 47, 13, 12, 11, 14, 15, 51, 52, 49, 50), (65, 64, 59, 58, 55, 56, 57, 54, 53, 62, 63, 60, 61), (76, 75, 70, 69, 66, 67, 68, 65, 64, 73, 74, 71, 72), (87, 86, 85, 78, 77, 79, 80, 76, 75, 81, 82, 83, 84))	4yee_ligand
((3, 4, 5, 10, 11, 12, 13, 14, 15, 8, 9, 6, 7), (14, 15, 16, 21, 22, 23, 24, 25, 26, 19, 20, 17, 18), (25, 26, 27, 32, 33, 34, 35, 76, 75, 30, 31, 28, 29), (43, 42, 37, 36, 2, 1, 0, 3, 4, 40, 41, 38, 39), (54, 53, 48, 47, 44, 45, 46, 43, 42, 51, 52, 49, 50), (65, 64, 59, 58, 55, 56, 57, 54, 53, 62, 63, 60, 61), (76, 75, 74, 67, 66, 68, 69, 65, 64, 70, 71, 72, 73))	4yef_ligand
((18, 6, 0, 10, 4, 5, 11, 3, 9, 2, 8, 1, 7),)	4ym2_ligand
((19, 22, 23, 24, 25, 26, 27, 28, 29, 30, 31, 32, 33),)	4yw6_ligand
((12, 11, 10, 9, 6, 7, 8, 4, 5, 2, 3, 1, 0), (67, 68, 69, 70, 71, 72, 73, 74, 75, 76, 77, 78, 79))	4yw7_ligand
((18, 19, 21, 20, 23, 28, 30, 22, 24, 27, 25, 26, 29), (63, 64, 70, 65, 66, 75, 74, 67, 73, 68, 72, 69, 71))	4ywa_ligand
((12, 11, 10, 9, 6, 7, 8, 4, 5, 2, 3, 1, 0),)	4zeb_ligand
((0, 34, 33, 32, 29, 30, 31, 27, 28, 25, 26, 24, 23),)	4zed_ligand
((12, 15, 5, 19, 1, 0, 20, 2, 18, 3, 17, 4, 16),)	4zyr_ligand
((3, 8, 11, 20, 15, 16, 21, 14, 19, 13, 18, 12, 17),)	5a3h_ligand
((12, 11, 4, 3, 8, 9, 10, 7, 2, 6, 1, 5, 0),)	5d21_ligand
((27, 28, 34, 43, 38, 39, 44, 37, 42, 36, 41, 35, 40),)	6cgt_ligand
((13, 7, 0, 11, 4, 5, 12, 3, 10, 2, 9, 1, 8),)	6gpb_ligand
