((1, 3, 4, 5, 6, 7, 10, 8, 9), (11, 10, 7, 6, 5, 4, 3, 9, 8), (14, 10, 7, 6, 5, 4, 3, 9, 8))	1a4k_ligand
((21, 22, 14, 13, 12, 11, 10, 16, 15), (23, 22, 14, 13, 12, 11, 10, 16, 15))	1agw_ligand
((12, 13, 18, 17, 16, 15, 21, 20, 19), (14, 13, 18, 17, 16, 15, 21, 20, 19))	1ao8_ligand
((12, 13, 0, 1, 2, 6, 9, 7, 4), (14, 13, 0, 1, 2, 6, 9, 7, 4))	1b8y_ligand
((18, 17, 1, 0, 5, 4, 6, 3, 2),)	1b9s_ligand
((12, 11, 1, 0, 5, 4, 6, 3, 2), (15, 11, 1, 0, 5, 4, 6, 3, 2))	1b9t_ligand
((14, 7, 1, 0, 5, 4, 6, 3, 2), (17, 7, 1, 0, 5, 4, 6, 3, 2))	1b9v_ligand
((10, 9, 6, 5, 4, 3, 2, 8, 7), (10, 12, 13, 14, 15, 16, 19, 17, 18))	1bju_ligand
((10, 9, 6, 5, 4, 3, 2, 8, 7), (10, 12, 13, 14, 15, 16, 19, 17, 18))	1bjv_ligand
((2, 21, 4, 5, 6, 7, 22, 8, 9), (18, 21, 4, 5, 6, 7, 22, 8, 9))	1bnt_ligand
((1, 16, 2, 3, 4, 5, 19, 6, 7),)	1bqm_ligand
((1, 16, 2, 3, 4, 5, 19, 6, 7),)	1bqn_ligand
((14, 15, 16, 17, 19, 21, 9, 20, 18),)	1br6_ligand
((17, 18, 20, 21, 22, 23, 26, 24, 25), (27, 26, 23, 22, 21, 20, 18, 25, 24))	1bsk_ligand
((10, 11, 12, 13, 14, 15, 20, 16, 17),)	1bzf_ligand
((20, 4, 8, 7, 6, 5, 11, 10, 9), (21, 4, 8, 7, 6, 5, 11, 10, 9))	1c3r_ligand
((15, 14, 1, 0, 8, 9, 4, 3, 2),)	1c5c_ligand
((10, 9, 2, 1, 0, 5, 6, 4, 3),)	1c83_ligand
((14, 13, 7, 6, 2, 3, 4, 9, 8),)	1c84_ligand
((17, 0, 12, 1, 2, 3, 14, 4, 13), (18, 0, 12, 1, 2, 3, 14, 4, 13))	1caq_ligand
((12, 13, 17, 16, 15, 14, 20, 19, 18), (32, 13, 17, 16, 15, 14, 20, 19, 18))	1ci7_ligand
((17, 0, 12, 1, 2, 3, 14, 4, 13), (18, 0, 12, 1, 2, 3, 14, 4, 13))	1ciz_ligand
((17, 16, 14, 13, 11, 10, 9, 12, 15), (36, 34, 32, 31, 29, 28, 20, 30, 33))	1ct8_ligand
((12, 13, 17, 16, 15, 14, 20, 19, 18),)	1dfo_ligand
((12, 13, 18, 17, 16, 15, 21, 20, 19), (14, 13, 18, 17, 16, 15, 21, 20, 19))	1dhi_ligand
((12, 13, 18, 17, 16, 15, 21, 20, 19), (14, 13, 18, 17, 16, 15, 21, 20, 19))	1dhj_ligand
((10, 12, 19, 14, 15, 16, 20, 17, 18),)	1e9h_ligand
((10, 9, 2, 1, 0, 5, 15, 4, 3),)	1ecv_ligand
((23, 21, 19, 18, 17, 16, 14, 15, 20),)	1ejn_ligand
((7, 9, 10, 12, 13, 14, 11, 15, 16),)	1ek1_ligand
((17, 22, 23, 24, 25, 26, 29, 27, 28),)	1ela_ligand
((17, 23, 24, 25, 26, 27, 30, 28, 29),)	1elb_ligand
((17, 26, 27, 28, 29, 30, 33, 31, 32),)	1elc_ligand
((19, 22, 23, 24, 25, 26, 29, 27, 28),)	1eld_ligand
((15, 18, 19, 20, 21, 22, 25, 23, 24),)	1ele_ligand
((14, 20, 21, 22, 23, 24, 25, 27, 28),)	1etz_ligand
((26, 28, 29, 0, 34, 32, 33, 31, 30), (35, 28, 29, 0, 34, 32, 33, 31, 30))	1ezf_ligand
((16, 17, 18, 19, 20, 21, 25, 22, 23),)	1f28_ligand
((15, 14, 11, 10, 9, 8, 7, 13, 12),)	1fl3_ligand
((1, 0, 7, 6, 5, 4, 11, 3, 8), (10, 12, 13, 14, 15, 16, 19, 17, 18))	1fvt_ligand
((13, 14, 15, 16, 17, 18, 21, 19, 20),)	1fvv_ligand
((10, 9, 6, 5, 4, 3, 2, 8, 7),)	1g2l_ligand
((10, 9, 6, 5, 4, 3, 2, 8, 7),)	1g2m_ligand
((10, 9, 6, 5, 4, 3, 2, 8, 7),)	1g30_ligand
((10, 9, 6, 5, 4, 3, 2, 8, 7),)	1g32_ligand
((10, 9, 6, 5, 4, 3, 2, 8, 7),)	1g36_ligand
((20, 22, 35, 36, 37, 38, 41, 39, 40), (23, 22, 35, 36, 37, 38, 41, 39, 40))	1gar_ligand
((9, 8, 7, 5, 3, 2, 0, 4, 6),)	1gbt_ligand
((8, 1, 14, 13, 12, 11, 0, 10, 15), (27, 1, 14, 13, 12, 11, 0, 10, 15))	1gfw_ligand
((10, 9, 3, 2, 1, 0, 6, 5, 4),)	1gja_ligand
((10, 9, 3, 2, 1, 0, 6, 5, 4),)	1gjd_ligand
((2, 12, 5, 0, 13, 8, 14, 7, 6),)	1h00_ligand
((3, 21, 15, 13, 12, 16, 19, 17, 18),)	1h01_ligand
((3, 21, 15, 13, 12, 16, 19, 17, 18),)	1h08_ligand
((0, 22, 23, 12, 11, 10, 25, 9, 24),)	1h1s_ligand
((14, 43, 1, 0, 8, 9, 4, 3, 2),)	1i6v_ligand
((20, 19, 17, 16, 15, 14, 36, 13, 18),)	1iep_ligand
((15, 14, 11, 10, 9, 8, 5, 13, 12), (18, 14, 11, 10, 9, 8, 5, 13, 12))	1ih0_ligand
((20, 6, 7, 8, 9, 10, 0, 11, 12),)	1ikv_ligand
((20, 6, 7, 8, 9, 10, 0, 11, 12),)	1ikw_ligand
((7, 6, 0, 1, 2, 3, 13, 4, 5),)	1ind_ligand
((12, 11, 10, 5, 4, 3, 0, 16, 15),)	1inf_ligand
((13, 12, 11, 5, 4, 3, 0, 17, 16),)	1ing_ligand
((13, 12, 11, 5, 4, 3, 0, 17, 16),)	1inh_ligand
((6, 7, 8, 9, 10, 13, 14, 12, 11),)	1jsv_ligand
((10, 11, 12, 13, 14, 15, 18, 16, 17),)	1ke5_ligand
((1, 0, 7, 6, 5, 4, 13, 3, 8), (10, 14, 15, 16, 17, 18, 21, 19, 20))	1ke6_ligand
((1, 2, 3, 4, 5, 6, 7, 12, 13), (15, 16, 17, 18, 19, 25, 24, 26, 27))	1ke7_ligand
((10, 11, 12, 13, 14, 15, 18, 16, 17),)	1ke8_ligand
((10, 11, 12, 13, 14, 15, 18, 16, 17),)	1ke9_ligand
((21, 20, 18, 17, 16, 13, 14, 12, 19),)	1ktt_ligand
((0, 2, 3, 4, 5, 6, 20, 7, 8),)	1kv1_ligand
((0, 2, 3, 4, 5, 6, 30, 11, 12),)	1kv2_ligand
((6, 5, 4, 3, 2, 1, 0, 15, 11), (10, 5, 4, 3, 2, 1, 0, 15, 11))	1kwq_ligand
((7, 0, 1, 2, 4, 6, 18, 5, 3),)	1l2s_ligand
((26, 25, 22, 21, 20, 19, 18, 24, 23),)	1m51_ligand
((28, 6, 3, 2, 1, 0, 11, 5, 4), (32, 6, 3, 2, 1, 0, 11, 5, 4))	1m7q_ligand
((92, 91, 85, 84, 83, 82, 78, 87, 86),)	1mpa_ligand
((8, 7, 0, 1, 2, 3, 4, 5, 6), (18, 17, 11, 10, 16, 14, 15, 13, 12))	1mq5_ligand
((20, 19, 11, 10, 16, 14, 15, 13, 12),)	1mq6_ligand
((23, 22, 20, 19, 18, 16, 15, 17, 21),)	1ndz_ligand
((8, 7, 6, 4, 3, 1, 2, 0, 15),)	1nhw_ligand
((15, 14, 13, 12, 11, 10, 9, 18, 17), (16, 14, 13, 12, 11, 10, 9, 18, 17))	1nhz_ligand
((0, 1, 2, 3, 4, 5, 14, 6, 7), (34, 1, 2, 3, 4, 5, 14, 6, 7))	1nl4_ligand
((3, 5, 15, 16, 17, 18, 25, 19, 20), (6, 5, 15, 16, 17, 18, 25, 19, 20))	1nl9_ligand
((19, 6, 1, 0, 5, 4, 21, 3, 2), (26, 6, 1, 0, 5, 4, 21, 3, 2))	1nny_ligand
((3, 5, 15, 16, 17, 18, 23, 19, 20), (6, 5, 15, 16, 17, 18, 23, 19, 20))	1nz7_ligand
((7, 6, 3, 2, 1, 0, 13, 5, 4),)	1o4j_ligand
((23, 22, 20, 19, 18, 16, 15, 17, 21),)	1o5r_ligand
((1, 0, 7, 8, 12, 13, 14, 17, 18), (15, 14, 13, 12, 8, 7, 0, 18, 17))	1oau_ligand
((0, 21, 22, 11, 10, 9, 24, 8, 23),)	1ogu_ligand
((0, 22, 23, 13, 12, 11, 1, 10, 24),)	1oi9_ligand
((15, 16, 17, 18, 19, 22, 23, 21, 20),)	1oir_ligand
((13, 23, 12, 0, 22, 17, 19, 16, 15),)	1oit_ligand
((0, 21, 22, 11, 10, 9, 24, 8, 23),)	1oiy_ligand
((3, 5, 6, 7, 8, 9, 17, 10, 11), (32, 5, 6, 7, 8, 9, 17, 10, 11))	1ony_ligand
((31, 30, 19, 18, 17, 16, 15, 22, 20),)	1ork_ligand
((11, 10, 9, 8, 7, 6, 5, 27, 26),)	1owd_ligand
((13, 15, 16, 17, 18, 19, 22, 20, 21),)	1owh_ligand
((13, 15, 16, 17, 18, 19, 22, 20, 21),)	1owj_ligand
((13, 15, 16, 17, 18, 19, 22, 20, 21),)	1owk_ligand
((10, 9, 6, 5, 4, 3, 2, 8, 7),)	1oyq_ligand
((16, 15, 12, 11, 10, 9, 7, 14, 13), (41, 15, 12, 11, 10, 9, 7, 14, 13))	1oz0_ligand
((2, 3, 4, 5, 6, 12, 13, 22, 21), (13, 15, 16, 17, 18, 19, 20, 21, 22))	1p2a_ligand
((9, 12, 13, 14, 15, 16, 19, 17, 18),)	1p4r_ligand
((7, 9, 10, 11, 12, 13, 14, 16, 17),)	1pf8_ligand
((3, 5, 6, 7, 8, 9, 12, 10, 11), (37, 5, 6, 7, 8, 9, 12, 10, 11))	1ph0_ligand
((37, 40, 41, 42, 43, 44, 45, 48, 49), (47, 45, 44, 43, 42, 41, 40, 49, 48))	1pip_ligand
((9, 12, 13, 14, 15, 16, 17, 23, 24),)	1pl0_ligand
((1, 9, 15, 16, 17, 20, 21, 19, 18), (10, 9, 15, 16, 17, 20, 21, 19, 18))	1pqc_ligand
((13, 12, 11, 0, 1, 8, 7, 9, 10), (13, 15, 16, 17, 18, 25, 24, 26, 27))	1pwp_ligand
((11, 10, 9, 6, 5, 4, 1, 7, 8),)	1pxl_ligand
((11, 14, 15, 16, 17, 20, 21, 19, 18),)	1pxn_ligand
((2, 13, 14, 15, 16, 17, 20, 18, 19), (21, 20, 17, 16, 15, 14, 13, 19, 18), (22, 20, 17, 16, 15, 14, 13, 19, 18))	1pxp_ligand
((1, 0, 7, 8, 9, 12, 13, 11, 10), (14, 13, 12, 9, 8, 7, 0, 10, 11))	1pzp_ligand
((8, 14, 15, 16, 17, 18, 21, 19, 20),)	1q4l_ligand
((16, 20, 10, 9, 8, 7, 23, 6, 11), (19, 20, 10, 9, 8, 7, 23, 6, 11))	1q7a_ligand
((22, 21, 25, 26, 28, 30, 0, 29, 27), (23, 21, 25, 26, 28, 30, 0, 29, 27))	1qin_ligand
((60, 59, 52, 51, 53, 55, 57, 56, 54),)	1qr3_ligand
((23, 22, 20, 19, 18, 16, 15, 17, 21),)	1qxl_ligand
((13, 14, 15, 16, 17, 18, 21, 19, 20),)	1r5h_ligand
((19, 21, 22, 23, 24, 25, 26, 27, 28),)	1r6n_ligand
((15, 14, 13, 12, 2, 1, 0, 18, 17),)	1r78_ligand
((27, 26, 24, 23, 22, 20, 18, 21, 25),)	1rww_ligand
((8, 13, 14, 15, 16, 17, 20, 18, 19),)	1so2_ligand
((7, 6, 5, 4, 3, 2, 1, 30, 29),)	1sqa_ligand
((20, 19, 17, 16, 15, 14, 36, 13, 18),)	1t46_ligand
((22, 25, 26, 27, 31, 30, 32, 29, 28),)	1t49_ligand
((22, 21, 20, 14, 15, 16, 17, 18, 19),)	1t4e_ligand
((16, 15, 14, 11, 10, 9, 1, 12, 13),)	1t4j_ligand
((23, 22, 20, 19, 18, 16, 15, 17, 21),)	1uml_ligand
((11, 20, 10, 0, 21, 16, 22, 15, 14),)	1urw_ligand
((6, 2, 0, 1, 4, 9, 12, 8, 3), (7, 2, 0, 1, 4, 9, 12, 8, 3))	1utt_ligand
((4, 25, 1, 0, 19, 18, 24, 3, 2), (4, 26, 5, 6, 7, 8, 11, 9, 10))	1uwh_ligand
((11, 14, 15, 12, 16, 17, 19, 18, 20),)	1v0o_ligand
((6, 10, 11, 12, 13, 14, 18, 15, 17),)	1v0p_ligand
((7, 21, 9, 8, 12, 15, 22, 14, 16),)	1v1k_ligand
((16, 15, 1, 0, 5, 4, 6, 3, 2), (19, 15, 1, 0, 5, 4, 6, 3, 2))	1vcj_ligand
((13, 10, 7, 6, 5, 4, 3, 9, 8),)	1vea_ligand
((7, 9, 10, 12, 13, 14, 11, 15, 16),)	1vj5_ligand
((8, 7, 6, 5, 4, 3, 0, 31, 30), (20, 19, 18, 16, 26, 27, 28, 24, 17))	1w0y_ligand
((1, 3, 4, 5, 6, 7, 10, 8, 9),)	1w13_ligand
((11, 14, 16, 17, 18, 21, 22, 20, 19), (15, 14, 16, 17, 18, 21, 22, 20, 19))	1w22_ligand
((8, 7, 6, 5, 4, 3, 0, 30, 29),)	1w2k_ligand
((13, 14, 15, 16, 17, 20, 21, 19, 18),)	1w7x_ligand
((8, 7, 6, 3, 2, 1, 0, 4, 5),)	1w82_ligand
((16, 15, 14, 3, 2, 1, 0, 4, 13),)	1w83_ligand
((3, 13, 5, 6, 7, 8, 11, 9, 10),)	1wax_ligand
((8, 10, 11, 12, 13, 14, 15, 16, 25),)	1wbn_ligand
((7, 9, 10, 11, 12, 13, 14, 25, 26),)	1wbs_ligand
((7, 9, 10, 11, 12, 13, 14, 25, 26),)	1wbt_ligand
((7, 9, 10, 11, 12, 13, 14, 17, 18),)	1wbv_ligand
((3, 4, 5, 6, 11, 13, 14, 12, 7),)	1wug_ligand
((25, 11, 12, 13, 14, 15, 16, 17, 18),)	1x7a_ligand
((20, 19, 17, 16, 15, 14, 36, 13, 18),)	1xbb_ligand
((1, 0, 12, 13, 14, 15, 19, 16, 17),)	1xgj_ligand
((35, 34, 33, 31, 30, 28, 29, 27, 32), (36, 34, 33, 31, 30, 28, 29, 27, 32))	1xh4_ligand
((8, 7, 6, 5, 4, 3, 14, 2, 13), (12, 7, 6, 5, 4, 3, 14, 2, 13))	1xh6_ligand
((35, 34, 33, 31, 30, 28, 29, 27, 32), (41, 34, 33, 31, 30, 28, 29, 27, 32))	1xh7_ligand
((35, 34, 32, 31, 30, 28, 29, 27, 33), (41, 34, 32, 31, 30, 28, 29, 27, 33))	1xh8_ligand
((35, 34, 33, 31, 30, 28, 29, 27, 32), (36, 34, 33, 31, 30, 28, 29, 27, 32))	1xh9_ligand
((4, 6, 7, 8, 9, 19, 18, 20, 21),)	1xk9_ligand
((20, 21, 22, 23, 24, 25, 26, 35, 37),)	1xkk_ligand
((6, 5, 12, 13, 14, 15, 18, 16, 17), (19, 5, 12, 13, 14, 15, 18, 16, 17))	1xpz_ligand
((11, 20, 17, 16, 15, 14, 12, 19, 18), (24, 20, 17, 16, 15, 14, 12, 19, 18))	1xq0_ligand
((10, 12, 13, 14, 15, 16, 19, 17, 18),)	1y2f_ligand
((24, 25, 26, 27, 28, 31, 2, 30, 29),)	1y91_ligand
((10, 12, 15, 14, 13, 18, 33, 17, 16),)	1ybg_ligand
((7, 25, 13, 12, 11, 10, 9, 15, 14),)	1ykr_ligand
((29, 28, 20, 19, 18, 17, 16, 22, 21),)	1ysi_ligand
((6, 7, 10, 11, 12, 13, 19, 14, 15),)	1yw7_ligand
((14, 13, 8, 7, 6, 2, 1, 3, 9),)	1yw8_ligand
((21, 9, 22, 23, 24, 25, 28, 26, 27),)	1z6e_ligand
((32, 31, 3, 2, 1, 0, 6, 5, 4),)	1z6q_ligand
((14, 16, 17, 18, 24, 21, 22, 20, 19),)	1z95_ligand
((10, 9, 8, 7, 5, 4, 1, 17, 16),)	1z9y_ligand
((9, 8, 7, 6, 5, 4, 0, 23, 22),)	1zfk_ligand
((12, 13, 14, 16, 17, 18, 21, 19, 20),)	1ztq_ligand
((9, 8, 7, 2, 3, 4, 12, 5, 6),)	1zuc_ligand
((6, 11, 12, 13, 14, 15, 18, 16, 17),)	2aou_ligand
((8, 7, 6, 4, 5, 12, 13, 11, 10), (14, 13, 12, 5, 4, 6, 7, 10, 11))	2ax6_ligand
((5, 7, 8, 9, 16, 12, 13, 11, 10), (14, 13, 12, 11, 10, 8, 7, 9, 16))	2ax9_ligand
((21, 20, 17, 16, 14, 15, 4, 19, 18),)	2b07_ligand
((20, 17, 13, 9, 4, 1, 0, 5, 10),)	2b1p_ligand
((14, 13, 12, 11, 10, 30, 31, 29, 28),)	2bak_ligand
((7, 11, 12, 13, 14, 15, 18, 16, 17),)	2bdf_ligand
((4, 5, 19, 20, 21, 22, 25, 23, 24),)	2bdj_ligand
((4, 9, 14, 15, 17, 20, 22, 19, 16),)	2bdy_ligand
((10, 15, 20, 19, 24, 23, 25, 22, 21), (14, 15, 20, 19, 24, 23, 25, 22, 21))	2bks_ligand
((16, 21, 26, 25, 30, 29, 31, 28, 27), (20, 21, 26, 25, 30, 29, 31, 28, 27))	2bkt_ligand
((17, 16, 23, 9, 8, 6, 5, 11, 10), (21, 16, 23, 9, 8, 6, 5, 11, 10))	2bmc_ligand
((1, 0, 20, 19, 18, 17, 15, 22, 21), (4, 0, 20, 19, 18, 17, 15, 22, 21))	2bpm_ligand
((21, 28, 24, 22, 23, 25, 30, 26, 27),)	2bqw_ligand
((8, 13, 16, 15, 14, 12, 18, 11, 17),)	2bts_ligand
((21, 20, 17, 16, 15, 14, 13, 19, 18),)	2bvr_ligand
((21, 20, 17, 16, 15, 14, 13, 19, 18),)	2bvs_ligand
((10, 9, 8, 5, 4, 3, 1, 6, 7),)	2byh_ligand
((8, 11, 12, 13, 18, 16, 17, 15, 14),)	2bz5_ligand
((16, 20, 21, 22, 23, 24, 25, 28, 29),)	2bz6_ligand
((24, 20, 16, 12, 6, 2, 0, 7, 13),)	2c0o_ligand
((2, 13, 14, 15, 16, 17, 20, 18, 19), (21, 20, 17, 16, 15, 14, 13, 19, 18), (22, 20, 17, 16, 15, 14, 13, 19, 18))	2c5n_ligand
((11, 10, 9, 7, 6, 4, 1, 5, 8),)	2c6i_ligand
((11, 10, 7, 6, 5, 4, 1, 9, 8),)	2c6k_ligand
((11, 10, 7, 6, 5, 4, 1, 9, 8),)	2c6l_ligand
((11, 10, 9, 7, 6, 4, 1, 5, 8),)	2c6m_ligand
((0, 22, 23, 12, 11, 10, 25, 9, 24),)	2c6o_ligand
((11, 10, 7, 6, 5, 4, 3, 9, 8),)	2cbr_ligand
((0, 20, 21, 22, 23, 24, 25, 27, 28),)	2cgr_ligand
((7, 6, 5, 4, 11, 10, 17, 9, 8), (15, 17, 10, 9, 8, 5, 6, 4, 11))	2cgv_ligand
((11, 10, 3, 2, 1, 6, 18, 5, 4),)	2cmo_ligand
((34, 33, 32, 31, 35, 36, 17, 37, 38), (39, 33, 32, 31, 35, 36, 17, 37, 38))	2cnh_ligand
((12, 13, 17, 16, 15, 14, 20, 19, 18),)	2d0k_ligand
((12, 13, 18, 17, 16, 15, 21, 20, 19), (14, 13, 18, 17, 16, 15, 21, 20, 19))	2drc_ligand
((40, 39, 33, 32, 37, 36, 38, 35, 34),)	2e2b_ligand
((12, 13, 18, 17, 16, 15, 21, 20, 19),)	2e7f_ligand
((11, 10, 2, 1, 0, 5, 6, 4, 3), (27, 6, 5, 0, 1, 2, 10, 3, 4))	2e9v_ligand
((13, 12, 5, 4, 3, 2, 1, 7, 6),)	2ea2_ligand
((16, 15, 0, 1, 2, 3, 6, 4, 5),)	2ea4_ligand
((13, 12, 11, 3, 2, 4, 5, 7, 10),)	2etm_ligand
((6, 10, 14, 16, 20, 24, 30, 21, 17),)	2exc_ligand
((13, 15, 16, 17, 18, 19, 25, 20, 21),)	2f14_ligand
((22, 23, 24, 25, 26, 29, 30, 28, 27),)	2f1g_ligand
((28, 27, 24, 23, 22, 21, 20, 26, 25),)	2f4j_ligand
((1, 4, 5, 6, 25, 24, 23, 8, 7),)	2f6t_ligand
((1, 4, 5, 6, 18, 17, 16, 8, 7),)	2f6v_ligand
((1, 4, 5, 6, 7, 18, 17, 9, 8),)	2f6y_ligand
((11, 10, 9, 8, 7, 16, 17, 18, 15),)	2f6z_ligand
((1, 4, 5, 6, 11, 9, 10, 8, 7),)	2f71_ligand
((10, 28, 4, 3, 7, 6, 26, 5, 27),)	2fdp_ligand
((5, 6, 7, 8, 9, 24, 25, 23, 10), (26, 25, 24, 9, 8, 7, 6, 10, 23))	2fum_ligand
((15, 17, 18, 19, 20, 22, 23, 25, 26),)	2fxs_ligand
((21, 9, 22, 23, 24, 25, 28, 26, 27), (41, 9, 22, 23, 24, 25, 28, 26, 27))	2fzz_ligand
((8, 25, 10, 11, 12, 30, 18, 31, 13), (9, 25, 10, 11, 12, 30, 18, 31, 13))	2g00_ligand
((24, 16, 15, 10, 11, 12, 5, 13, 14),)	2g24_ligand
((6, 7, 9, 10, 11, 14, 15, 13, 12), (8, 7, 9, 10, 11, 14, 15, 13, 12), (24, 23, 21, 20, 19, 17, 16, 18, 22))	2g2r_ligand
((15, 18, 19, 20, 21, 22, 25, 23, 24),)	2g63_ligand
((12, 15, 16, 17, 18, 19, 22, 20, 21),)	2g8n_ligand
((17, 16, 13, 12, 11, 10, 1, 15, 14),)	2g9x_ligand
((7, 10, 11, 12, 13, 14, 17, 15, 16),)	2ga2_ligand
((7, 8, 9, 10, 15, 14, 16, 13, 12),)	2ghg_ligand
((1, 9, 10, 11, 12, 15, 16, 14, 13),)	2gmv_ligand
((1, 4, 5, 6, 10, 9, 11, 8, 7),)	2h02_ligand
((29, 0, 28, 25, 24, 23, 22, 26, 27),)	2h03_ligand
((23, 22, 21, 19, 18, 13, 14, 12, 20), (61, 63, 64, 65, 66, 67, 68, 73, 72))	2h9t_ligand
((11, 10, 7, 6, 5, 4, 1, 9, 8),)	2hd6_ligand
((11, 2, 3, 0, 4, 1, 5, 6, 8),)	2hds_ligand
((26, 27, 28, 29, 30, 33, 34, 32, 31),)	2hh5_ligand
((26, 27, 28, 29, 30, 33, 34, 32, 31),)	2hhn_ligand
((21, 20, 19, 17, 16, 14, 15, 13, 18),)	2hiw_ligand
((11, 10, 7, 6, 5, 4, 0, 9, 8),)	2hl4_ligand
((14, 15, 9, 8, 7, 12, 0, 11, 10), (16, 15, 9, 8, 7, 12, 0, 11, 10))	2hvc_ligand
((15, 17, 18, 19, 20, 25, 24, 26, 27),)	2hvx_ligand
((14, 43, 1, 0, 8, 9, 4, 3, 2),)	2hw2_ligand
((1, 4, 5, 6, 10, 9, 14, 8, 7),)	2hwo_ligand
((2, 4, 5, 6, 10, 9, 14, 8, 7),)	2hwp_ligand
((20, 19, 17, 16, 15, 14, 36, 13, 18),)	2hyy_ligand
((0, 19, 1, 4, 3, 2, 5, 22, 21),)	2hz0_ligand
((16, 15, 7, 13, 12, 8, 11, 9, 14),)	2hzi_ligand
((18, 20, 2, 3, 4, 21, 23, 5, 22),)	2hzn_ligand
((10, 9, 8, 5, 4, 3, 1, 6, 7), (13, 9, 8, 5, 4, 3, 1, 6, 7))	2i0a_ligand
((11, 14, 16, 17, 18, 19, 23, 20, 21), (15, 14, 16, 17, 18, 19, 23, 20, 21))	2i0h_ligand
((5, 17, 0, 1, 2, 14, 18, 15, 16),)	2i0v_ligand
((4, 17, 0, 1, 2, 14, 9, 15, 16), (5, 17, 0, 1, 2, 14, 9, 15, 16))	2i0y_ligand
((4, 17, 0, 1, 2, 14, 9, 15, 16), (5, 17, 0, 1, 2, 14, 9, 15, 16))	2i1m_ligand
((27, 26, 9, 8, 7, 6, 3, 11, 10), (28, 26, 9, 8, 7, 6, 3, 11, 10))	2i6b_ligand
((11, 10, 9, 6, 5, 4, 1, 7, 8),)	2i80_ligand
((12, 13, 18, 17, 16, 15, 21, 20, 19),)	2idk_ligand
((33, 32, 31, 28, 27, 26, 25, 29, 30), (34, 32, 31, 28, 27, 26, 25, 29, 30))	2igy_ligand
((16, 18, 9, 0, 21, 4, 8, 3, 7), (19, 18, 9, 0, 21, 4, 8, 3, 7))	2ihq_ligand
((24, 16, 15, 10, 11, 12, 5, 13, 14),)	2iko_ligand
((21, 22, 23, 24, 25, 27, 28, 29, 30),)	2ito_ligand
((21, 22, 23, 24, 25, 27, 28, 29, 30),)	2ity_ligand
((21, 22, 23, 24, 25, 27, 28, 29, 30),)	2itz_ligand
((20, 21, 22, 23, 24, 25, 26, 27, 28),)	2ivu_ligand
((2, 18, 13, 19, 0, 20, 23, 21, 22),)	2iw6_ligand
((0, 22, 23, 12, 11, 10, 25, 9, 24),)	2iw8_ligand
((0, 22, 23, 12, 11, 10, 25, 9, 24),)	2iw9_ligand
((6, 7, 8, 10, 11, 12, 15, 13, 14), (17, 16, 0, 1, 2, 3, 6, 4, 5), (18, 16, 0, 1, 2, 3, 6, 4, 5), (19, 7, 8, 10, 11, 12, 15, 13, 14))	2j3q_ligand
((19, 18, 25, 11, 10, 8, 7, 13, 12), (23, 18, 25, 11, 10, 8, 7, 13, 12))	2j4z_ligand
((17, 16, 23, 9, 8, 6, 5, 11, 10), (21, 16, 23, 9, 8, 6, 5, 11, 10))	2j50_ligand
((5, 6, 7, 8, 9, 10, 11, 15, 16), (20, 6, 7, 8, 9, 10, 11, 15, 16))	2jb5_ligand
((28, 29, 30, 31, 32, 34, 35, 36, 37), (39, 38, 37, 30, 31, 32, 33, 34, 36), (40, 38, 37, 30, 31, 32, 33, 34, 36))	2jbv_ligand
((0, 5, 6, 7, 8, 13, 14, 12, 11), (4, 5, 6, 7, 8, 13, 14, 12, 11), (15, 14, 13, 8, 7, 6, 5, 11, 12))	2jkk_ligand
((20, 21, 22, 23, 24, 29, 30, 28, 27), (31, 30, 29, 24, 23, 22, 21, 27, 28), (32, 30, 29, 24, 23, 22, 21, 27, 28))	2jkm_ligand
((0, 6, 7, 8, 9, 14, 15, 13, 12), (5, 6, 7, 8, 9, 14, 15, 13, 12), (16, 15, 14, 9, 8, 7, 6, 12, 13))	2jko_ligand
((8, 11, 12, 13, 14, 22, 23, 21, 15), (10, 11, 12, 13, 14, 22, 23, 21, 15), (24, 23, 22, 14, 13, 12, 11, 15, 21))	2jkq_ligand
((6, 19, 3, 2, 1, 0, 21, 5, 4), (39, 19, 3, 2, 1, 0, 21, 5, 4))	2jld_ligand
((116, 118, 119, 120, 123, 125, 126, 124, 121), (136, 135, 133, 131, 129, 128, 127, 130, 132))	2lp8_ligand
((8, 7, 6, 0, 1, 2, 3, 4, 5), (10, 11, 12, 13, 14, 15, 16, 19, 20), (17, 16, 15, 14, 13, 12, 11, 20, 19))	2lwi_ligand
((13, 15, 8, 9, 7, 5, 24, 4, 10),)	2m3z_ligand
((92, 91, 85, 84, 83, 82, 78, 87, 86),)	2mpa_ligand
((10, 9, 3, 2, 1, 6, 7, 5, 4), (17, 9, 3, 2, 1, 6, 7, 5, 4))	2nw4_ligand
((23, 22, 21, 19, 18, 13, 14, 12, 20), (61, 63, 64, 65, 66, 67, 68, 73, 72))	2nyr_ligand
((3, 4, 8, 9, 10, 11, 14, 12, 13), (5, 4, 8, 9, 10, 11, 14, 12, 13), (25, 24, 21, 20, 19, 18, 17, 23, 22))	2o22_ligand
((28, 27, 24, 23, 22, 21, 20, 26, 25),)	2o5k_ligand
((1, 9, 15, 16, 17, 20, 21, 19, 18), (10, 9, 15, 16, 17, 20, 21, 19, 18))	2o9i_ligand
((12, 15, 16, 17, 18, 19, 22, 20, 21),)	2obf_ligand
((0, 6, 7, 16, 17, 18, 37, 19, 20), (2, 8, 9, 10, 15, 14, 33, 13, 12), (11, 8, 9, 10, 15, 14, 33, 13, 12))	2ofu_ligand
((21, 20, 6, 5, 10, 9, 11, 8, 7),)	2og8_ligand
((12, 13, 18, 17, 16, 15, 21, 20, 19),)	2ogy_ligand
((6, 25, 24, 7, 33, 23, 22, 8, 9),)	2oh4_ligand
((20, 19, 17, 16, 15, 14, 36, 13, 18),)	2oiq_ligand
((13, 12, 1, 5, 3, 2, 11, 4, 6),)	2ony_ligand
((13, 12, 1, 5, 3, 2, 11, 4, 6),)	2onz_ligand
((8, 7, 0, 1, 2, 3, 6, 4, 5),)	2osc_ligand
((10, 17, 12, 4, 2, 11, 23, 3, 5),)	2ot1_ligand
((19, 18, 25, 11, 10, 8, 7, 13, 12), (23, 18, 25, 11, 10, 8, 7, 13, 12))	2owb_ligand
((7, 6, 5, 4, 3, 2, 1, 10, 9), (8, 6, 5, 4, 3, 2, 1, 10, 9))	2oym_ligand
((6, 23, 5, 17, 26, 13, 25, 11, 24), (14, 25, 13, 11, 24, 5, 23, 17, 26), (15, 25, 13, 11, 24, 5, 23, 17, 26), (18, 23, 5, 17, 26, 13, 25, 11, 24))	2p16_ligand
((7, 6, 3, 2, 1, 0, 15, 5, 4),)	2p2h_ligand
((20, 21, 2, 1, 0, 5, 23, 4, 3),)	2p2i_ligand
((0, 5, 6, 7, 8, 9, 10, 14, 15), (4, 5, 6, 7, 8, 9, 10, 14, 15))	2p4i_ligand
((0, 12, 2, 3, 4, 5, 13, 6, 7),)	2pe0_ligand
((10, 12, 13, 8, 9, 16, 17, 15, 14), (18, 17, 16, 9, 8, 13, 12, 14, 15))	2pe1_ligand
((26, 28, 29, 24, 25, 32, 33, 31, 30), (34, 33, 32, 25, 24, 29, 28, 30, 31))	2pe2_ligand
((5, 0, 2, 3, 4, 15, 1, 16, 17), (32, 24, 21, 7, 20, 6, 23, 8, 22))	2phb_ligand
((3, 4, 5, 6, 7, 8, 11, 9, 10),)	2pjt_ligand
((20, 19, 17, 16, 15, 14, 36, 13, 18),)	2pl0_ligand
((1, 0, 21, 20, 25, 24, 28, 23, 22), (14, 16, 3, 4, 5, 6, 17, 7, 8))	2q1j_ligand
((1, 7, 8, 9, 10, 13, 14, 12, 11), (6, 7, 8, 9, 10, 13, 14, 12, 11))	2q1q_ligand
((7, 9, 10, 11, 12, 16, 17, 15, 13),)	2q8g_ligand
((10, 9, 8, 3, 4, 5, 24, 6, 7),)	2qe2_ligand
((12, 13, 18, 17, 16, 15, 21, 20, 19), (14, 13, 18, 17, 16, 15, 21, 20, 19))	2qk8_ligand
((19, 18, 17, 10, 9, 14, 13, 15, 16),)	2qlq_ligand
((19, 18, 17, 10, 9, 14, 13, 15, 16),)	2qq7_ligand
((18, 20, 21, 22, 23, 24, 28, 25, 26),)	2qu5_ligand
((18, 19, 2, 1, 0, 5, 21, 4, 3),)	2qu6_ligand
((7, 6, 2, 1, 0, 5, 10, 4, 3), (33, 6, 2, 1, 0, 5, 10, 4, 3))	2r2l_ligand
((10, 23, 7, 6, 5, 20, 21, 9, 8),)	2r2m_ligand
((0, 12, 1, 2, 15, 16, 4, 17, 3),)	2r2w_ligand
((13, 12, 11, 10, 9, 8, 7, 25, 24),)	2r4b_ligand
((19, 18, 15, 14, 13, 12, 11, 17, 16), (22, 18, 15, 14, 13, 12, 11, 17, 16), (26, 27, 0, 1, 2, 3, 6, 4, 5), (28, 27, 0, 1, 2, 3, 6, 4, 5))	2r64_ligand
((6, 23, 5, 4, 3, 2, 1, 22, 21), (8, 23, 5, 4, 3, 2, 1, 22, 21))	2r6n_ligand
((27, 25, 10, 9, 8, 7, 23, 6, 11),)	2rgp_ligand
((28, 27, 5, 11, 26, 22, 12, 10, 23),)	2rku_ligand
((19, 20, 14, 13, 12, 11, 10, 16, 15), (23, 20, 14, 13, 12, 11, 10, 16, 15), (23, 25, 26, 27, 28, 29, 32, 30, 31))	2rl5_ligand
((0, 5, 6, 7, 8, 11, 12, 10, 9), (4, 5, 6, 7, 8, 11, 12, 10, 9), (13, 12, 11, 8, 7, 6, 5, 9, 10))	2uue_ligand
((6, 17, 16, 9, 10, 11, 12, 13, 15), (7, 8, 9, 10, 11, 13, 14, 15, 16), (30, 8, 9, 10, 11, 13, 14, 15, 16), (32, 17, 16, 9, 10, 11, 12, 13, 15))	2uxx_ligand
((0, 1, 3, 4, 5, 6, 7, 9, 10), (2, 1, 3, 4, 5, 6, 7, 9, 10))	2v6n_ligand
((17, 16, 23, 9, 8, 6, 5, 11, 10), (21, 16, 23, 9, 8, 6, 5, 11, 10))	2v7a_ligand
((6, 10, 13, 15, 17, 19, 21, 18, 16),)	2vd1_ligand
((15, 16, 17, 18, 19, 22, 23, 21, 20), (24, 23, 22, 19, 18, 17, 16, 20, 21), (28, 23, 22, 19, 18, 17, 16, 20, 21))	2vgo_ligand
((4, 5, 6, 7, 8, 11, 12, 10, 9),)	2vgp_ligand
((14, 17, 18, 19, 20, 21, 25, 22, 23), (15, 17, 18, 19, 20, 21, 25, 22, 23))	2vh0_ligand
((18, 17, 16, 12, 11, 10, 9, 14, 15), (20, 17, 16, 12, 11, 10, 9, 14, 15))	2vh6_ligand
((1, 0, 6, 7, 8, 10, 29, 11, 28), (5, 0, 6, 7, 8, 10, 29, 11, 28))	2viw_ligand
((21, 22, 23, 24, 25, 28, 29, 27, 26), (30, 29, 28, 25, 24, 23, 22, 26, 27))	2vrx_ligand
((1, 0, 20, 11, 12, 13, 16, 14, 15),)	2vti_ligand
((9, 8, 7, 6, 5, 4, 1, 17, 16),)	2vtj_ligand
((9, 11, 12, 13, 14, 15, 16, 17, 18),)	2vtn_ligand
((6, 5, 4, 3, 2, 1, 0, 23, 22),)	2vto_ligand
((6, 5, 4, 3, 2, 1, 0, 25, 24),)	2vtp_ligand
((13, 14, 15, 16, 17, 18, 21, 19, 20), (22, 21, 18, 17, 16, 15, 14, 20, 19), (26, 21, 18, 17, 16, 15, 14, 20, 19))	2vv9_ligand
((15, 14, 13, 1, 2, 3, 4, 11, 12),)	2vvc_ligand
((15, 14, 13, 1, 2, 3, 4, 11, 12),)	2vvu_ligand
((15, 14, 13, 1, 2, 3, 4, 11, 12),)	2vvv_ligand
((15, 14, 13, 1, 2, 3, 4, 11, 12),)	2vwl_ligand
((15, 14, 13, 1, 2, 3, 4, 11, 12),)	2vwn_ligand
((16, 18, 19, 20, 25, 24, 26, 23, 22),)	2vwo_ligand
((7, 6, 5, 4, 3, 2, 1, 27, 26), (11, 12, 13, 14, 15, 18, 19, 21, 24))	2vwv_ligand
((6, 5, 4, 3, 2, 27, 28, 24, 23),)	2vww_ligand
((2, 6, 7, 8, 9, 10, 13, 11, 12),)	2w05_ligand
((12, 23, 11, 0, 22, 17, 19, 16, 15),)	2w06_ligand
((14, 13, 12, 9, 8, 7, 5, 10, 11), (14, 16, 17, 18, 19, 22, 23, 21, 20))	2w0j_ligand
((11, 12, 13, 14, 15, 16, 19, 17, 18),)	2w17_ligand
((0, 1, 11, 9, 7, 6, 13, 8, 10), (3, 1, 11, 9, 7, 6, 13, 8, 10), (14, 13, 6, 7, 9, 11, 1, 10, 8), (15, 13, 6, 7, 9, 11, 1, 10, 8))	2w26_ligand
((12, 14, 15, 16, 17, 18, 19, 20, 21),)	2w3i_ligand
((10, 12, 13, 14, 15, 16, 17, 18, 19), (22, 24, 25, 26, 27, 28, 31, 29, 30))	2w3k_ligand
((12, 14, 15, 16, 17, 18, 21, 19, 20),)	2w7x_ligand
((15, 14, 13, 12, 11, 10, 9, 18, 17), (16, 14, 13, 12, 11, 10, 9, 18, 17))	2w8y_ligand
((0, 5, 4, 3, 6, 7, 14, 8, 9), (4, 5, 0, 1, 10, 11, 17, 12, 13), (15, 14, 7, 6, 3, 4, 5, 9, 8), (16, 14, 7, 6, 3, 4, 5, 9, 8), (18, 17, 11, 10, 1, 0, 5, 13, 12), (19, 17, 11, 10, 1, 0, 5, 13, 12))	2w9i_ligand
((20, 21, 2, 1, 0, 5, 24, 4, 3),)	2weq_ligand
((36, 30, 10, 9, 8, 7, 0, 12, 11), (42, 30, 10, 9, 8, 7, 0, 12, 11))	2wf2_ligand
((23, 22, 21, 16, 17, 18, 8, 19, 20),)	2who_ligand
((17, 20, 21, 22, 23, 24, 27, 25, 26), (28, 27, 24, 23, 22, 21, 20, 26, 25), (33, 27, 24, 23, 22, 21, 20, 26, 25))	2wih_ligand
((15, 14, 13, 0, 1, 10, 9, 11, 12),)	2wos_ligand
((6, 5, 4, 3, 2, 31, 32, 28, 27),)	2wot_ligand
((13, 15, 16, 17, 18, 19, 22, 20, 21),)	2wou_ligand
((31, 30, 29, 23, 22, 25, 26, 27, 28), (32, 30, 29, 23, 22, 25, 26, 27, 28))	2wq5_ligand
((17, 16, 15, 14, 13, 12, 10, 33, 32),)	2wtv_ligand
((17, 16, 15, 14, 13, 12, 10, 33, 32),)	2wtw_ligand
((16, 17, 18, 19, 20, 23, 24, 22, 21),)	2wu6_ligand
((21, 23, 24, 25, 26, 31, 30, 32, 33),)	2wxq_ligand
((14, 17, 18, 19, 24, 23, 25, 22, 21), (15, 17, 18, 19, 24, 23, 25, 22, 21))	2wyg_ligand
((14, 17, 18, 19, 24, 23, 25, 22, 21), (15, 17, 18, 19, 24, 23, 25, 22, 21))	2wyj_ligand
((17, 16, 15, 9, 10, 11, 12, 13, 14),)	2x2k_ligand
((17, 16, 14, 9, 10, 11, 18, 12, 13),)	2x2l_ligand
((17, 18, 19, 20, 21, 24, 25, 23, 22),)	2x5o_ligand
((22, 21, 20, 19, 18, 17, 16, 29, 28), (27, 21, 20, 19, 18, 17, 16, 29, 28))	2x6e_ligand
((14, 13, 12, 9, 8, 7, 6, 10, 11),)	2x7o_ligand
((17, 16, 15, 14, 13, 12, 10, 33, 32),)	2x81_ligand
((15, 17, 18, 19, 20, 21, 25, 22, 23),)	2x9e_ligand
((28, 29, 30, 31, 32, 34, 35, 36, 37), (39, 38, 37, 30, 31, 32, 33, 34, 36), (40, 38, 37, 30, 31, 32, 33, 34, 36), (54, 61, 62, 63, 64, 67, 68, 66, 65), (70, 29, 30, 31, 32, 34, 35, 36, 37))	2xaq_ligand
((28, 29, 30, 31, 32, 34, 35, 36, 37), (39, 38, 37, 30, 31, 32, 33, 34, 36), (40, 38, 37, 30, 31, 32, 33, 34, 36), (53, 29, 30, 31, 32, 34, 35, 36, 37), (64, 63, 62, 59, 58, 57, 56, 60, 61))	2xas_ligand
((3, 6, 7, 8, 9, 10, 15, 11, 12), (16, 15, 10, 9, 8, 7, 6, 12, 11), (20, 15, 10, 9, 8, 7, 6, 12, 11))	2xb7_ligand
((17, 16, 23, 9, 8, 6, 5, 11, 10), (21, 16, 23, 9, 8, 6, 5, 11, 10))	2xba_ligand
((6, 7, 18, 19, 22, 20, 24, 21, 23),)	2xbv_ligand
((4, 11, 14, 15, 12, 10, 5, 23, 24), (6, 13, 27, 32, 35, 30, 31, 34, 33))	2xbw_ligand
((4, 11, 14, 15, 12, 10, 5, 23, 24), (6, 13, 27, 32, 35, 30, 31, 34, 33))	2xbx_ligand
((4, 11, 14, 15, 12, 10, 5, 27, 28), (6, 13, 21, 17, 16, 25, 36, 31, 35))	2xc0_ligand
((5, 10, 11, 15, 13, 12, 16, 14, 36), (6, 7, 17, 18, 21, 19, 23, 20, 22))	2xc4_ligand
((20, 25, 26, 27, 28, 29, 32, 30, 31), (33, 32, 29, 28, 27, 26, 25, 31, 30), (38, 32, 29, 28, 27, 26, 25, 31, 30))	2xck_ligand
((50, 51, 52, 53, 54, 55, 56, 59, 60), (57, 56, 55, 54, 53, 52, 51, 60, 59))	2xef_ligand
((38, 39, 40, 41, 42, 43, 44, 47, 48), (45, 44, 43, 42, 41, 40, 39, 48, 47))	2xeg_ligand
((32, 33, 34, 35, 36, 37, 38, 41, 42), (39, 38, 37, 36, 35, 34, 33, 42, 41))	2xei_ligand
((3, 22, 21, 4, 5, 6, 7, 18, 20),)	2xjj_ligand
((12, 14, 15, 16, 17, 18, 21, 19, 20),)	2xk9_ligand
((13, 14, 15, 16, 17, 20, 21, 19, 18),)	2xmy_ligand
((10, 9, 8, 7, 5, 4, 1, 17, 16),)	2xn5_ligand
((0, 5, 6, 7, 8, 11, 12, 10, 9), (4, 5, 6, 7, 8, 11, 12, 10, 9), (13, 12, 11, 8, 7, 6, 5, 9, 10))	2xnb_ligand
((4, 19, 20, 5, 21, 6, 22, 27, 28), (23, 22, 6, 21, 5, 20, 19, 28, 27), (26, 22, 6, 21, 5, 20, 19, 28, 27))	2xne_ligand
((18, 17, 14, 13, 12, 10, 9, 16, 15), (22, 17, 14, 13, 12, 10, 9, 16, 15))	2xru_ligand
((28, 27, 24, 23, 22, 21, 20, 26, 25),)	2xyn_ligand
((17, 18, 19, 20, 21, 24, 25, 23, 22),)	2y68_ligand
((12, 11, 10, 1, 2, 7, 6, 8, 9), (14, 11, 10, 1, 2, 7, 6, 8, 9))	2y7x_ligand
((1, 2, 3, 4, 8, 7, 11, 6, 5), (17, 2, 3, 4, 8, 7, 11, 6, 5))	2y7z_ligand
((1, 2, 3, 4, 8, 7, 11, 6, 5), (17, 2, 3, 4, 8, 7, 11, 6, 5))	2y80_ligand
((10, 9, 8, 1, 2, 5, 32, 6, 7), (12, 9, 8, 1, 2, 5, 32, 6, 7))	2y81_ligand
((13, 12, 2, 1, 11, 5, 6, 4, 3), (17, 12, 2, 1, 11, 5, 6, 4, 3))	2y82_ligand
((32, 31, 18, 17, 16, 21, 22, 20, 19), (36, 31, 18, 17, 16, 21, 22, 20, 19))	2yac_ligand
((34, 24, 30, 18, 17, 27, 25, 21, 31), (39, 24, 30, 18, 17, 27, 25, 21, 31))	2yak_ligand
((19, 4, 16, 15, 14, 13, 11, 18, 17), (19, 5, 20, 21, 22, 23, 26, 24, 25))	2ycf_ligand
((12, 14, 15, 16, 17, 20, 21, 19, 18),)	2ycq_ligand
((1, 2, 3, 4, 5, 8, 9, 7, 6), (1, 18, 19, 20, 21, 22, 25, 23, 24))	2ycr_ligand
((15, 0, 1, 2, 3, 4, 7, 5, 6),)	2ycs_ligand
((5, 8, 9, 10, 15, 13, 14, 12, 11),)	2ye9_ligand
((10, 9, 8, 0, 1, 5, 4, 6, 7),)	2yiq_ligand
((15, 2, 16, 17, 18, 19, 25, 20, 21),)	2yir_ligand
((11, 13, 14, 15, 16, 19, 20, 18, 17),)	2yit_ligand
((17, 19, 20, 21, 26, 24, 25, 23, 22),)	2yof_ligand
((17, 19, 20, 21, 26, 24, 25, 23, 22),)	2yog_ligand
((17, 19, 20, 21, 22, 25, 26, 24, 23), (27, 26, 25, 22, 21, 20, 19, 23, 24))	2yoh_ligand
((9, 11, 12, 13, 14, 15, 20, 16, 17),)	2ywp_ligand
((6, 5, 4, 3, 22, 23, 24, 21, 20), (37, 36, 35, 32, 31, 30, 28, 33, 34), (39, 36, 35, 32, 31, 30, 28, 33, 34))	2yxj_ligand
((25, 24, 21, 20, 19, 18, 9, 23, 22),)	2ze1_ligand
((13, 12, 2, 1, 0, 5, 6, 4, 3),)	2zm3_ligand
((16, 17, 18, 19, 20, 23, 24, 22, 21),)	3a2c_ligand
((6, 7, 8, 9, 10, 14, 15, 13, 12),)	3aas_ligand
((1, 2, 3, 4, 5, 15, 16, 14, 13), (10, 9, 8, 7, 6, 18, 17, 19, 20))	3aau_ligand
((45, 46, 56, 57, 59, 60, 61, 67, 58), (47, 46, 56, 57, 59, 60, 61, 67, 58), (54, 55, 57, 56, 58, 67, 66, 60, 59), (64, 55, 57, 56, 58, 67, 66, 60, 59))	3abt_ligand
((32, 54, 37, 38, 40, 41, 42, 47, 39), (33, 54, 37, 38, 40, 41, 42, 47, 39), (36, 57, 38, 37, 39, 47, 46, 41, 40), (45, 57, 38, 37, 39, 47, 46, 41, 40))	3abu_ligand
((5, 10, 9, 12, 14, 16, 0, 18, 19),)	3ama_ligand
((28, 27, 24, 23, 22, 21, 20, 26, 25),)	3amb_ligand
((27, 26, 5, 23, 20, 7, 21, 6, 24), (29, 26, 5, 23, 20, 7, 21, 6, 24))	3aox_ligand
((15, 14, 0, 1, 2, 3, 8, 4, 5),)	3arz_ligand
((15, 14, 0, 1, 2, 3, 8, 4, 5),)	3as3_ligand
((22, 1, 0, 4, 8, 10, 7, 12, 14), (32, 1, 0, 4, 8, 10, 7, 12, 14))	3asx_ligand
((21, 17, 19, 18, 16, 9, 11, 8, 20),)	3at3_ligand
((21, 20, 18, 17, 16, 9, 10, 8, 19),)	3at4_ligand
((15, 33, 21, 38, 1, 39, 43, 20, 40), (42, 43, 39, 1, 38, 21, 33, 40, 20), (44, 43, 39, 1, 38, 21, 33, 40, 20))	3b2w_ligand
((13, 15, 16, 17, 23, 20, 21, 19, 18),)	3b5r_ligand
((10, 9, 8, 0, 1, 3, 4, 6, 7),)	3b65_ligand
((4, 3, 2, 1, 0, 8, 9, 7, 6), (14, 16, 17, 18, 24, 21, 22, 20, 19))	3b66_ligand
((8, 7, 6, 4, 5, 12, 13, 11, 10), (14, 13, 12, 5, 4, 6, 7, 10, 11))	3b67_ligand
((1, 3, 4, 5, 6, 9, 10, 8, 7), (15, 17, 18, 19, 26, 22, 23, 21, 20), (24, 23, 22, 21, 20, 18, 17, 19, 26))	3b68_ligand
((25, 26, 27, 28, 29, 30, 33, 31, 32),)	3b8q_ligand
((7, 8, 9, 10, 11, 12, 13, 22, 24),)	3bbt_ligand
((2, 29, 6, 7, 8, 9, 33, 10, 11), (3, 29, 6, 7, 8, 9, 33, 10, 11), (12, 33, 9, 8, 7, 6, 29, 11, 10))	3bea_ligand
((13, 24, 6, 7, 8, 9, 22, 10, 11),)	3bel_ligand
((5, 37, 8, 9, 10, 35, 11, 7, 36), (6, 37, 8, 9, 10, 35, 11, 7, 36))	3bi1_ligand
((7, 6, 5, 0, 1, 2, 17, 3, 4),)	3bmy_ligand
((19, 23, 10, 9, 8, 7, 0, 12, 11), (20, 23, 10, 9, 8, 7, 0, 12, 11), (21, 24, 16, 15, 14, 13, 0, 18, 17), (22, 24, 16, 15, 14, 13, 0, 18, 17))	3btc_ligand
((19, 23, 10, 9, 8, 7, 0, 12, 11), (20, 23, 10, 9, 8, 7, 0, 12, 11), (21, 24, 16, 15, 14, 13, 0, 18, 17), (22, 24, 16, 15, 14, 13, 0, 18, 17))	3btl_ligand
((32, 31, 11, 28, 27, 8, 30, 7, 29),)	3bv2_ligand
((32, 31, 11, 28, 27, 8, 30, 7, 29),)	3bv3_ligand
((9, 10, 24, 23, 29, 27, 28, 26, 25), (30, 10, 24, 23, 29, 27, 28, 26, 25))	3bwf_ligand
((5, 6, 8, 7, 12, 11, 13, 10, 9),)	3bym_ligand
((0, 6, 7, 8, 9, 10, 33, 11, 12), (34, 33, 10, 9, 8, 7, 6, 12, 11), (38, 33, 10, 9, 8, 7, 6, 12, 11))	3byo_ligand
((24, 28, 33, 32, 31, 30, 39, 29, 34), (38, 39, 30, 29, 34, 33, 28, 32, 31), (40, 39, 30, 29, 34, 33, 28, 32, 31))	3bys_ligand
((4, 3, 2, 1, 0, 17, 18, 16, 15), (24, 28, 35, 34, 33, 32, 41, 31, 36), (40, 41, 32, 31, 36, 35, 28, 34, 33), (42, 41, 32, 31, 36, 35, 28, 34, 33))	3byu_ligand
((25, 26, 27, 10, 31, 7, 32, 29, 28), (33, 32, 7, 29, 28, 27, 26, 10, 31))	3bz3_ligand
((20, 4, 8, 7, 6, 5, 11, 10, 9), (21, 4, 8, 7, 6, 5, 11, 10, 9))	3c10_ligand
((8, 0, 3, 2, 1, 6, 24, 5, 4),)	3c1x_ligand
((1, 6, 7, 8, 14, 12, 13, 11, 10),)	3c4c_ligand
((23, 24, 0, 1, 2, 3, 26, 4, 5),)	3c6t_ligand
((2, 33, 9, 13, 15, 19, 31, 16, 32), (20, 31, 19, 15, 13, 9, 33, 32, 16), (21, 31, 19, 15, 13, 9, 33, 32, 16))	3c7q_ligand
((16, 17, 18, 9, 10, 20, 12, 19, 14),)	3cd5_ligand
((37, 0, 9, 12, 11, 10, 41, 40, 39),)	3cda_ligand
((22, 21, 20, 9, 10, 18, 17, 19, 14),)	3cdb_ligand
((12, 15, 4, 1, 17, 3, 23, 24, 16),)	3cde_ligand
((2, 23, 7, 8, 0, 19, 18, 20, 21),)	3ce3_ligand
((15, 14, 13, 10, 9, 8, 7, 11, 12),)	3cho_ligand
((9, 19, 3, 0, 1, 4, 17, 5, 18),)	3chp_ligand
((15, 14, 13, 10, 9, 8, 7, 11, 12),)	3chq_ligand
((4, 6, 7, 8, 9, 10, 13, 11, 12),)	3chr_ligand
((1, 9, 10, 11, 12, 13, 16, 14, 15),)	3chs_ligand
((5, 7, 8, 9, 10, 11, 12, 13, 14),)	3cj4_ligand
((10, 12, 13, 14, 15, 16, 17, 18, 19),)	3cj5_ligand
((3, 0, 2, 10, 26, 11, 29, 15, 16), (6, 1, 18, 7, 19, 20, 8, 9, 24))	3cjf_ligand
((11, 13, 4, 1, 15, 3, 20, 21, 14),)	3co9_ligand
((11, 12, 20, 2, 1, 0, 21, 19, 18), (13, 12, 20, 2, 1, 0, 21, 19, 18))	3coh_ligand
((6, 21, 22, 8, 1, 3, 2, 24, 23), (25, 21, 22, 8, 1, 3, 2, 24, 23))	3cs7_ligand
((7, 20, 3, 2, 1, 0, 22, 5, 4), (41, 20, 3, 2, 1, 0, 22, 5, 4))	3cst_ligand
((18, 22, 11, 2, 3, 12, 26, 15, 7),)	3cth_ligand
((11, 13, 14, 15, 16, 20, 21, 19, 18),)	3ctj_ligand
((1, 4, 5, 6, 16, 15, 14, 8, 7), (13, 14, 15, 8, 7, 5, 4, 6, 16))	3cwj_ligand
((20, 19, 18, 15, 14, 13, 12, 16, 17),)	3d52_ligand
((21, 20, 17, 16, 13, 14, 15, 19, 18),)	3d83_ligand
((33, 32, 10, 28, 26, 9, 25, 6, 31),)	3da6_ligand
((15, 17, 18, 19, 20, 21, 26, 22, 25),)	3dek_ligand
((10, 16, 17, 18, 19, 20, 23, 21, 22),)	3dpk_ligand
((0, 1, 3, 4, 5, 11, 12, 7, 6), (13, 12, 11, 5, 4, 3, 1, 6, 7))	3ds9_ligand
((15, 40, 13, 12, 11, 38, 37, 14, 39),)	3dsz_ligand
((26, 27, 28, 29, 30, 33, 34, 32, 31), (36, 27, 28, 29, 30, 33, 34, 32, 31))	3e37_ligand
((21, 20, 18, 17, 16, 9, 10, 8, 19),)	3e3b_ligand
((12, 15, 1, 16, 24, 0, 23, 2, 17),)	3e51_ligand
((28, 27, 24, 23, 22, 21, 20, 26, 25),)	3e5a_ligand
((7, 6, 1, 0, 5, 4, 13, 3, 2), (18, 17, 8, 7, 12, 11, 16, 10, 9))	3e8n_ligand
((11, 33, 34, 14, 35, 15, 36, 37, 16),)	3efk_ligand
((12, 14, 15, 16, 17, 21, 22, 20, 19),)	3eft_ligand
((27, 26, 25, 8, 24, 22, 21, 23, 9),)	3efw_ligand
((17, 20, 8, 11, 10, 9, 23, 22, 21),)	3eid_ligand
((12, 13, 18, 17, 16, 15, 21, 20, 19), (14, 13, 18, 17, 16, 15, 21, 20, 19))	3eig_ligand
((9, 8, 7, 2, 3, 4, 29, 5, 6), (30, 29, 4, 3, 2, 7, 8, 6, 5), (34, 29, 4, 3, 2, 7, 8, 6, 5))	3ekn_ligand
((20, 19, 18, 15, 14, 13, 12, 16, 17),)	3el8_ligand
((8, 9, 10, 11, 17, 16, 18, 15, 14),)	3elj_ligand
((11, 19, 20, 21, 7, 8, 25, 9, 22),)	3eoc_ligand
((3, 5, 6, 7, 18, 24, 23, 25, 26),)	3eos_ligand
((11, 10, 9, 7, 6, 5, 4, 17, 16),)	3eou_ligand
((16, 17, 18, 19, 20, 21, 22, 23, 24),)	3eqb_ligand
((24, 25, 26, 27, 28, 29, 32, 30, 31), (33, 32, 29, 28, 27, 26, 25, 31, 30), (37, 32, 29, 28, 27, 26, 25, 31, 30))	3eqr_ligand
((18, 26, 27, 28, 29, 30, 31, 32, 33), (35, 31, 30, 29, 28, 27, 26, 33, 32))	3et7_ligand
((26, 25, 24, 17, 16, 15, 14, 18, 23),)	3ewh_ligand
((7, 6, 3, 2, 1, 0, 19, 5, 4),)	3exo_ligand
((20, 4, 8, 7, 6, 5, 11, 10, 9), (21, 4, 8, 7, 6, 5, 11, 10, 9))	3f0r_ligand
((2, 31, 30, 27, 26, 25, 24, 28, 29), (22, 24, 25, 26, 27, 30, 31, 29, 28))	3f3v_ligand
((2, 31, 30, 27, 26, 25, 24, 28, 29), (22, 24, 25, 26, 27, 30, 31, 29, 28))	3f3w_ligand
((9, 16, 17, 18, 19, 20, 24, 21, 22),)	3f5p_ligand
((22, 28, 10, 2, 3, 11, 31, 14, 7),)	3f82_ligand
((26, 25, 23, 22, 21, 19, 20, 18, 24), (30, 25, 23, 22, 21, 19, 20, 18, 24))	3f8c_ligand
((3, 4, 17, 18, 19, 20, 23, 21, 22), (5, 4, 17, 18, 19, 20, 23, 21, 22))	3fal_ligand
((27, 26, 25, 9, 11, 10, 22, 8, 35),)	3fc2_ligand
((9, 37, 5, 11, 19, 0, 24, 18, 23), (13, 37, 5, 11, 19, 0, 24, 18, 23))	3ffg_ligand
((13, 28, 15, 10, 19, 20, 30, 18, 34),)	3fi2_ligand
((4, 27, 6, 2, 35, 32, 33, 29, 28), (7, 16, 5, 17, 0, 9, 19, 8, 18))	3fi3_ligand
((4, 20, 1, 0, 29, 27, 3, 25, 2),)	3fkt_ligand
((23, 22, 10, 9, 12, 13, 17, 14, 11), (28, 22, 10, 9, 12, 13, 17, 14, 11))	3fqk_ligand
((23, 22, 10, 9, 12, 13, 17, 14, 11), (28, 22, 10, 9, 12, 13, 17, 14, 11))	3fql_ligand
((6, 20, 17, 18, 14, 11, 26, 15, 19),)	3fqs_ligand
((14, 13, 10, 9, 8, 7, 6, 12, 11),)	3fui_ligand
((8, 11, 12, 13, 14, 16, 20, 17, 19),)	3fur_ligand
((33, 4, 35, 34, 36, 37, 38, 39, 40), (41, 4, 35, 34, 36, 37, 38, 39, 40))	3fxz_ligand
((20, 11, 12, 13, 14, 15, 18, 16, 17), (30, 11, 12, 13, 14, 15, 18, 16, 17))	3fy0_ligand
((25, 26, 27, 10, 31, 7, 32, 29, 28), (33, 32, 7, 29, 28, 27, 26, 10, 31))	3fzr_ligand
((0, 2, 3, 4, 5, 6, 30, 11, 12),)	3fzs_ligand
((8, 17, 13, 2, 1, 5, 21, 3, 6),)	3g0e_ligand
((8, 17, 13, 2, 1, 5, 21, 3, 6),)	3g0f_ligand
((7, 44, 5, 0, 1, 2, 45, 3, 4), (24, 26, 27, 28, 33, 31, 32, 30, 29))	3g6g_ligand
((13, 12, 11, 3, 2, 4, 5, 7, 10), (34, 33, 32, 27, 26, 28, 29, 30, 31))	3g6h_ligand
((8, 9, 4, 2, 0, 1, 10, 3, 5), (11, 10, 1, 0, 2, 4, 9, 5, 3))	3g86_ligand
((8, 9, 15, 0, 16, 17, 1, 2, 3), (10, 9, 15, 0, 16, 17, 1, 2, 3))	3g8o_ligand
((3, 5, 18, 19, 20, 21, 22, 23, 24), (6, 5, 18, 19, 20, 21, 22, 23, 24))	3g90_ligand
((22, 21, 4, 3, 2, 1, 0, 16, 5),)	3gc4_ligand
((2, 31, 30, 27, 26, 25, 24, 28, 29), (22, 24, 25, 26, 27, 30, 31, 29, 28))	3gcq_ligand
((4, 25, 1, 0, 19, 18, 24, 3, 2), (4, 26, 5, 6, 7, 8, 11, 9, 10))	3gcs_ligand
((3, 5, 6, 7, 17, 23, 22, 24, 25),)	3ge7_ligand
((0, 6, 7, 8, 9, 14, 15, 13, 12), (5, 6, 7, 8, 9, 14, 15, 13, 12), (16, 15, 14, 9, 8, 7, 6, 12, 13))	3gfw_ligand
((10, 9, 8, 5, 4, 3, 1, 6, 7), (12, 9, 8, 5, 4, 3, 1, 6, 7))	3gqz_ligand
((20, 19, 17, 16, 15, 14, 36, 13, 18),)	3gvu_ligand
((9, 10, 11, 12, 13, 14, 15, 18, 19),)	3gxl_ligand
((10, 11, 12, 13, 14, 15, 18, 16, 17),)	3gy2_ligand
((1, 4, 5, 6, 16, 15, 14, 8, 7),)	3gyn_ligand
((11, 20, 9, 13, 18, 17, 6, 16, 19), (21, 20, 9, 13, 18, 17, 6, 16, 19))	3h0e_ligand
((4, 5, 6, 7, 8, 9, 10, 11, 12), (14, 15, 16, 17, 21, 20, 22, 19, 18), (23, 22, 20, 19, 18, 16, 15, 17, 21))	3h0y_ligand
((17, 16, 15, 12, 11, 10, 8, 13, 14), (23, 24, 25, 26, 27, 28, 31, 29, 30))	3h0z_ligand
((10, 9, 8, 5, 4, 3, 1, 6, 7),)	3h2o_ligand
((2, 21, 0, 22, 1, 25, 26, 24, 23),)	3h3c_ligand
((17, 18, 12, 11, 16, 15, 23, 14, 13), (24, 23, 15, 14, 13, 12, 18, 11, 16))	3h59_ligand
((16, 32, 18, 17, 26, 25, 24, 31, 19), (21, 24, 25, 26, 17, 18, 32, 19, 31))	3h98_ligand
((5, 11, 12, 13, 14, 19, 20, 18, 17), (10, 11, 12, 13, 14, 19, 20, 18, 17), (21, 20, 19, 14, 13, 12, 11, 17, 18))	3h9f_ligand
((14, 34, 9, 5, 20, 25, 35, 26, 7), (27, 33, 24, 18, 19, 11, 28, 23, 21))	3ha6_ligand
((20, 19, 17, 16, 15, 14, 36, 13, 18),)	3hec_ligand
((4, 25, 1, 0, 19, 18, 24, 3, 2), (4, 26, 5, 6, 7, 8, 11, 9, 10))	3heg_ligand
((16, 15, 13, 8, 7, 5, 4, 6, 14),)	3hhk_ligand
((10, 11, 12, 13, 14, 15, 18, 16, 17),)	3hig_ligand
((8, 7, 6, 3, 2, 1, 0, 4, 5),)	3hng_ligand
((12, 11, 10, 3, 4, 5, 6, 8, 9),)	3hp9_ligand
((17, 21, 22, 23, 27, 26, 28, 25, 24),)	3hpt_ligand
((4, 16, 14, 15, 17, 18, 19, 21, 22), (10, 16, 14, 15, 17, 18, 19, 21, 22))	3hq5_ligand
((13, 12, 11, 10, 9, 19, 20, 18, 17),)	3huc_ligand
((17, 19, 20, 21, 22, 25, 26, 24, 23), (27, 26, 25, 22, 21, 20, 19, 23, 24))	3hv3_ligand
((16, 15, 14, 11, 10, 9, 8, 12, 13),)	3hv6_ligand
((12, 11, 10, 6, 5, 4, 1, 8, 9), (16, 18, 20, 21, 28, 26, 27, 25, 22), (19, 18, 20, 21, 28, 26, 27, 25, 22))	3i0r_ligand
((9, 10, 11, 3, 2, 1, 0, 5, 6), (12, 10, 11, 3, 2, 1, 0, 5, 6), (16, 18, 19, 20, 22, 23, 24, 28, 29))	3i0s_ligand
((26, 19, 0, 1, 2, 3, 6, 4, 5),)	3i7i_ligand
((25, 23, 16, 15, 14, 13, 12, 18, 17),)	3iad_ligand
((9, 17, 10, 12, 11, 13, 14, 15, 16),)	3idp_ligand
((35, 28, 27, 26, 25, 31, 32, 30, 29), (36, 28, 27, 26, 25, 31, 32, 30, 29))	3ig6_ligand
((1, 4, 5, 6, 7, 10, 11, 9, 8), (16, 11, 10, 7, 6, 5, 4, 8, 9))	3igv_ligand
((6, 8, 12, 13, 14, 15, 18, 16, 17), (7, 8, 12, 13, 14, 15, 18, 16, 17))	3ijz_ligand
((6, 7, 9, 13, 14, 15, 19, 16, 17), (8, 7, 9, 13, 14, 15, 19, 16, 17))	3ik1_ligand
((26, 28, 8, 29, 9, 30, 11, 10, 31),)	3ik3_ligand
((0, 6, 7, 8, 9, 14, 15, 13, 12), (5, 6, 7, 8, 9, 14, 15, 13, 12), (16, 15, 14, 9, 8, 7, 6, 12, 13))	3ika_ligand
((26, 25, 15, 14, 13, 12, 10, 17, 16), (30, 25, 15, 14, 13, 12, 10, 17, 16))	3il6_ligand
((43, 31, 37, 16, 39, 47, 33, 40, 17), (44, 32, 38, 18, 41, 48, 34, 42, 19))	3ipb_ligand
((18, 1, 19, 20, 21, 24, 9, 23, 22), (38, 5, 37, 34, 33, 32, 12, 35, 36))	3ipe_ligand
((22, 23, 33, 9, 12, 15, 27, 17, 18),)	3ipu_ligand
((27, 23, 29, 10, 11, 32, 24, 33, 14),)	3iw5_ligand
((20, 16, 23, 10, 9, 22, 2, 24, 12),)	3iw8_ligand
((16, 11, 14, 4, 3, 13, 2, 5, 15),)	3juo_ligand
((16, 11, 14, 4, 3, 13, 2, 5, 15),)	3jup_ligand
((16, 11, 14, 4, 3, 13, 2, 5, 15),)	3juq_ligand
((15, 9, 16, 17, 18, 19, 7, 20, 21),)	3jvr_ligand
((8, 9, 3, 2, 1, 0, 6, 5, 4),)	3k3b_ligand
((12, 11, 8, 7, 6, 5, 4, 10, 9),)	3k5v_ligand
((9, 1, 20, 21, 22, 25, 5, 24, 23),)	3k9x_ligand
((27, 26, 20, 19, 18, 23, 24, 22, 21), (31, 26, 20, 19, 18, 23, 24, 22, 21))	3kb7_ligand
((7, 8, 18, 19, 20, 21, 22, 24, 26), (9, 8, 18, 19, 20, 21, 22, 24, 26))	3kba_ligand
((12, 24, 13, 7, 14, 17, 20, 15, 8),)	3kc3_ligand
((17, 21, 22, 23, 24, 25, 28, 26, 27),)	3kf4_ligand
((19, 10, 9, 5, 11, 24, 2, 22, 18),)	3khj_ligand
((1, 2, 13, 14, 15, 16, 17, 18, 19),)	3kmm_ligand
((23, 31, 16, 7, 4, 12, 13, 9, 17),)	3kqb_ligand
((22, 33, 17, 8, 4, 12, 13, 5, 9), (25, 33, 17, 8, 4, 12, 13, 5, 9))	3kqc_ligand
((22, 37, 18, 9, 4, 12, 13, 5, 10), (27, 37, 18, 9, 4, 12, 13, 5, 10))	3kqd_ligand
((22, 37, 18, 9, 4, 12, 13, 5, 10), (27, 37, 18, 9, 4, 12, 13, 5, 10))	3kqe_ligand
((7, 9, 10, 11, 12, 13, 22, 14, 15),)	3krj_ligand
((3, 4, 7, 8, 9, 10, 11, 21, 22), (5, 4, 7, 8, 9, 10, 11, 21, 22), (12, 11, 10, 9, 8, 7, 4, 22, 21))	3krl_ligand
((30, 18, 22, 0, 2, 25, 29, 3, 1),)	3kvx_ligand
((16, 17, 18, 19, 20, 21, 22, 23, 24),)	3l1s_ligand
((29, 11, 24, 25, 27, 30, 31, 28, 26),)	3l5c_ligand
((13, 12, 8, 7, 6, 5, 4, 10, 9), (19, 21, 22, 23, 24, 25, 28, 26, 27))	3l8v_ligand
((8, 7, 6, 3, 2, 1, 21, 4, 5),)	3l9h_ligand
((16, 12, 8, 5, 0, 14, 17, 13, 11),)	3l9l_ligand
((14, 15, 6, 7, 8, 9, 10, 11, 12),)	3lbz_ligand
((2, 4, 5, 6, 10, 9, 14, 8, 7),)	3lok_ligand
((23, 22, 19, 18, 17, 16, 15, 21, 20), (25, 22, 19, 18, 17, 16, 15, 21, 20))	3lp2_ligand
((31, 21, 17, 16, 15, 14, 13, 19, 18), (33, 34, 37, 38, 39, 40, 43, 41, 42))	3lq8_ligand
((29, 32, 33, 34, 35, 36, 37, 40, 41), (38, 37, 36, 35, 34, 33, 32, 41, 40))	3luo_ligand
((12, 38, 24, 19, 4, 23, 37, 18, 20), (28, 37, 23, 4, 19, 24, 38, 20, 18), (29, 37, 23, 4, 19, 24, 38, 20, 18))	3lzb_ligand
((30, 29, 26, 25, 24, 23, 22, 28, 27),)	3m11_ligand
((20, 11, 12, 13, 14, 15, 18, 16, 17), (30, 11, 12, 13, 14, 15, 18, 16, 17))	3m1s_ligand
((19, 14, 18, 32, 29, 27, 28, 25, 36),)	3m35_ligand
((19, 14, 18, 32, 29, 27, 28, 25, 36),)	3m36_ligand
((20, 15, 19, 32, 30, 28, 29, 26, 36),)	3m37_ligand
((3, 6, 7, 8, 9, 10, 13, 11, 12),)	3m40_ligand
((11, 12, 17, 18, 19, 20, 23, 21, 22),)	3m8p_ligand
((9, 8, 4, 3, 2, 1, 7, 0, 5),)	3mbl_ligand
((3, 6, 7, 8, 9, 10, 13, 11, 12),)	3mho_ligand
((8, 17, 13, 2, 1, 5, 21, 3, 6),)	3miy_ligand
((12, 13, 8, 6, 4, 0, 3, 11, 10),)	3ml2_ligand
((11, 10, 7, 6, 4, 0, 3, 9, 8),)	3mmf_ligand
((11, 10, 7, 6, 4, 0, 3, 9, 8),)	3mna_ligand
((4, 6, 1, 5, 8, 10, 0, 12, 13),)	3mnu_ligand
((7, 6, 5, 4, 3, 2, 1, 10, 9), (8, 6, 5, 4, 3, 2, 1, 10, 9))	3mz3_ligand
((7, 6, 5, 4, 3, 2, 1, 10, 9), (8, 6, 5, 4, 3, 2, 1, 10, 9))	3mz6_ligand
((11, 10, 7, 6, 4, 0, 3, 9, 8),)	3mzc_ligand
((11, 10, 7, 6, 4, 0, 3, 9, 8), (11, 13, 14, 15, 17, 19, 20, 21, 23))	3n0n_ligand
((11, 10, 7, 6, 4, 0, 3, 9, 8),)	3n2p_ligand
((11, 10, 7, 6, 4, 0, 3, 9, 8),)	3n3j_ligand
((11, 10, 7, 6, 4, 0, 3, 9, 8), (11, 13, 14, 15, 16, 17, 18, 19, 20))	3n4b_ligand
((17, 18, 5, 0, 1, 2, 8, 3, 4),)	3nc9_ligand
((19, 18, 14, 13, 12, 6, 11, 7, 15),)	3ncz_ligand
((11, 10, 8, 7, 6, 5, 2, 4, 9),)	3ndm_ligand
((7, 9, 3, 2, 1, 0, 23, 5, 4), (10, 9, 3, 2, 1, 0, 23, 5, 4))	3nf7_ligand
((7, 9, 3, 2, 1, 0, 24, 5, 4), (10, 9, 3, 2, 1, 0, 24, 5, 4))	3nf8_ligand
((17, 7, 6, 1, 2, 3, 8, 4, 5),)	3njq_ligand
((0, 2, 3, 4, 5, 6, 30, 11, 12),)	3npc_ligand
((17, 18, 19, 9, 10, 11, 0, 21, 20),)	3o0g_ligand
((2, 0, 1, 4, 10, 14, 16, 11, 5), (3, 0, 1, 4, 10, 14, 16, 11, 5))	3o23_ligand
((29, 13, 30, 31, 32, 33, 36, 34, 35),)	3o5x_ligand
((0, 2, 3, 4, 5, 6, 7, 8, 9),)	3o8p_ligand
((21, 20, 4, 3, 16, 6, 18, 17, 5),)	3og7_ligand
((5, 8, 11, 17, 16, 15, 12, 21, 20),)	3olf_ligand
((5, 8, 11, 16, 17, 15, 12, 21, 20),)	3omm_ligand
((5, 9, 20, 27, 21, 15, 13, 22, 28),)	3oof_ligand
((5, 6, 7, 10, 19, 12, 14, 18, 11),)	3ook_ligand
((11, 12, 13, 4, 19, 5, 20, 6, 21), (13, 12, 11, 0, 1, 2, 3, 15, 17))	3orn_ligand
((8, 9, 10, 6, 17, 4, 16, 15, 14), (10, 9, 8, 0, 1, 2, 19, 3, 12))	3os3_ligand
((19, 16, 13, 9, 4, 1, 0, 5, 10),)	3otq_ligand
((26, 28, 8, 29, 9, 30, 11, 10, 31),)	3oxz_ligand
((15, 14, 16, 8, 10, 17, 20, 11, 9),)	3oy0_ligand
((25, 27, 8, 28, 9, 29, 11, 10, 30),)	3oy3_ligand
((14, 13, 15, 6, 8, 16, 18, 9, 7),)	3oyq_ligand
((15, 14, 17, 9, 11, 18, 19, 12, 10),)	3oys_ligand
((17, 20, 21, 22, 23, 24, 13, 25, 26),)	3p78_ligand
((10, 11, 13, 14, 15, 16, 23, 17, 18),)	3p79_ligand
((17, 14, 18, 4, 5, 19, 15, 20, 8),)	3pb7_ligand
((3, 4, 7, 8, 10, 11, 12, 28, 29), (5, 4, 7, 8, 10, 11, 12, 28, 29))	3phe_ligand
((20, 11, 13, 12, 4, 5, 2, 15, 19), (21, 11, 13, 12, 4, 5, 2, 15, 19))	3pix_ligand
((6, 20, 17, 18, 14, 11, 26, 15, 19),)	3piy_ligand
((1, 2, 13, 14, 15, 16, 17, 18, 19),)	3pj1_ligand
((1, 12, 13, 14, 15, 16, 19, 17, 18),)	3pj2_ligand
((10, 12, 19, 15, 6, 18, 25, 22, 23),)	3pj3_ligand
((27, 26, 7, 9, 25, 8, 21, 22, 24),)	3poz_ligand
((14, 15, 16, 17, 18, 19, 20, 21, 22),)	3pp1_ligand
((16, 18, 19, 20, 21, 22, 23, 28, 27),)	3pp7_ligand
((6, 13, 14, 15, 16, 17, 22, 18, 19),)	3ppj_ligand
((8, 10, 11, 12, 13, 14, 17, 15, 16),)	3ppk_ligand
((15, 6, 3, 2, 1, 0, 23, 5, 4),)	3prf_ligand
((10, 9, 3, 2, 1, 0, 6, 5, 4),)	3psb_ligand
((7, 9, 10, 11, 12, 13, 14, 16, 17),)	3py0_ligand
((7, 9, 10, 11, 12, 13, 14, 16, 17),)	3py1_ligand
((17, 5, 0, 4, 7, 10, 37, 12, 14), (18, 5, 0, 4, 7, 10, 37, 12, 14))	3pz1_ligand
((17, 5, 0, 4, 7, 10, 37, 12, 14), (18, 5, 0, 4, 7, 10, 37, 12, 14))	3pz2_ligand
((29, 50, 48, 23, 19, 43, 47, 26, 45), (31, 50, 48, 23, 19, 43, 47, 26, 45))	3pz3_ligand
((17, 5, 0, 4, 7, 10, 37, 12, 14), (18, 5, 0, 4, 7, 10, 37, 12, 14))	3pz4_ligand
((2, 3, 4, 6, 7, 8, 11, 9, 10),)	3q0z_ligand
((1, 15, 19, 7, 9, 20, 18, 10, 8),)	3qbn_ligand
((9, 6, 32, 33, 37, 36, 39, 35, 34), (12, 6, 32, 33, 37, 36, 39, 35, 34), (46, 20, 43, 42, 41, 40, 3, 45, 44))	3qkd_ligand
((6, 1, 22, 21, 20, 19, 13, 18, 23), (8, 13, 19, 18, 23, 22, 1, 21, 20), (10, 1, 22, 21, 20, 19, 13, 18, 23))	3qqu_ligand
((28, 29, 21, 16, 17, 18, 31, 19, 20),)	3qri_ligand
((28, 29, 21, 16, 17, 18, 31, 19, 20),)	3qrj_ligand
((7, 1, 8, 11, 12, 13, 27, 14, 15),)	3qtu_ligand
((13, 14, 15, 19, 20, 21, 24, 22, 23),)	3qtx_ligand
((6, 1, 7, 15, 16, 17, 25, 18, 19),)	3qtz_ligand
((7, 1, 8, 15, 16, 17, 24, 18, 19),)	3qu0_ligand
((22, 18, 27, 9, 5, 21, 3, 11, 23), (27, 18, 22, 6, 10, 28, 20, 26, 12))	3que_ligand
((7, 1, 8, 16, 17, 18, 27, 19, 20),)	3qxp_ligand
((12, 13, 18, 17, 16, 15, 21, 20, 19), (14, 13, 18, 17, 16, 15, 21, 20, 19))	3qxt_ligand
((12, 13, 18, 17, 16, 15, 21, 20, 19), (14, 13, 18, 17, 16, 15, 21, 20, 19))	3qxv_ligand
((11, 10, 7, 6, 4, 0, 3, 9, 8),)	3r16_ligand
((12, 11, 8, 7, 5, 0, 4, 10, 9),)	3r17_ligand
((3, 23, 15, 14, 13, 10, 9, 11, 16),)	3r7o_ligand
((25, 5, 0, 4, 7, 9, 12, 10, 11),)	3r7r_ligand
((7, 1, 8, 10, 11, 12, 26, 13, 14),)	3r9d_ligand
((3, 7, 12, 11, 10, 9, 15, 14, 13),)	3r9h_ligand
((3, 7, 12, 11, 10, 9, 15, 14, 13),)	3r9o_ligand
((18, 9, 19, 20, 21, 22, 7, 23, 24),)	3rak_ligand
((20, 9, 21, 22, 23, 24, 7, 25, 26),)	3ral_ligand
((27, 26, 7, 9, 25, 8, 21, 22, 24),)	3rcd_ligand
((10, 9, 8, 7, 5, 4, 1, 17, 16),)	3rf4_ligand
((2, 1, 0, 16, 17, 18, 21, 19, 20),)	3rk5_ligand
((2, 1, 0, 16, 17, 18, 21, 19, 20),)	3rk7_ligand
((11, 1, 10, 0, 3, 5, 2, 7, 9), (14, 1, 10, 0, 3, 5, 2, 7, 9))	3rm9_ligand
((6, 1, 7, 15, 16, 17, 28, 18, 19),)	3rmf_ligand
((12, 11, 7, 6, 5, 10, 2, 9, 8), (18, 11, 7, 6, 5, 10, 2, 9, 8))	3ro4_ligand
((7, 1, 8, 16, 17, 18, 25, 19, 20),)	3rpv_ligand
((11, 7, 12, 13, 14, 15, 6, 16, 17),)	3rpy_ligand
((9, 8, 7, 5, 3, 2, 0, 4, 6),)	3rxj_ligand
((20, 9, 21, 22, 23, 24, 7, 25, 26),)	3s1h_ligand
((0, 1, 8, 7, 5, 3, 2, 10, 9), (11, 1, 8, 7, 5, 3, 2, 10, 9))	3s2p_ligand
((10, 11, 34, 21, 18, 30, 28, 24, 32), (33, 11, 34, 21, 18, 30, 28, 24, 32))	3s7a_ligand
((19, 16, 22, 10, 13, 23, 17, 14, 11),)	3sgt_ligand
((23, 10, 4, 3, 1, 7, 8, 6, 5),)	3skc_ligand
((17, 14, 18, 2, 3, 19, 12, 20, 4),)	3smq_ligand
((6, 1, 7, 15, 16, 17, 25, 18, 19),)	3sqq_ligand
((6, 5, 4, 3, 2, 1, 0, 24, 23),)	3srv_ligand
((7, 16, 17, 4, 22, 20, 21, 19, 5), (11, 16, 17, 4, 22, 20, 21, 19, 5))	3t9t_ligand
((7, 13, 11, 5, 4, 10, 3, 6, 12), (8, 13, 11, 5, 4, 10, 3, 6, 12))	3tdj_ligand
((7, 6, 3, 2, 1, 0, 8, 5, 4),)	3tgs_ligand
((8, 17, 13, 2, 1, 5, 21, 3, 6),)	3ti1_ligand
((7, 0, 1, 2, 3, 4, 18, 5, 6),)	3tiz_ligand
((9, 10, 24, 11, 25, 22, 20, 4, 23), (12, 10, 24, 11, 25, 22, 20, 4, 23))	3tjc_ligand
((7, 17, 8, 6, 5, 4, 1, 10, 9),)	3tll_ligand
((19, 23, 24, 25, 26, 27, 30, 28, 29), (31, 30, 27, 26, 25, 24, 23, 29, 28), (37, 30, 27, 26, 25, 24, 23, 29, 28))	3tt0_ligand
((13, 14, 15, 27, 28, 29, 5, 30, 31),)	3tti_ligand
((8, 11, 14, 25, 26, 27, 3, 28, 29),)	3ttj_ligand
((20, 19, 15, 14, 13, 12, 18, 11, 16),)	3tv4_ligand
((21, 20, 14, 13, 11, 17, 18, 16, 15),)	3tv6_ligand
((9, 8, 7, 2, 3, 4, 33, 5, 6), (16, 19, 26, 27, 28, 29, 32, 30, 31), (20, 19, 26, 27, 28, 29, 32, 30, 31))	3twd_ligand
((33, 35, 47, 22, 20, 41, 40, 30, 49), (35, 33, 45, 24, 28, 54, 52, 56, 43))	3u18_ligand
((1, 3, 4, 5, 6, 7, 12, 8, 9),)	3u4u_ligand
((20, 17, 15, 14, 13, 11, 10, 12, 16),)	3u6i_ligand
((1, 0, 8, 3, 4, 5, 11, 6, 7), (12, 0, 8, 3, 4, 5, 11, 6, 7))	3u8d_ligand
((9, 2, 10, 11, 12, 13, 3, 14, 15), (10, 2, 9, 4, 5, 6, 0, 7, 8))	3u9c_ligand
((20, 19, 18, 15, 14, 13, 11, 16, 17), (29, 19, 18, 15, 14, 13, 11, 16, 17))	3ua9_ligand
((30, 20, 27, 9, 23, 24, 4, 8, 25),)	3ue4_ligand
((21, 22, 23, 24, 25, 27, 28, 29, 30),)	3ug2_ligand
((11, 10, 8, 7, 6, 5, 33, 4, 9),)	3ugc_ligand
((4, 6, 7, 8, 9, 19, 18, 20, 21),)	3uh2_ligand
((8, 7, 4, 3, 2, 0, 1, 6, 5),)	3unj_ligand
((11, 0, 8, 7, 6, 5, 10, 4, 9),)	3unk_ligand
((12, 1, 9, 8, 7, 6, 11, 5, 10),)	3unz_ligand
((5, 3, 15, 16, 17, 18, 21, 19, 20),)	3uo4_ligand
((8, 7, 4, 3, 2, 0, 1, 6, 5),)	3uo5_ligand
((11, 0, 8, 7, 6, 5, 10, 4, 9),)	3uo6_ligand
((5, 3, 15, 16, 17, 18, 21, 19, 20),)	3uod_ligand
((12, 1, 9, 8, 7, 6, 11, 5, 10),)	3uoh_ligand
((9, 8, 7, 4, 3, 2, 1, 5, 6),)	3uoj_ligand
((12, 13, 14, 15, 16, 17, 18, 21, 22),)	3uok_ligand
((12, 13, 14, 15, 16, 17, 18, 23, 24),)	3uol_ligand
((5, 3, 15, 16, 17, 18, 21, 19, 20),)	3up2_ligand
((11, 0, 8, 7, 6, 5, 10, 4, 9),)	3up7_ligand
((42, 39, 50, 27, 29, 52, 62, 56, 58), (43, 40, 51, 28, 30, 53, 63, 57, 59))	3upf_ligand
((1, 3, 4, 5, 6, 7, 8, 13, 12),)	3ur0_ligand
((23, 19, 24, 9, 8, 22, 2, 27, 13), (24, 19, 23, 10, 11, 28, 20, 26, 12))	3uvp_ligand
((28, 24, 29, 8, 12, 30, 4, 35, 17), (29, 24, 28, 9, 15, 36, 27, 34, 16))	3uvq_ligand
((15, 21, 25, 24, 23, 22, 0, 27, 26),)	3uwl_ligand
((16, 9, 18, 19, 20, 21, 2, 22, 23),)	3v01_ligand
((11, 9, 16, 17, 18, 19, 2, 20, 21),)	3v04_ligand
((1, 7, 8, 9, 10, 11, 12, 16, 17), (18, 7, 8, 9, 10, 11, 12, 16, 17))	3v3m_ligand
((4, 15, 16, 17, 18, 19, 22, 20, 21), (6, 15, 16, 17, 18, 19, 22, 20, 21))	3v49_ligand
((11, 10, 9, 4, 5, 6, 0, 7, 8),)	3v5g_ligand
((17, 18, 19, 20, 21, 22, 27, 23, 34),)	3v5q_ligand
((29, 28, 27, 24, 23, 22, 20, 25, 26),)	3v6r_ligand
((11, 12, 13, 14, 15, 18, 19, 17, 16), (20, 19, 18, 15, 14, 13, 12, 16, 17))	3v6s_ligand
((7, 1, 2, 5, 4, 17, 18, 3, 16),)	3v8s_ligand
((18, 17, 14, 13, 12, 11, 10, 16, 15),)	3vhe_ligand
((23, 5, 24, 25, 26, 27, 7, 28, 29), (24, 5, 23, 22, 21, 20, 1, 18, 30))	3vi5_ligand
((19, 21, 30, 29, 28, 27, 32, 22, 31), (30, 21, 19, 18, 7, 5, 6, 0, 20), (39, 32, 27, 22, 31, 30, 21, 29, 28))	3vi7_ligand
((10, 9, 8, 5, 4, 3, 1, 6, 7),)	3vqu_ligand
((23, 14, 11, 10, 7, 8, 9, 13, 12), (26, 25, 4, 3, 2, 1, 9, 0, 5))	3vvz_ligand
((19, 25, 4, 3, 2, 1, 0, 6, 5), (20, 25, 4, 3, 2, 1, 0, 6, 5), (21, 26, 10, 9, 8, 7, 0, 12, 11), (22, 26, 10, 9, 8, 7, 0, 12, 11), (23, 27, 16, 15, 14, 13, 0, 18, 17), (24, 27, 16, 15, 14, 13, 0, 18, 17))	3vw1_ligand
((7, 10, 11, 12, 13, 20, 21, 15, 14),)	3vws_ligand
((8, 7, 6, 0, 1, 2, 3, 4, 5),)	3vzd_ligand
((27, 26, 7, 9, 25, 8, 21, 22, 24),)	3w2o_ligand
((21, 33, 0, 1, 2, 3, 6, 4, 5),)	3w2p_ligand
((16, 33, 14, 3, 4, 17, 37, 19, 8), (21, 34, 15, 6, 12, 13, 31, 7, 18))	3w2q_ligand
((17, 32, 13, 2, 4, 15, 37, 16, 7),)	3w2r_ligand
((17, 32, 13, 2, 4, 15, 37, 16, 7),)	3w2s_ligand
((15, 28, 10, 2, 4, 12, 33, 13, 6),)	3w32_ligand
((17, 28, 11, 1, 3, 13, 32, 15, 6),)	3w33_ligand
((1, 5, 19, 20, 24, 23, 25, 21, 22),)	3w5e_ligand
((16, 17, 18, 19, 20, 23, 24, 22, 21),)	3wbl_ligand
((4, 12, 13, 14, 15, 16, 19, 17, 18),)	3wd9_ligand
((12, 14, 15, 16, 17, 18, 19, 23, 24),)	3wf8_ligand
((13, 15, 16, 17, 18, 19, 20, 24, 25),)	3wf9_ligand
((46, 49, 24, 11, 15, 28, 62, 17, 25),)	3wiy_ligand
((46, 49, 24, 11, 15, 28, 62, 17, 25),)	3wiz_ligand
((9, 8, 7, 6, 5, 4, 15, 3, 11), (10, 8, 7, 6, 5, 4, 15, 3, 11))	3wmc_ligand
((17, 16, 13, 12, 4, 5, 6, 15, 14),)	3wyx_ligand
((20, 19, 16, 15, 4, 5, 6, 18, 17),)	3wyy_ligand
((22, 23, 24, 25, 26, 28, 29, 31, 32),)	3zcw_ligand
((16, 15, 8, 7, 6, 11, 12, 10, 9),)	3zlq_ligand
((8, 5, 12, 13, 14, 6, 17, 15, 16),)	3zmg_ligand
((26, 28, 8, 29, 9, 30, 11, 10, 31),)	3zos_ligand
((1, 16, 17, 18, 19, 20, 21, 28, 29), (22, 21, 20, 19, 18, 17, 16, 29, 28), (27, 21, 20, 19, 18, 17, 16, 29, 28))	3ztx_ligand
((7, 8, 9, 1, 0, 12, 13, 11, 10),)	3zv7_ligand
((23, 16, 20, 10, 13, 22, 17, 14, 11),)	3zya_ligand
((9, 8, 7, 6, 3, 2, 1, 15, 11), (10, 8, 7, 6, 3, 2, 1, 15, 11), (13, 12, 11, 7, 6, 3, 4, 2, 15))	4a23_ligand
((28, 27, 19, 18, 17, 16, 21, 15, 20), (32, 27, 19, 18, 17, 16, 21, 15, 20))	4a4l_ligand
((16, 15, 13, 11, 9, 10, 14, 8, 12), (20, 15, 13, 11, 9, 10, 14, 8, 12))	4a4o_ligand
((10, 9, 8, 7, 6, 26, 28, 25, 24), (32, 34, 31, 0, 1, 2, 3, 29, 30), (38, 34, 31, 0, 1, 2, 3, 29, 30))	4aa0_ligand
((3, 4, 7, 8, 9, 10, 11, 30, 31), (5, 4, 7, 8, 9, 10, 11, 30, 31), (18, 17, 16, 15, 14, 27, 28, 26, 25))	4aa4_ligand
((0, 28, 4, 3, 24, 25, 26, 6, 5), (18, 28, 4, 3, 24, 25, 26, 6, 5))	4aa5_ligand
((11, 10, 9, 2, 3, 4, 5, 7, 8),)	4aa7_ligand
((3, 4, 7, 8, 9, 10, 11, 32, 30), (5, 4, 7, 8, 9, 10, 11, 32, 30))	4aac_ligand
((11, 10, 9, 2, 3, 4, 5, 7, 8),)	4aaw_ligand
((11, 10, 9, 2, 3, 4, 5, 7, 8),)	4ac3_ligand
((28, 27, 24, 23, 22, 21, 20, 26, 25),)	4af3_ligand
((8, 17, 13, 2, 1, 5, 21, 3, 6),)	4agd_ligand
((1, 3, 4, 5, 6, 7, 12, 8, 9),)	4aj1_ligand
((9, 15, 4, 1, 0, 3, 14, 5, 2),)	4aj4_ligand
((7, 14, 4, 1, 0, 3, 12, 5, 2),)	4ajk_ligand
((9, 16, 6, 2, 1, 5, 14, 7, 4),)	4ajl_ligand
((13, 25, 10, 5, 4, 9, 24, 11, 6),)	4ajn_ligand
((13, 26, 10, 5, 4, 9, 25, 11, 6),)	4ajo_ligand
((13, 25, 10, 5, 4, 8, 24, 11, 6),)	4al4_ligand
((6, 7, 8, 9, 10, 14, 15, 13, 12),)	4alv_ligand
((9, 10, 11, 12, 13, 14, 15, 18, 16),)	4an2_ligand
((7, 6, 0, 1, 2, 3, 22, 4, 5),)	4an3_ligand
((7, 6, 0, 1, 2, 3, 19, 4, 5),)	4an9_ligand
((16, 17, 18, 19, 21, 24, 25, 23, 22),)	4anb_ligand
((13, 19, 20, 21, 22, 23, 26, 24, 25), (27, 26, 23, 22, 21, 20, 19, 25, 24), (31, 26, 23, 22, 21, 20, 19, 25, 24))	4aqc_ligand
((9, 8, 7, 6, 3, 2, 1, 15, 11), (10, 8, 7, 6, 3, 2, 1, 15, 11), (13, 12, 11, 7, 6, 3, 4, 2, 15))	4ara_ligand
((9, 8, 7, 6, 3, 2, 1, 15, 11), (10, 8, 7, 6, 3, 2, 1, 15, 11), (13, 12, 11, 7, 6, 3, 4, 2, 15))	4arb_ligand
((7, 6, 0, 1, 2, 3, 21, 4, 5),)	4ark_ligand
((4, 25, 1, 0, 19, 18, 24, 3, 2), (4, 26, 5, 6, 7, 8, 11, 9, 10))	4asd_ligand
((21, 18, 13, 14, 15, 11, 10, 12, 17),)	4ase_ligand
((15, 14, 13, 10, 9, 8, 7, 11, 12),)	4at4_ligand
((1, 2, 3, 4, 17, 7, 8, 6, 5), (9, 8, 7, 6, 5, 3, 2, 4, 17))	4aw5_ligand
((0, 1, 11, 13, 14, 35, 36, 34, 32),)	4awo_ligand
((11, 17, 18, 19, 20, 21, 24, 22, 23),)	4b6c_ligand
((14, 13, 10, 9, 8, 7, 1, 12, 11),)	4bb4_ligand
((1, 2, 3, 4, 23, 7, 8, 6, 21), (12, 14, 15, 16, 17, 18, 22, 19, 20), (24, 22, 18, 17, 16, 15, 14, 20, 19), (28, 22, 18, 17, 16, 15, 14, 20, 19))	4bbe_ligand
((1, 7, 8, 9, 13, 12, 14, 11, 10), (16, 20, 21, 22, 23, 24, 27, 25, 26), (28, 27, 24, 23, 22, 21, 20, 26, 25), (32, 27, 24, 23, 22, 21, 20, 26, 25))	4bbf_ligand
((9, 10, 11, 12, 13, 23, 24, 25, 26),)	4bch_ligand
((9, 10, 11, 12, 13, 23, 24, 25, 26),)	4bcm_ligand
((1, 7, 8, 9, 10, 11, 14, 12, 13),)	4bdd_ligand
((7, 9, 10, 11, 12, 13, 14, 16, 15),)	4bfd_ligand
((23, 22, 19, 18, 17, 16, 12, 21, 20), (27, 22, 19, 18, 17, 16, 12, 21, 20))	4bgg_ligand
((11, 12, 13, 14, 15, 18, 19, 17, 16),)	4bgh_ligand
((4, 6, 7, 8, 9, 19, 18, 20, 21),)	4bjb_ligand
((1, 18, 17, 12, 13, 14, 22, 15, 16), (3, 4, 5, 6, 7, 8, 9, 10, 11), (19, 18, 17, 12, 13, 14, 22, 15, 16))	4bjx_ligand
((20, 19, 17, 16, 15, 14, 36, 13, 18),)	4bkj_ligand
((12, 11, 10, 2, 3, 4, 5, 6, 9),)	4bo1_ligand
((13, 14, 15, 4, 5, 6, 7, 17, 16),)	4bo7_ligand
((1, 2, 3, 4, 5, 6, 7, 8, 10),)	4bqh_ligand
((0, 5, 6, 7, 8, 13, 14, 12, 11), (4, 5, 6, 7, 8, 13, 14, 12, 11), (15, 14, 13, 8, 7, 6, 5, 11, 12))	4brx_ligand
((12, 11, 7, 6, 5, 10, 0, 9, 8),)	4btm_ligand
((0, 6, 7, 8, 9, 12, 13, 11, 10), (5, 6, 7, 8, 9, 12, 13, 11, 10), (16, 18, 19, 20, 21, 22, 23, 24, 25), (26, 18, 19, 20, 21, 22, 23, 24, 25))	4bty_ligand
((11, 10, 5, 4, 3, 2, 1, 7, 6),)	4c4e_ligand
((19, 22, 23, 24, 25, 26, 30, 27, 28),)	4c4g_ligand
((19, 22, 23, 24, 25, 26, 30, 27, 28),)	4c4h_ligand
((10, 5, 13, 15, 16, 17, 18, 21, 22),)	4c4i_ligand
((18, 10, 19, 20, 21, 22, 23, 27, 28),)	4c4j_ligand
((13, 12, 11, 3, 2, 4, 5, 7, 10),)	4c7t_ligand
((22, 21, 14, 10, 11, 12, 13, 16, 15),)	4cd1_ligand
((19, 20, 21, 22, 23, 24, 25, 26, 27), (35, 36, 32, 31, 30, 29, 28, 38, 33))	4ckr_ligand
((9, 11, 15, 16, 17, 18, 21, 19, 20), (12, 11, 15, 16, 17, 18, 21, 19, 20), (26, 25, 24, 23, 22, 21, 18, 39, 38))	4cl9_ligand
((14, 13, 12, 11, 10, 9, 6, 26, 25), (27, 13, 12, 11, 10, 9, 6, 26, 25))	4clb_ligand
((18, 27, 28, 29, 30, 31, 34, 32, 33),)	4crc_ligand
((17, 28, 11, 3, 0, 8, 13, 1, 4),)	4crd_ligand
((0, 6, 7, 8, 9, 12, 13, 11, 10), (5, 6, 7, 8, 9, 12, 13, 11, 10), (14, 13, 12, 9, 8, 7, 6, 10, 11))	4d1s_ligand
((7, 8, 9, 10, 11, 12, 15, 13, 14), (15, 17, 18, 19, 20, 21, 22, 26, 27))	4d2p_ligand
((21, 4, 17, 16, 15, 14, 2, 19, 18),)	4d2r_ligand
((21, 4, 17, 16, 15, 14, 2, 19, 18),)	4d2s_ligand
((8, 10, 11, 12, 13, 14, 15, 20, 21),)	4d2v_ligand
((7, 9, 10, 11, 12, 13, 14, 19, 20),)	4d2w_ligand
((5, 6, 7, 8, 9, 10, 14, 11, 12),)	4d85_ligand
((20, 22, 23, 24, 25, 28, 29, 27, 26),)	4d8n_ligand
((13, 12, 11, 3, 2, 4, 5, 7, 10),)	4dce_ligand
((14, 1, 11, 10, 9, 8, 13, 7, 12), (15, 6, 18, 19, 20, 21, 0, 22, 23))	4dea_ligand
((11, 0, 10, 5, 6, 7, 22, 8, 9),)	4deb_ligand
((13, 0, 10, 9, 8, 6, 12, 4, 11),)	4ded_ligand
((18, 7, 6, 5, 4, 2, 0, 9, 8), (22, 7, 6, 5, 4, 2, 0, 9, 8))	4dgr_ligand
((7, 6, 5, 3, 1, 0, 17, 2, 4), (16, 6, 5, 3, 1, 0, 17, 2, 4))	4dk7_ligand
((7, 6, 5, 3, 1, 0, 17, 2, 4), (16, 6, 5, 3, 1, 0, 17, 2, 4))	4dk8_ligand
((14, 13, 11, 10, 9, 8, 23, 7, 12),)	4dko_ligand
((0, 17, 1, 4, 3, 2, 22, 21, 20),)	4dkp_ligand
((0, 17, 1, 4, 3, 2, 22, 21, 20),)	4dkq_ligand
((0, 14, 10, 9, 8, 7, 12, 6, 11),)	4dkr_ligand
((18, 11, 19, 20, 21, 22, 23, 24, 25),)	4duh_ligand
((9, 1, 28, 27, 26, 31, 16, 30, 29), (10, 1, 28, 27, 26, 31, 16, 30, 29))	4dvi_ligand
((12, 13, 14, 15, 16, 17, 20, 18, 19), (21, 20, 17, 16, 15, 14, 13, 19, 18))	4e1k_ligand
((3, 12, 20, 19, 18, 17, 0, 22, 21),)	4e1z_ligand
((1, 10, 11, 12, 13, 16, 17, 15, 14),)	4e20_ligand
((22, 20, 14, 13, 12, 17, 18, 16, 15),)	4e4x_ligand
((3, 6, 7, 8, 9, 10, 15, 11, 12), (16, 15, 10, 9, 8, 7, 6, 12, 11), (20, 15, 10, 9, 8, 7, 6, 12, 11))	4e93_ligand
((8, 11, 12, 13, 14, 21, 20, 22, 23), (18, 20, 21, 14, 13, 12, 11, 23, 22))	4e96_ligand
((13, 12, 11, 10, 9, 8, 5, 23, 22), (14, 12, 11, 10, 9, 8, 5, 23, 22))	4ebv_ligand
((13, 12, 11, 10, 9, 8, 5, 25, 24), (14, 12, 11, 10, 9, 8, 5, 25, 24))	4ebw_ligand
((25, 34, 16, 0, 4, 20, 39, 5, 1), (26, 34, 16, 0, 4, 20, 39, 5, 1), (27, 35, 17, 2, 3, 18, 38, 21, 8))	4eev_ligand
((22, 19, 15, 14, 13, 18, 21, 17, 16),)	4ehe_ligand
((20, 19, 13, 12, 11, 16, 17, 15, 14),)	4ehg_ligand
((16, 15, 14, 11, 10, 9, 6, 12, 13),)	4ekg_ligand
((15, 14, 13, 10, 9, 8, 5, 11, 12),)	4eki_ligand
((0, 22, 23, 12, 11, 10, 25, 9, 24),)	4eok_ligand
((0, 22, 23, 12, 11, 10, 25, 9, 24),)	4eor_ligand
((24, 25, 26, 27, 28, 29, 32, 30, 31), (33, 32, 29, 28, 27, 26, 25, 31, 30), (34, 32, 29, 28, 27, 26, 25, 31, 30))	4eqc_ligand
((1, 13, 14, 15, 16, 17, 20, 18, 19),)	4eyj_ligand
((1, 14, 15, 16, 17, 18, 21, 19, 20),)	4eym_ligand
((17, 14, 18, 4, 5, 19, 15, 20, 8),)	4f9u_ligand
((17, 14, 18, 4, 5, 19, 15, 20, 8),)	4f9v_ligand
((17, 14, 18, 4, 5, 19, 15, 20, 8),)	4fai_ligand
((17, 14, 18, 4, 5, 19, 15, 20, 8),)	4fbe_ligand
((0, 1, 2, 3, 4, 5, 6, 7, 24), (25, 1, 2, 3, 4, 5, 6, 7, 24))	4fc0_ligand
((1, 2, 9, 8, 12, 13, 14, 11, 10),)	4fe6_ligand
((6, 11, 12, 13, 14, 15, 18, 16, 17),)	4fgz_ligand
((23, 24, 25, 26, 27, 28, 29, 30, 31),)	4fny_ligand
((13, 12, 11, 3, 2, 4, 5, 7, 10),)	4fnz_ligand
((16, 26, 10, 9, 4, 8, 22, 5, 12),)	4fsl_ligand
((3, 10, 18, 14, 15, 22, 34, 30, 32),)	4fyo_ligand
((43, 45, 46, 47, 48, 52, 51, 53, 54),)	4fz3_ligand
((7, 15, 12, 11, 10, 9, 24, 14, 13),)	4g16_ligand
((7, 9, 15, 14, 13, 12, 18, 17, 16),)	4g17_ligand
((12, 10, 4, 3, 1, 7, 8, 6, 5),)	4g9c_ligand
((7, 1, 8, 16, 17, 18, 27, 19, 20),)	4gcj_ligand
((29, 0, 8, 25, 22, 23, 16, 24, 26), (30, 0, 8, 25, 22, 23, 16, 24, 26))	4ge9_ligand
((20, 22, 23, 24, 25, 26, 27, 29, 30),)	4gh6_ligand
((7, 8, 9, 10, 17, 16, 18, 15, 14),)	4ghi_ligand
((7, 8, 9, 11, 12, 13, 26, 14, 15), (10, 8, 9, 11, 12, 13, 26, 14, 15))	4gj6_ligand
((11, 10, 9, 3, 4, 5, 6, 7, 8),)	4gkm_ligand
((18, 19, 27, 28, 29, 30, 31, 33, 34), (20, 19, 27, 28, 29, 30, 31, 33, 34))	4gtm_ligand
((22, 21, 20, 13, 14, 15, 16, 18, 19), (29, 21, 20, 13, 14, 15, 16, 18, 19))	4gto_ligand
((27, 26, 25, 13, 14, 15, 16, 23, 24), (34, 26, 25, 13, 14, 15, 16, 23, 24))	4gtp_ligand
((22, 21, 20, 13, 14, 15, 16, 18, 19), (29, 21, 20, 13, 14, 15, 16, 18, 19))	4gtq_ligand
((16, 17, 25, 26, 27, 28, 29, 31, 32), (18, 17, 25, 26, 27, 28, 29, 31, 32))	4gtr_ligand
((27, 26, 25, 13, 14, 15, 16, 23, 24), (34, 26, 25, 13, 14, 15, 16, 23, 24))	4gts_ligand
((22, 21, 20, 13, 14, 15, 16, 18, 19), (29, 21, 20, 13, 14, 15, 16, 18, 19))	4gtt_ligand
((16, 17, 25, 26, 27, 28, 29, 31, 32), (18, 17, 25, 26, 27, 28, 29, 31, 32))	4gtv_ligand
((12, 11, 10, 7, 6, 5, 4, 8, 9), (23, 25, 26, 27, 28, 31, 32, 30, 29))	4h2j_ligand
((7, 6, 5, 4, 3, 11, 12, 10, 9), (13, 12, 11, 3, 4, 5, 6, 9, 10))	4h2o_ligand
((13, 12, 9, 8, 7, 6, 5, 11, 10),)	4h58_ligand
((1, 2, 3, 4, 5, 6, 7, 8, 9),)	4hbv_ligand
((12, 14, 15, 8, 7, 6, 3, 17, 16),)	4hbw_ligand
((5, 9, 4, 2, 1, 0, 13, 11, 15),)	4hbx_ligand
((15, 11, 16, 10, 9, 2, 19, 0, 13),)	4hby_ligand
((8, 35, 19, 1, 15, 4, 28, 0, 2),)	4hcu_ligand
((8, 35, 19, 1, 15, 4, 28, 0, 2),)	4hcv_ligand
((22, 21, 20, 17, 16, 15, 14, 18, 19),)	4heu_ligand
((8, 9, 10, 11, 12, 15, 16, 14, 13),)	4hf4_ligand
((21, 22, 26, 27, 28, 29, 32, 30, 31), (23, 22, 26, 27, 28, 29, 32, 30, 31))	4hj2_ligand
((8, 7, 6, 5, 4, 3, 0, 12, 11),)	4hzz_ligand
((0, 1, 2, 3, 4, 5, 16, 6, 7), (13, 1, 2, 3, 4, 5, 16, 6, 7))	4i4e_ligand
((0, 1, 2, 3, 4, 5, 6, 18, 19), (7, 6, 5, 4, 3, 2, 1, 19, 18), (26, 1, 2, 3, 4, 5, 6, 18, 19))	4i4f_ligand
((16, 18, 19, 20, 21, 23, 24, 25, 26),)	4i54_ligand
((10, 12, 13, 14, 19, 17, 18, 16, 15),)	4i5h_ligand
((28, 27, 5, 11, 26, 22, 12, 10, 23),)	4i5m_ligand
((7, 13, 14, 5, 15, 4, 17, 6, 16), (19, 22, 1, 0, 23, 24, 25, 26, 2))	4i8n_ligand
((32, 31, 0, 1, 2, 3, 6, 4, 5),)	4i9h_ligand
((13, 15, 16, 17, 18, 21, 22, 20, 19),)	4i9i_ligand
((15, 39, 13, 12, 11, 37, 36, 14, 38),)	4iaw_ligand
((15, 39, 13, 12, 11, 37, 36, 14, 38),)	4iax_ligand
((9, 22, 23, 24, 25, 28, 29, 27, 26), (20, 22, 23, 24, 25, 28, 29, 27, 26))	4ibb_ligand
((7, 8, 9, 10, 11, 12, 13, 17, 18), (19, 8, 9, 10, 11, 12, 13, 17, 18))	4ibc_ligand
((11, 10, 9, 4, 3, 5, 6, 7, 8), (18, 10, 9, 4, 3, 5, 6, 7, 8))	4ibd_ligand
((11, 10, 9, 4, 3, 5, 6, 7, 8), (18, 10, 9, 4, 3, 5, 6, 7, 8))	4ibe_ligand
((11, 10, 9, 6, 5, 4, 3, 7, 8), (18, 10, 9, 6, 5, 4, 3, 7, 8))	4ibf_ligand
((12, 14, 15, 16, 17, 18, 19, 23, 24), (25, 14, 15, 16, 17, 18, 19, 23, 24))	4ibg_ligand
((1, 14, 19, 18, 17, 16, 21, 15, 20), (39, 40, 43, 44, 48, 47, 51, 45, 46), (41, 40, 43, 44, 48, 47, 51, 45, 46))	4ieh_ligand
((10, 9, 3, 2, 1, 0, 6, 5, 4),)	4ish_ligand
((1, 3, 4, 5, 7, 11, 12, 10, 8),)	4ivs_ligand
((1, 3, 4, 5, 6, 11, 12, 10, 8),)	4ivt_ligand
((1, 15, 16, 17, 18, 19, 22, 20, 21),)	4ixh_ligand
((6, 9, 10, 11, 12, 13, 19, 14, 15),)	4j08_ligand
((14, 16, 9, 7, 18, 19, 20, 8, 10),)	4j0p_ligand
((16, 15, 8, 7, 6, 11, 12, 10, 9),)	4j0t_ligand
((3, 8, 11, 12, 13, 14, 26, 15, 16),)	4j0v_ligand
((17, 16, 3, 2, 1, 4, 11, 5, 6),)	4j0y_ligand
((17, 16, 11, 0, 1, 2, 12, 3, 4),)	4j0z_ligand
((8, 5, 12, 13, 14, 6, 17, 15, 16),)	4j17_ligand
((4, 5, 22, 6, 7, 8, 23, 11, 21),)	4j1c_ligand
((6, 17, 12, 11, 10, 4, 15, 14, 13),)	4j1e_ligand
((16, 15, 8, 7, 6, 11, 12, 10, 9),)	4j1f_ligand
((16, 15, 8, 7, 6, 11, 12, 10, 9),)	4j1h_ligand
((8, 21, 6, 0, 3, 11, 15, 5, 4),)	4j1i_ligand
((16, 15, 8, 7, 6, 11, 12, 10, 9),)	4j1k_ligand
((8, 10, 11, 12, 13, 14, 15, 20, 19),)	4j4v_ligand
((9, 8, 7, 2, 3, 4, 30, 5, 6),)	4j52_ligand
((20, 19, 18, 12, 11, 10, 1, 15, 17),)	4j53_ligand
((1, 13, 14, 15, 16, 19, 20, 18, 17), (21, 20, 19, 16, 15, 14, 13, 17, 18))	4j8m_ligand
((14, 15, 16, 17, 18, 21, 22, 20, 19), (23, 22, 21, 18, 17, 16, 15, 19, 20))	4jai_ligand
((31, 30, 29, 26, 25, 24, 23, 27, 28),)	4jbo_ligand
((35, 34, 33, 30, 29, 28, 27, 31, 32),)	4jbp_ligand
((12, 17, 18, 19, 20, 21, 24, 22, 23), (25, 24, 21, 20, 19, 18, 17, 23, 22), (30, 24, 21, 20, 19, 18, 17, 23, 22))	4jia_ligand
((6, 9, 10, 11, 12, 13, 19, 14, 15), (8, 9, 10, 11, 12, 13, 19, 14, 15))	4jjs_ligand
((17, 16, 5, 0, 1, 2, 6, 3, 4), (20, 16, 5, 0, 1, 2, 6, 3, 4), (30, 29, 10, 9, 8, 7, 6, 12, 11))	4jmu_ligand
((2, 1, 0, 27, 28, 29, 30, 33, 34),)	4jn2_ligand
((6, 21, 4, 19, 18, 3, 15, 5, 20),)	4jnm_ligand
((14, 16, 17, 3, 18, 4, 20, 19, 5),)	4jr5_ligand
((6, 9, 10, 11, 12, 13, 19, 14, 15),)	4ju3_ligand
((6, 9, 10, 11, 12, 13, 19, 14, 15),)	4ju4_ligand
((6, 9, 10, 11, 12, 13, 19, 14, 15), (8, 9, 10, 11, 12, 13, 19, 14, 15))	4ju6_ligand
((6, 9, 10, 11, 12, 13, 19, 14, 15), (8, 9, 10, 11, 12, 13, 19, 14, 15))	4ju7_ligand
((17, 16, 5, 0, 1, 2, 6, 3, 4), (20, 16, 5, 0, 1, 2, 6, 3, 4), (30, 29, 10, 9, 8, 7, 6, 12, 11))	4jvq_ligand
((5, 26, 3, 2, 1, 0, 24, 10, 4),)	4jyu_ligand
((8, 22, 20, 19, 18, 15, 14, 16, 21),)	4jyv_ligand
((1, 2, 3, 4, 5, 6, 7, 10, 11),)	4jzd_ligand
((25, 27, 28, 29, 30, 31, 37, 32, 33),)	4jze_ligand
((7, 23, 24, 8, 25, 9, 27, 26, 10), (20, 23, 24, 8, 25, 9, 27, 26, 10))	4jzr_ligand
((7, 6, 5, 0, 1, 2, 25, 3, 4),)	4k0y_ligand
((16, 18, 19, 20, 21, 22, 25, 23, 24),)	4k18_ligand
((13, 12, 11, 10, 9, 8, 7, 16, 15), (14, 12, 11, 10, 9, 8, 7, 16, 15), (22, 21, 20, 19, 18, 17, 7, 25, 24), (23, 21, 20, 19, 18, 17, 7, 25, 24))	4k3h_ligand
((6, 13, 14, 15, 16, 19, 20, 18, 17), (11, 13, 14, 15, 16, 19, 20, 18, 17))	4k4f_ligand
((13, 12, 9, 8, 7, 6, 4, 11, 10),)	4k5n_ligand
((29, 31, 10, 9, 14, 13, 7, 12, 11),)	4k9y_ligand
((31, 30, 29, 5, 4, 15, 2, 14, 13), (34, 30, 29, 5, 4, 15, 2, 14, 13))	4kai_ligand
((6, 19, 20, 21, 22, 23, 26, 24, 25),)	4kao_ligand
((1, 4, 5, 6, 7, 14, 15, 13, 9), (28, 4, 5, 6, 7, 14, 15, 13, 9))	4kb7_ligand
((11, 10, 9, 8, 7, 29, 4, 28, 27), (23, 10, 9, 8, 7, 29, 4, 28, 27))	4kbi_ligand
((14, 43, 1, 0, 8, 9, 4, 3, 2),)	4kmu_ligand
((12, 13, 17, 16, 15, 14, 20, 19, 18),)	4kmz_ligand
((12, 13, 18, 17, 16, 15, 21, 20, 19), (14, 13, 18, 17, 16, 15, 21, 20, 19))	4kn0_ligand
((13, 19, 23, 22, 21, 20, 0, 25, 24),)	4kn1_ligand
((14, 37, 1, 0, 8, 9, 4, 3, 2),)	4kn4_ligand
((14, 37, 1, 0, 8, 9, 4, 3, 2),)	4kn7_ligand
((3, 4, 10, 11, 12, 13, 16, 14, 15), (5, 4, 10, 11, 12, 13, 16, 14, 15))	4kne_ligand
((12, 13, 14, 15, 16, 17, 20, 18, 19), (21, 20, 17, 16, 15, 14, 13, 19, 18))	4knr_ligand
((16, 17, 18, 19, 20, 21, 24, 22, 23), (25, 24, 21, 20, 19, 18, 17, 23, 22))	4knx_ligand
((6, 8, 9, 10, 11, 12, 15, 13, 14), (16, 15, 12, 11, 10, 9, 8, 14, 13))	4kpx_ligand
((8, 10, 11, 12, 13, 14, 17, 15, 16), (18, 17, 14, 13, 12, 11, 10, 16, 15))	4kql_ligand
((8, 7, 6, 1, 2, 3, 4, 5, 11),)	4kwg_ligand
((9, 8, 7, 0, 1, 2, 14, 3, 4),)	4kwo_ligand
((12, 13, 14, 15, 16, 19, 20, 18, 17),)	4l02_ligand
((0, 1, 3, 4, 5, 8, 9, 7, 6), (2, 1, 3, 4, 5, 8, 9, 7, 6))	4l0b_ligand
((31, 25, 32, 9, 13, 39, 30, 38, 15), (32, 25, 31, 8, 10, 33, 2, 37, 14))	4l8m_ligand
((7, 20, 0, 1, 6, 4, 19, 3, 2), (12, 20, 0, 1, 6, 4, 19, 3, 2), (24, 19, 4, 3, 2, 0, 20, 1, 6))	4la7_ligand
((10, 9, 7, 0, 1, 2, 14, 3, 4),)	4lbu_ligand
((10, 9, 7, 0, 1, 2, 14, 3, 4),)	4leq_ligand
((9, 27, 5, 25, 6, 24, 7, 4, 26),)	4li5_ligand
((9, 2, 10, 11, 12, 13, 3, 14, 15), (10, 2, 9, 4, 5, 6, 0, 7, 8))	4lk7_ligand
((9, 10, 11, 12, 13, 14, 15, 18, 16),)	4lmn_ligand
((26, 27, 28, 29, 30, 33, 34, 32, 31), (36, 27, 28, 29, 30, 33, 34, 32, 31))	4lnb_ligand
((12, 13, 17, 16, 15, 14, 20, 19, 18),)	4lrh_ligand
((30, 47, 24, 4, 2, 23, 27, 3, 18), (31, 47, 24, 4, 2, 23, 27, 3, 18), (45, 48, 9, 5, 6, 11, 63, 22, 25))	4lvt_ligand
((25, 26, 27, 28, 35, 31, 32, 30, 29),)	4lwu_ligand
((26, 27, 28, 29, 38, 34, 35, 33, 30),)	4lwv_ligand
((26, 35, 14, 5, 2, 13, 21, 3, 6), (27, 35, 14, 5, 2, 13, 21, 3, 6), (33, 37, 15, 7, 8, 17, 47, 11, 16))	4lxd_ligand
((9, 11, 1, 2, 4, 5, 3, 6, 7),)	4ly1_ligand
((8, 21, 22, 23, 24, 27, 28, 26, 25), (20, 21, 22, 23, 24, 27, 28, 26, 25))	4ly9_ligand
((36, 50, 25, 7, 4, 22, 33, 30, 16), (37, 50, 25, 7, 4, 22, 33, 30, 16), (46, 52, 26, 8, 11, 31, 64, 17, 27))	4man_ligand
((21, 20, 14, 13, 11, 17, 18, 16, 15),)	4mbj_ligand
((1, 2, 18, 19, 20, 23, 24, 22, 21), (3, 2, 18, 19, 20, 23, 24, 22, 21), (25, 24, 23, 20, 19, 18, 2, 21, 22))	4mds_ligand
((17, 14, 18, 4, 5, 19, 15, 20, 8),)	4mhy_ligand
((22, 21, 18, 17, 16, 15, 14, 20, 19),)	4mk8_ligand
((16, 15, 13, 12, 11, 9, 10, 8, 14),)	4mk9_ligand
((1, 0, 5, 6, 7, 8, 9, 14, 15),)	4mka_ligand
((12, 18, 19, 20, 21, 24, 25, 23, 22), (17, 18, 19, 20, 21, 24, 25, 23, 22))	4mqu_ligand
((12, 15, 16, 17, 18, 21, 22, 20, 19), (14, 15, 16, 17, 18, 21, 22, 20, 19))	4mro_ligand
((13, 15, 16, 17, 18, 22, 21, 20, 19),)	4msk_ligand
((6, 18, 5, 9, 8, 4, 21, 20, 19), (17, 18, 5, 9, 8, 4, 21, 20, 19))	4msu_ligand
((20, 19, 18, 17, 16, 15, 14, 32, 31),)	4muw_ligand
((27, 26, 25, 22, 20, 19, 18, 23, 24), (32, 34, 35, 36, 37, 38, 39, 40, 41))	4mxc_ligand
((15, 14, 13, 10, 9, 8, 7, 11, 12),)	4myq_ligand
((2, 3, 10, 9, 15, 13, 14, 12, 11), (4, 3, 10, 9, 15, 13, 14, 12, 11))	4n07_ligand
((18, 20, 21, 22, 26, 25, 31, 24, 23),)	4n3r_ligand
((6, 13, 15, 14, 19, 18, 20, 17, 16), (11, 13, 15, 14, 19, 18, 20, 17, 16))	4n4t_ligand
((29, 37, 22, 8, 5, 17, 24, 12, 21),)	4na7_ligand
((28, 32, 10, 9, 4, 5, 25, 21, 12),)	4na8_ligand
((9, 8, 7, 6, 15, 12, 16, 13, 14),)	4na9_ligand
((24, 23, 7, 6, 5, 4, 17, 9, 8),)	4nb3_ligand
((1, 9, 15, 16, 17, 20, 21, 19, 18), (10, 9, 15, 16, 17, 20, 21, 19, 18))	4nb6_ligand
((23, 22, 19, 18, 15, 16, 17, 7, 20),)	4ng9_ligand
((7, 21, 19, 18, 17, 14, 13, 15, 20),)	4nga_ligand
((9, 8, 7, 6, 35, 36, 37, 34, 33),)	4ngt_ligand
((17, 16, 15, 14, 13, 12, 11, 32, 31),)	4nie_ligand
((10, 9, 8, 0, 1, 5, 4, 6, 7),)	4njd_ligand
((19, 18, 17, 5, 9, 10, 11, 15, 16),)	4nrt_ligand
((19, 18, 17, 5, 9, 10, 11, 15, 16),)	4nru_ligand
((22, 21, 16, 15, 14, 7, 4, 18, 17), (26, 21, 16, 15, 14, 7, 4, 18, 17))	4nus_ligand
((9, 15, 3, 2, 14, 16, 17, 5, 4),)	4nvq_ligand
((16, 18, 19, 20, 21, 24, 25, 27, 28),)	4nw5_ligand
((13, 12, 11, 3, 2, 4, 5, 7, 10),)	4nw6_ligand
((11, 10, 9, 6, 5, 4, 3, 7, 8),)	4nw7_ligand
((21, 39, 18, 9, 4, 13, 23, 5, 10),)	4nwm_ligand
((8, 7, 6, 0, 2, 1, 3, 4, 5),)	4nxs_ligand
((20, 25, 26, 27, 29, 30, 31, 32, 33), (24, 10, 11, 12, 13, 14, 15, 17, 18))	4o44_ligand
((10, 15, 16, 17, 19, 20, 21, 22, 23), (14, 0, 1, 2, 3, 4, 5, 7, 8))	4o4g_ligand
((28, 27, 5, 11, 26, 22, 12, 10, 23),)	4o74_ligand
((4, 27, 28, 29, 30, 33, 34, 36, 39),)	4o75_ligand
((17, 22, 23, 24, 25, 26, 29, 27, 28), (30, 29, 26, 25, 24, 23, 22, 28, 27), (35, 29, 26, 25, 24, 23, 22, 28, 27))	4o76_ligand
((3, 0, 2, 10, 26, 11, 29, 15, 16), (6, 1, 18, 7, 19, 20, 8, 9, 24))	4o78_ligand
((8, 14, 15, 16, 17, 18, 21, 19, 20),)	4o7a_ligand
((17, 18, 19, 20, 21, 22, 29, 23, 28),)	4o91_ligand
((29, 28, 25, 24, 23, 22, 10, 27, 26), (30, 28, 25, 24, 23, 22, 10, 27, 26))	4oar_ligand
((12, 13, 18, 17, 16, 15, 21, 20, 19), (14, 13, 18, 17, 16, 15, 21, 20, 19))	4ocx_ligand
((11, 10, 9, 6, 5, 4, 1, 7, 8),)	4ocz_ligand
((12, 11, 10, 7, 6, 5, 4, 8, 9),)	4od0_ligand
((28, 27, 5, 11, 26, 22, 12, 10, 23),)	4ogi_ligand
((15, 14, 13, 10, 9, 8, 7, 11, 12),)	4ogj_ligand
((17, 16, 15, 12, 11, 10, 4, 13, 14), (22, 16, 15, 12, 11, 10, 4, 13, 14))	4ohk_ligand
((12, 18, 19, 20, 21, 24, 25, 23, 22), (17, 18, 19, 20, 21, 24, 25, 23, 22))	4ohm_ligand
((12, 18, 19, 20, 21, 24, 25, 23, 22), (17, 18, 19, 20, 21, 24, 25, 23, 22))	4oho_ligand
((12, 11, 10, 7, 6, 5, 2, 8, 9), (17, 11, 10, 7, 6, 5, 2, 8, 9))	4ohp_ligand
((5, 4, 3, 2, 1, 10, 11, 8, 7), (6, 4, 3, 2, 1, 10, 11, 8, 7), (11, 13, 21, 22, 27, 25, 26, 24, 23), (14, 13, 21, 22, 27, 25, 26, 24, 23))	4oiv_ligand
((0, 9, 10, 11, 12, 13, 17, 14, 15),)	4ot6_ligand
((24, 26, 27, 28, 29, 30, 33, 31, 32),)	4otf_ligand
((30, 20, 27, 9, 23, 24, 4, 8, 25),)	4otw_ligand
((12, 11, 10, 4, 5, 6, 7, 8, 9),)	4oty_ligand
((12, 13, 17, 16, 15, 14, 20, 19, 18),)	4oyt_ligand
((16, 15, 14, 13, 12, 11, 10, 24, 23),)	4p1r_ligand
((20, 22, 1, 23, 4, 3, 29, 2, 24),)	4p2t_ligand
((20, 22, 1, 23, 4, 3, 29, 2, 24),)	4p3h_ligand
((11, 13, 14, 15, 16, 19, 20, 18, 17),)	4p5z_ligand
((18, 25, 17, 3, 2, 5, 7, 16, 4),)	4p6e_ligand
((2, 17, 16, 15, 4, 14, 3, 0, 20), (18, 17, 16, 15, 4, 14, 3, 0, 20))	4pl4_ligand
((8, 19, 4, 3, 17, 2, 0, 18, 5), (20, 19, 4, 3, 17, 2, 0, 18, 5))	4pl5_ligand
((13, 14, 15, 9, 22, 17, 18, 16, 11),)	4pmp_ligand
((15, 4, 18, 11, 19, 10, 21, 12, 20), (17, 4, 18, 11, 19, 10, 21, 12, 20), (22, 21, 10, 12, 20, 18, 4, 11, 19))	4pmt_ligand
((17, 18, 19, 20, 26, 25, 36, 24, 23), (28, 27, 24, 23, 19, 20, 21, 26, 25), (34, 27, 24, 23, 19, 20, 21, 26, 25))	4pni_ligand
((10, 9, 7, 6, 5, 3, 2, 4, 8),)	4pnk_ligand
((1, 0, 14, 15, 16, 17, 20, 18, 19), (10, 9, 3, 2, 1, 6, 7, 5, 4), (28, 0, 14, 15, 16, 17, 20, 18, 19))	4pp7_ligand
((15, 14, 13, 10, 9, 8, 7, 11, 12),)	4ps5_ligand
((7, 9, 10, 3, 2, 1, 0, 12, 11),)	4puj_ligand
((7, 16, 8, 6, 5, 4, 1, 10, 9),)	4puk_ligand
((7, 16, 8, 6, 5, 4, 1, 10, 9),)	4pul_ligand
((7, 16, 8, 6, 5, 4, 1, 10, 9),)	4pum_ligand
((1, 2, 6, 7, 8, 9, 10, 29, 30), (3, 2, 6, 7, 8, 9, 10, 29, 30), (11, 10, 9, 8, 7, 6, 2, 30, 29))	4puz_ligand
((10, 9, 8, 5, 4, 3, 1, 6, 7), (21, 27, 28, 29, 30, 35, 36, 34, 33))	4pv0_ligand
((0, 3, 11, 13, 8, 4, 1, 9, 14),)	4pyq_ligand
((18, 17, 9, 1, 2, 7, 8, 15, 10),)	4pyx_ligand
((20, 19, 11, 1, 2, 7, 8, 9, 12),)	4pyy_ligand
((18, 17, 9, 1, 2, 7, 8, 15, 10),)	4q06_ligand
((20, 19, 11, 1, 2, 7, 8, 9, 12),)	4q07_ligand
((18, 17, 9, 1, 2, 7, 8, 15, 10),)	4q08_ligand
((20, 19, 11, 1, 2, 7, 8, 9, 12),)	4q09_ligand
((20, 19, 11, 1, 2, 7, 8, 9, 12),)	4q0l_ligand
((6, 5, 4, 3, 11, 10, 14, 9, 8),)	4q4o_ligand
((13, 15, 8, 7, 2, 1, 0, 16, 9),)	4q4s_ligand
((10, 11, 12, 13, 14, 17, 18, 16, 15),)	4q6e_ligand
((10, 9, 8, 5, 4, 3, 1, 6, 7),)	4q9m_ligand
((10, 9, 8, 5, 4, 3, 1, 6, 7),)	4q9o_ligand
((6, 13, 14, 3, 2, 1, 0, 16, 15), (11, 13, 14, 3, 2, 1, 0, 16, 15), (18, 17, 16, 1, 2, 3, 4, 14, 15))	4q9z_ligand
((18, 20, 21, 22, 23, 24, 25, 27, 28),)	4qge_ligand
((20, 19, 11, 6, 7, 9, 10, 14, 12),)	4qiy_ligand
((20, 19, 11, 6, 7, 9, 10, 14, 12),)	4qiz_ligand
((20, 19, 11, 6, 7, 9, 10, 14, 12),)	4qj0_ligand
((25, 24, 11, 1, 2, 7, 8, 9, 12),)	4qjm_ligand
((25, 24, 11, 1, 2, 7, 8, 9, 12),)	4qjo_ligand
((25, 24, 11, 1, 2, 7, 8, 9, 12),)	4qjp_ligand
((20, 19, 11, 1, 2, 7, 8, 9, 12),)	4qjw_ligand
((20, 19, 11, 1, 2, 7, 8, 9, 12),)	4qjx_ligand
((18, 17, 16, 14, 15, 26, 27, 25, 24), (23, 17, 16, 14, 15, 26, 27, 25, 24))	4ql1_ligand
((10, 11, 12, 13, 14, 15, 18, 16, 17),)	4qpd_ligand
((9, 24, 7, 3, 4, 17, 21, 8, 13),)	4qps_ligand
((2, 10, 11, 12, 13, 14, 17, 15, 16), (18, 17, 14, 13, 12, 11, 10, 16, 15), (22, 17, 14, 13, 12, 11, 10, 16, 15), (43, 42, 39, 38, 37, 36, 35, 41, 40))	4qq5_ligand
((2, 10, 11, 12, 13, 14, 17, 15, 16), (18, 17, 14, 13, 12, 11, 10, 16, 15), (22, 17, 14, 13, 12, 11, 10, 16, 15), (43, 42, 39, 38, 37, 36, 35, 41, 40))	4qqc_ligand
((26, 28, 8, 29, 9, 30, 11, 10, 31),)	4qrc_ligand
((1, 2, 3, 4, 5, 15, 14, 16, 17), (28, 29, 32, 33, 34, 35, 38, 36, 37), (30, 29, 32, 33, 34, 35, 38, 36, 37))	4qta_ligand
((1, 2, 3, 4, 5, 15, 14, 16, 17), (28, 29, 32, 33, 34, 35, 38, 36, 37), (30, 29, 32, 33, 34, 35, 38, 36, 37))	4qtb_ligand
((1, 2, 3, 4, 5, 15, 14, 16, 17), (28, 29, 32, 33, 34, 35, 38, 36, 37), (30, 29, 32, 33, 34, 35, 38, 36, 37))	4qtc_ligand
((1, 2, 3, 4, 5, 15, 14, 16, 17), (28, 29, 32, 33, 34, 35, 38, 36, 37), (30, 29, 32, 33, 34, 35, 38, 36, 37))	4qtd_ligand
((20, 19, 11, 1, 2, 7, 8, 9, 12),)	4qtl_ligand
((23, 22, 19, 18, 17, 16, 13, 21, 20), (28, 22, 19, 18, 17, 16, 13, 21, 20))	4qyg_ligand
((22, 21, 18, 17, 16, 15, 12, 20, 19), (27, 21, 18, 17, 16, 15, 12, 20, 19))	4qyh_ligand
((10, 2, 18, 11, 12, 15, 16, 14, 17), (27, 29, 4, 3, 30, 1, 31, 6, 5), (28, 29, 4, 3, 30, 1, 31, 6, 5))	4qyy_ligand
((34, 36, 37, 38, 39, 40, 41, 42, 43),)	4r02_ligand
((2, 4, 5, 6, 7, 10, 11, 9, 8), (33, 34, 35, 36, 37, 40, 41, 39, 38), (42, 41, 40, 37, 36, 35, 34, 38, 39), (47, 41, 40, 37, 36, 35, 34, 38, 39))	4r6v_ligand
((3, 6, 8, 9, 10, 21, 20, 22, 23), (7, 6, 8, 9, 10, 21, 20, 22, 23), (12, 11, 10, 9, 8, 23, 24, 22, 21), (18, 11, 10, 9, 8, 23, 24, 22, 21))	4ra5_ligand
((41, 40, 37, 36, 35, 34, 33, 39, 38), (42, 40, 37, 36, 35, 34, 33, 39, 38))	4rfy_ligand
((41, 40, 37, 36, 35, 34, 33, 39, 38), (42, 40, 37, 36, 35, 34, 33, 39, 38))	4rfz_ligand
((13, 12, 11, 7, 6, 8, 1, 9, 10),)	4rss_ligand
((6, 1, 14, 15, 16, 17, 20, 18, 19), (9, 1, 14, 15, 16, 17, 20, 18, 19))	4rwj_ligand
((6, 1, 14, 15, 16, 17, 20, 18, 19), (9, 1, 14, 15, 16, 17, 20, 18, 19))	4rwk_ligand
((16, 3, 21, 0, 1, 2, 4, 8, 9),)	4ryl_ligand
((4, 6, 7, 8, 9, 19, 18, 20, 21),)	4tjw_ligand
((17, 25, 11, 6, 3, 12, 8, 23, 24), (26, 25, 11, 6, 3, 12, 8, 23, 24))	4tkf_ligand
((18, 17, 14, 13, 12, 11, 9, 16, 15),)	4u03_ligand
((26, 28, 8, 29, 9, 30, 11, 10, 31),)	4u0i_ligand
((18, 17, 14, 13, 12, 11, 9, 16, 15),)	4u0m_ligand
((18, 17, 14, 13, 12, 11, 9, 16, 15),)	4u0n_ligand
((33, 32, 31, 24, 22, 21, 20, 25, 30),)	4u6r_ligand
((32, 31, 30, 23, 22, 21, 20, 24, 29),)	4u79_ligand
((12, 13, 16, 17, 21, 20, 26, 19, 18), (14, 13, 16, 17, 21, 20, 26, 19, 18))	4u7q_ligand
((7, 8, 9, 10, 11, 12, 13, 22, 28),)	4umq_ligand
((7, 9, 10, 11, 12, 13, 14, 18, 19),)	4umr_ligand
((26, 22, 9, 3, 1, 6, 13, 2, 4),)	4uns_ligand
((13, 15, 51, 11, 10, 9, 48, 8, 44), (14, 15, 51, 11, 10, 9, 48, 8, 44), (38, 7, 44, 8, 9, 10, 50, 11, 51))	4uv8_ligand
((28, 29, 30, 31, 32, 34, 35, 36, 37), (39, 38, 37, 30, 31, 32, 33, 34, 36), (40, 38, 37, 30, 31, 32, 33, 34, 36))	4uv9_ligand
((13, 15, 51, 11, 10, 9, 48, 8, 44), (14, 15, 51, 11, 10, 9, 48, 8, 44), (38, 7, 44, 8, 9, 10, 50, 11, 51))	4uva_ligand
((13, 15, 51, 11, 10, 9, 48, 8, 44), (14, 15, 51, 11, 10, 9, 48, 8, 44), (38, 7, 44, 8, 9, 10, 50, 11, 51), (62, 7, 44, 8, 9, 10, 50, 11, 51))	4uvb_ligand
((13, 15, 51, 11, 10, 9, 48, 8, 44), (14, 15, 51, 11, 10, 9, 48, 8, 44), (38, 7, 44, 8, 9, 10, 50, 11, 51), (68, 7, 44, 8, 9, 10, 50, 11, 51))	4uvc_ligand
((26, 28, 8, 29, 9, 30, 11, 10, 31),)	4uxq_ligand
((8, 10, 11, 12, 13, 20, 18, 21, 22), (24, 23, 22, 11, 12, 13, 14, 20, 21), (28, 23, 22, 11, 12, 13, 14, 20, 21))	4uye_ligand
((1, 18, 17, 12, 13, 14, 22, 15, 16), (3, 4, 5, 6, 7, 8, 9, 10, 11), (19, 18, 17, 12, 13, 14, 22, 15, 16))	4uyf_ligand
((1, 18, 17, 12, 13, 14, 22, 15, 16), (3, 4, 5, 6, 7, 8, 9, 10, 11), (19, 18, 17, 12, 13, 14, 22, 15, 16))	4uyg_ligand
((1, 3, 6, 7, 20, 19, 21, 18, 17), (4, 3, 6, 7, 20, 19, 21, 18, 17))	4uyh_ligand
((26, 28, 8, 29, 9, 30, 11, 10, 31),)	4v01_ligand
((26, 28, 8, 29, 9, 30, 11, 10, 31),)	4v04_ligand
((6, 1, 14, 15, 16, 17, 20, 18, 19), (9, 1, 14, 15, 16, 17, 20, 18, 19))	4v05_ligand
((15, 14, 13, 10, 9, 8, 7, 11, 12), (25, 14, 13, 10, 9, 8, 7, 11, 12))	4v25_ligand
((17, 19, 20, 21, 22, 23, 24, 25, 26),)	4w4x_ligand
((6, 5, 4, 3, 2, 1, 0, 31, 30),)	4w4y_ligand
((0, 17, 1, 2, 3, 18, 21, 19, 20),)	4wgi_ligand
((25, 27, 28, 29, 33, 32, 34, 31, 30),)	4wnk_ligand
((14, 13, 12, 9, 8, 7, 6, 10, 11),)	4wno_ligand
((21, 22, 3, 4, 23, 27, 26, 5, 28),)	4wnp_ligand
((2, 13, 6, 3, 7, 8, 16, 0, 14), (4, 13, 6, 3, 7, 8, 16, 0, 14))	4wpf_ligand
((12, 11, 10, 3, 2, 4, 5, 8, 9),)	4wt2_ligand
((4, 5, 6, 7, 8, 11, 12, 10, 9),)	4wvl_ligand
((20, 48, 47, 51, 49, 46, 45, 50, 52),)	4wvu_ligand
((9, 8, 5, 4, 3, 2, 0, 7, 6), (11, 8, 5, 4, 3, 2, 0, 7, 6))	4x0u_ligand
((23, 22, 21, 19, 18, 13, 14, 12, 20), (61, 63, 64, 65, 66, 67, 68, 73, 72))	4x3u_ligand
((4, 20, 21, 1, 2, 25, 26, 23, 22),)	4x5p_ligand
((4, 21, 22, 1, 2, 26, 27, 24, 23),)	4x5r_ligand
((38, 37, 34, 33, 32, 31, 27, 36, 35),)	4x6o_ligand
((16, 17, 18, 1, 2, 21, 22, 20, 19),)	4x7i_ligand
((20, 22, 23, 24, 30, 27, 28, 26, 25),)	4x7j_ligand
((0, 23, 15, 12, 17, 16, 21, 13, 14), (43, 42, 11, 9, 34, 35, 36, 6, 33))	4x8v_ligand
((9, 0, 19, 8, 16, 7, 14, 15, 25), (20, 0, 19, 8, 16, 7, 14, 15, 25))	4xit_ligand
((0, 11, 14, 15, 16, 17, 18, 34, 35), (10, 11, 14, 15, 16, 17, 18, 34, 35), (19, 18, 17, 16, 15, 14, 11, 35, 34), (23, 18, 17, 16, 15, 14, 11, 35, 34))	4xmb_ligand
((12, 11, 10, 7, 6, 5, 4, 8, 9),)	4xnv_ligand
((14, 13, 12, 11, 10, 9, 8, 23, 22),)	4xsz_ligand
((0, 5, 7, 8, 3, 22, 32, 30, 29),)	4xv1_ligand
((10, 13, 14, 15, 21, 19, 20, 18, 17),)	4xv9_ligand
((38, 37, 32, 31, 30, 21, 19, 13, 33),)	4y8x_ligand
((1, 22, 0, 8, 7, 20, 14, 2, 21),)	4y8y_ligand
((10, 12, 14, 8, 7, 6, 5, 16, 15), (13, 12, 14, 8, 7, 6, 5, 16, 15))	4yab_ligand
((6, 8, 10, 3, 2, 1, 0, 12, 11), (9, 8, 10, 3, 2, 1, 0, 12, 11), (23, 0, 1, 2, 3, 10, 8, 11, 12))	4yad_ligand
((8, 11, 12, 13, 14, 21, 19, 22, 23),)	4yat_ligand
((22, 21, 20, 9, 10, 11, 12, 18, 19),)	4yax_ligand
((10, 13, 14, 15, 16, 23, 21, 24, 25),)	4ybm_ligand
((25, 24, 23, 12, 13, 14, 15, 21, 22),)	4ybs_ligand
((27, 26, 25, 14, 15, 16, 17, 23, 24),)	4ybt_ligand
((10, 13, 14, 15, 16, 23, 21, 24, 25),)	4yc9_ligand
((16, 15, 0, 3, 27, 12, 9, 13, 14), (18, 15, 0, 3, 27, 12, 9, 13, 14))	4yff_ligand
((15, 16, 17, 1, 18, 2, 21, 19, 20),)	4ykn_ligand
((1, 2, 3, 4, 5, 6, 7, 12, 13), (8, 7, 6, 5, 4, 3, 2, 13, 12), (14, 2, 3, 4, 5, 6, 7, 12, 13))	4ylu_ligand
((3, 8, 9, 2, 1, 12, 13, 11, 10), (7, 8, 9, 2, 1, 12, 13, 11, 10), (14, 13, 12, 1, 2, 9, 8, 10, 11))	4yog_ligand
((2, 3, 0, 10, 11, 12, 13, 21, 22), (4, 3, 0, 10, 11, 12, 13, 21, 22), (14, 13, 12, 11, 10, 0, 3, 22, 21))	4yoi_ligand
((1, 2, 3, 4, 5, 6, 7, 16, 17), (8, 7, 6, 5, 4, 3, 2, 17, 16), (18, 2, 3, 4, 5, 6, 7, 16, 17))	4yoj_ligand
((1, 4, 5, 6, 7, 13, 11, 14, 15),)	4yrt_ligand
((11, 10, 19, 2, 20, 0, 1, 7, 6),)	4yt6_ligand
((20, 21, 8, 3, 4, 23, 2, 0, 9),)	4yt7_ligand
((23, 22, 21, 19, 18, 13, 14, 12, 20), (61, 63, 64, 65, 66, 67, 68, 73, 72))	4yv5_ligand
((29, 28, 27, 22, 21, 20, 18, 25, 26),)	4yzm_ligand
((13, 14, 15, 16, 17, 23, 24, 21, 20),)	4yzn_ligand
((10, 12, 13, 14, 15, 16, 17, 19, 20), (23, 12, 13, 14, 15, 16, 17, 19, 20))	4z1e_ligand
((9, 22, 23, 24, 25, 26, 27, 28, 29), (21, 22, 23, 24, 25, 26, 27, 28, 29))	4z1q_ligand
((9, 22, 23, 24, 25, 26, 27, 28, 29), (21, 22, 23, 24, 25, 26, 27, 28, 29))	4z1s_ligand
((1, 6, 7, 8, 9, 17, 15, 18, 19), (5, 6, 7, 8, 9, 17, 15, 18, 19))	4z6h_ligand
((14, 13, 12, 8, 7, 9, 1, 10, 11), (27, 13, 12, 8, 7, 9, 1, 10, 11))	4z6i_ligand
((12, 13, 17, 16, 15, 14, 20, 19, 18),)	4z7f_ligand
((0, 14, 1, 2, 25, 23, 24, 22, 21), (0, 14, 6, 5, 4, 3, 12, 13, 16), (1, 14, 6, 5, 4, 3, 12, 13, 16), (6, 14, 1, 2, 25, 23, 24, 22, 21))	4zji_ligand
((0, 17, 1, 2, 25, 23, 24, 22, 21), (0, 17, 15, 10, 11, 12, 16, 13, 14), (1, 17, 15, 10, 11, 12, 16, 13, 14), (15, 17, 1, 2, 25, 23, 24, 22, 21))	4zjj_ligand
((23, 22, 19, 12, 11, 10, 9, 21, 20), (24, 22, 19, 12, 11, 10, 9, 21, 20))	4zjr_ligand
((0, 27, 5, 6, 7, 10, 24, 9, 8), (26, 27, 5, 6, 7, 10, 24, 9, 8))	4zjw_ligand
((3, 16, 4, 5, 6, 7, 10, 8, 9), (4, 16, 3, 17, 23, 21, 22, 20, 19))	4zlo_ligand
((25, 24, 23, 14, 0, 13, 1, 21, 22), (26, 24, 23, 14, 0, 13, 1, 21, 22))	4zom_ligand
((12, 13, 14, 15, 16, 0, 17, 30, 31), (32, 13, 14, 15, 16, 0, 17, 30, 31))	4zsa_ligand
((0, 11, 1, 2, 3, 4, 13, 5, 12),)	4zvi_ligand
((2, 22, 0, 9, 8, 20, 19, 3, 21), (10, 33, 6, 5, 4, 26, 27, 25, 7))	4zxx_ligand
((0, 21, 19, 18, 17, 14, 13, 15, 20),)	4zxy_ligand
((10, 25, 2, 3, 4, 5, 8, 6, 7), (11, 25, 2, 3, 4, 5, 8, 6, 7))	4zyc_ligand
((24, 25, 13, 14, 15, 16, 31, 17, 18), (26, 25, 13, 14, 15, 16, 31, 17, 18), (32, 31, 16, 15, 14, 13, 25, 18, 17), (33, 31, 16, 15, 14, 13, 25, 18, 17))	4zyi_ligand
((12, 13, 14, 15, 16, 17, 24, 18, 23), (12, 35, 2, 1, 0, 4, 5, 3, 30))	5a14_ligand
((2, 17, 5, 9, 8, 21, 7, 19, 18), (3, 17, 5, 9, 8, 21, 7, 19, 18))	5a46_ligand
((20, 19, 16, 15, 6, 7, 8, 18, 17),)	5a83_ligand
((1, 3, 6, 7, 20, 19, 21, 18, 17), (4, 3, 6, 7, 20, 19, 21, 18, 17))	5acy_ligand
((1, 2, 3, 4, 5, 6, 7, 8, 9),)	5afk_ligand
((1, 3, 4, 5, 10, 8, 9, 7, 6),)	5aic_ligand
((20, 19, 18, 15, 14, 13, 12, 16, 17),)	5ajv_ligand
((1, 4, 5, 6, 7, 10, 11, 9, 8),)	5ajw_ligand
((27, 26, 23, 22, 21, 20, 19, 25, 24),)	5ajx_ligand
((25, 9, 22, 21, 20, 19, 2, 24, 23),)	5ajy_ligand
((19, 18, 16, 15, 14, 12, 11, 13, 17),)	5ajz_ligand
((1, 7, 8, 9, 10, 13, 14, 12, 11),)	5ak0_ligand
((12, 19, 9, 3, 5, 11, 25, 8, 6),)	5ake_ligand
((13, 15, 2, 1, 0, 5, 6, 4, 3),)	5ald_ligand
((9, 8, 5, 4, 3, 2, 1, 7, 6),)	5ali_ligand
((9, 8, 4, 3, 2, 1, 0, 6, 5),)	5alj_ligand
((9, 8, 7, 2, 3, 4, 11, 5, 6),)	5aln_ligand
((9, 8, 7, 2, 3, 4, 11, 5, 6),)	5alo_ligand
((12, 14, 15, 16, 17, 18, 21, 19, 20), (22, 21, 18, 17, 16, 15, 14, 20, 19))	5alp_ligand
((13, 17, 11, 4, 6, 12, 21, 7, 5),)	5alr_ligand
((18, 20, 14, 13, 12, 11, 9, 16, 15),)	5alw_ligand
((10, 18, 7, 5, 1, 4, 9, 2, 8),)	5aly_ligand
((9, 8, 7, 2, 3, 4, 12, 5, 6),)	5am0_ligand
((18, 20, 2, 1, 0, 5, 6, 4, 3),)	5am4_ligand
((2, 17, 5, 9, 8, 21, 7, 19, 18), (3, 17, 5, 9, 8, 21, 7, 19, 18))	5am6_ligand
((2, 17, 5, 9, 8, 21, 7, 19, 18), (3, 17, 5, 9, 8, 21, 7, 19, 18))	5am7_ligand
((15, 16, 17, 18, 21, 22, 25, 23, 24),)	5ap0_ligand
((17, 16, 13, 12, 4, 5, 6, 15, 14),)	5ap1_ligand
((18, 21, 22, 23, 24, 25, 28, 26, 27),)	5ap2_ligand
((15, 16, 17, 18, 21, 22, 25, 23, 24),)	5ap3_ligand
((17, 16, 13, 12, 4, 5, 6, 15, 14),)	5ap4_ligand
((19, 22, 23, 24, 25, 26, 30, 27, 28),)	5ap5_ligand
((18, 21, 22, 23, 24, 25, 28, 26, 27),)	5ap6_ligand
((15, 17, 18, 19, 20, 21, 25, 22, 23),)	5ap7_ligand
((18, 24, 13, 3, 4, 14, 28, 11, 8),)	5apj_ligand
((1, 11, 12, 13, 14, 15, 18, 16, 17),)	5ar7_ligand
((13, 22, 10, 2, 4, 11, 25, 5, 3), (18, 22, 10, 2, 4, 11, 25, 5, 3))	5avi_ligand
((19, 27, 11, 5, 6, 12, 26, 13, 8), (20, 27, 11, 5, 6, 12, 26, 13, 8))	5axp_ligand
((19, 32, 11, 5, 6, 12, 31, 13, 9), (27, 32, 11, 5, 6, 12, 31, 13, 9))	5axq_ligand
((43, 42, 41, 37, 36, 38, 31, 39, 40),)	5btr_ligand
((10, 11, 12, 13, 14, 15, 16, 17, 18), (11, 10, 7, 6, 5, 4, 1, 9, 8))	5byi_ligand
((19, 25, 16, 10, 4, 5, 27, 6, 11),)	5c26_ligand
((14, 13, 12, 11, 10, 9, 1, 18, 17),)	5ccl_ligand
((6, 8, 3, 2, 1, 10, 11, 9, 4),)	5ccm_ligand
((7, 22, 2, 1, 0, 19, 24, 21, 20), (10, 22, 2, 1, 0, 19, 24, 21, 20), (25, 24, 19, 0, 1, 2, 22, 20, 21))	5cgj_ligand
((6, 28, 8, 9, 10, 11, 16, 12, 13),)	5ct7_ligand
((6, 7, 9, 10, 11, 12, 0, 13, 14), (8, 7, 9, 10, 11, 12, 0, 13, 14))	5cxz_ligand
((3, 23, 2, 0, 13, 20, 16, 21, 22),)	5cyi_ligand
((28, 27, 26, 23, 22, 21, 20, 24, 25),)	5d10_ligand
((13, 12, 11, 10, 9, 19, 20, 18, 17),)	5d12_ligand
((0, 17, 8, 9, 10, 11, 4, 12, 13),)	5d9k_ligand
((18, 0, 4, 3, 2, 1, 34, 5, 6),)	5e2o_ligand
((0, 12, 4, 5, 6, 2, 13, 7, 8), (1, 12, 4, 5, 6, 2, 13, 7, 8), (14, 13, 2, 6, 5, 4, 12, 8, 7))	5em5_ligand
((0, 12, 4, 5, 6, 2, 13, 7, 8), (1, 12, 4, 5, 6, 2, 13, 7, 8), (14, 13, 2, 6, 5, 4, 12, 8, 7))	5em6_ligand
((0, 12, 4, 5, 6, 2, 13, 7, 8), (1, 12, 4, 5, 6, 2, 13, 7, 8), (14, 13, 2, 6, 5, 4, 12, 8, 7))	5em7_ligand
((0, 12, 4, 5, 6, 2, 13, 7, 8), (1, 12, 4, 5, 6, 2, 13, 7, 8), (14, 13, 2, 6, 5, 4, 12, 8, 7))	5em8_ligand
