((33, 23, 20, 24, 25, 26, 31, 22, 14),)	1a2c_ligand
((11, 10, 12, 9, 8, 7, 6, 4, 3),)	1ad8_ligand
((35, 33, 34, 23, 22, 21, 20, 19, 17),)	1aq7_ligand
((40, 35, 36, 34, 37, 38, 39, 33, 27),)	1aqc_ligand
((2, 9, 10, 8, 11, 12, 13, 7, 14),)	1auj_ligand
((14, 9, 10, 8, 11, 12, 13, 7, 2), (21, 16, 17, 15, 18, 19, 20, 14, 9), (28, 23, 24, 22, 25, 26, 27, 21, 16), (35, 30, 31, 29, 32, 33, 34, 28, 23), (42, 37, 38, 36, 39, 40, 41, 35, 30), (49, 44, 45, 43, 46, 47, 48, 42, 37), (56, 51, 52, 50, 53, 54, 55, 49, 44), (63, 58, 59, 57, 60, 61, 62, 56, 51), (70, 65, 66, 64, 67, 68, 69, 63, 58))	1awi_ligand
((14, 9, 10, 8, 11, 12, 13, 7, 2), (21, 16, 17, 15, 18, 19, 20, 14, 9), (28, 23, 24, 22, 25, 26, 27, 21, 16), (42, 37, 38, 36, 39, 40, 41, 35, 30), (49, 44, 45, 43, 46, 47, 48, 42, 37))	1aze_ligand
((14, 9, 10, 8, 11, 12, 13, 7, 2), (32, 27, 28, 26, 29, 30, 31, 25, 16), (47, 42, 43, 41, 44, 45, 46, 40, 34), (66, 61, 62, 60, 63, 64, 65, 59, 56))	1azg_ligand
((27, 26, 29, 22, 25, 24, 23, 28, 20),)	1b0f_ligand
((16, 11, 12, 10, 13, 14, 15, 9, 2),)	1b46_ligand
((20, 0, 1, 2, 3, 4, 5, 11, 9),)	1b5g_ligand
((33, 28, 29, 27, 30, 31, 32, 26, 25),)	1b6j_ligand
((15, 10, 11, 9, 12, 13, 14, 8, 5), (46, 41, 42, 40, 43, 44, 45, 39, 35), (53, 48, 49, 47, 50, 51, 52, 46, 41), (60, 55, 56, 54, 57, 58, 59, 53, 48), (67, 62, 63, 61, 64, 65, 66, 60, 55), (74, 69, 70, 68, 71, 72, 73, 67, 62))	1bbz_ligand
((9, 52, 53, 51, 54, 55, 56, 50, 45),)	1bm2_ligand
((16, 11, 12, 10, 13, 14, 15, 9, 2),)	1bmb_ligand
((26, 21, 22, 20, 23, 24, 25, 19, 14),)	1bmq_ligand
((14, 9, 10, 8, 11, 12, 13, 7, 2), (21, 16, 17, 15, 18, 19, 20, 14, 9), (41, 36, 37, 35, 38, 39, 40, 34, 28), (48, 43, 44, 42, 45, 46, 47, 41, 36))	1cka_ligand
((14, 9, 10, 8, 11, 12, 13, 7, 2), (21, 16, 17, 15, 18, 19, 20, 14, 9), (35, 30, 31, 29, 32, 33, 34, 28, 23), (42, 37, 38, 36, 39, 40, 41, 35, 30))	1ckb_ligand
((32, 27, 28, 26, 29, 30, 31, 25, 24),)	1cpi_ligand
((17, 15, 16, 12, 13, 14, 19, 11, 6),)	1d7x_ligand
((89, 84, 85, 83, 86, 87, 88, 82, 73),)	1ddm_ligand
((43, 38, 39, 37, 40, 41, 42, 36, 31), (97, 92, 93, 91, 94, 95, 96, 90, 82))	1dkd_ligand
((19, 14, 15, 13, 16, 17, 18, 12, 3),)	1doj_ligand
((45, 40, 41, 39, 42, 43, 44, 38, 32),)	1dva_ligand
((36, 31, 32, 30, 33, 34, 35, 29, 22), (51, 46, 47, 45, 48, 49, 50, 44, 38))	1eb1_ligand
((22, 17, 18, 16, 19, 20, 21, 15, 8),)	1ela_ligand
((79, 74, 75, 73, 76, 77, 78, 72, 65), (94, 89, 90, 88, 91, 92, 93, 87, 81))	1eoj_ligand
((77, 72, 73, 71, 74, 75, 76, 70, 63), (92, 87, 88, 86, 89, 90, 91, 85, 79))	1eol_ligand
((21, 16, 17, 15, 18, 19, 20, 14, 5), (28, 23, 24, 22, 25, 26, 27, 21, 16), (35, 30, 31, 29, 32, 33, 34, 28, 23), (42, 37, 38, 36, 39, 40, 41, 35, 30))	1evh_ligand
((7, 5, 6, 0, 3, 4, 2, 1, 17),)	1f40_ligand
((17, 12, 13, 11, 14, 15, 16, 10, 7), (68, 63, 64, 62, 65, 66, 67, 61, 55))	1f47_ligand
((16, 15, 17, 14, 13, 12, 11, 10, 7),)	1f4e_ligand
((6, 5, 7, 3, 4, 0, 1, 2, 8),)	1f4f_ligand
((7, 5, 6, 3, 4, 0, 1, 2, 8),)	1f4g_ligand
((29, 24, 25, 23, 26, 27, 28, 22, 16), (53, 48, 49, 47, 50, 51, 52, 46, 40))	1f8a_ligand
((16, 11, 12, 10, 13, 14, 15, 9, 2),)	1f90_ligand
((28, 23, 24, 22, 25, 26, 27, 21, 15),)	1ff1_ligand
()	1ftk_ligand
()	1fw0_ligand
((23, 18, 19, 17, 20, 21, 22, 16, 13), (54, 49, 50, 48, 51, 52, 53, 47, 37))	1fzk_ligand
((23, 18, 19, 17, 20, 21, 22, 16, 13), (54, 49, 50, 48, 51, 52, 53, 47, 37))	1fzo_ligand
((0, 7, 8, 12, 13, 9, 10, 11, 15),)	1g37_ligand
((19, 14, 15, 13, 16, 17, 18, 12, 7),)	1g3f_ligand
((11, 9, 10, 8, 7, 5, 6, 13, 14),)	1g49_ligand
((66, 61, 62, 60, 63, 64, 65, 59, 54),)	1g7p_ligand
((18, 13, 14, 12, 15, 16, 17, 11, 8), (51, 46, 47, 45, 48, 49, 50, 44, 35))	1g7q_ligand
((79, 74, 75, 73, 76, 77, 78, 72, 68),)	1gag_ligand
((17, 12, 13, 11, 14, 15, 16, 10, 5), (24, 19, 20, 18, 21, 22, 23, 17, 12), (31, 26, 27, 25, 28, 29, 30, 24, 19), (45, 40, 41, 39, 42, 43, 44, 38, 33), (52, 47, 48, 46, 49, 50, 51, 45, 40))	1gbq_ligand
((119, 114, 115, 113, 116, 117, 118, 112, 109),)	1guw_ligand
((18, 13, 14, 12, 15, 16, 17, 11, 5),)	1gvk_ligand
()	1gvu_ligand
()	1gvx_ligand
()	1h24_ligand
((23, 18, 19, 17, 20, 21, 22, 16, 9),)	1h25_ligand
((49, 44, 45, 43, 46, 47, 48, 42, 40),)	1h27_ligand
((12, 7, 8, 6, 9, 10, 11, 5, 2), (74, 69, 70, 68, 71, 72, 73, 67, 60))	1h3h_ligand
((68, 63, 64, 62, 65, 66, 67, 61, 55), (75, 70, 71, 69, 72, 73, 74, 68, 63))	1h6e_ligand
()	1h8y_ligand
((23, 18, 19, 17, 20, 21, 22, 16, 9),)	1h9l_ligand
((94, 89, 90, 88, 91, 92, 93, 87, 80), (113, 108, 109, 107, 110, 111, 112, 106, 96))	1haa_ligand
((93, 88, 89, 87, 90, 91, 92, 86, 80), (112, 107, 108, 106, 109, 110, 111, 105, 95))	1hc9_ligand
((52, 47, 48, 46, 49, 50, 51, 45, 39),)	1hgt_ligand
((34, 29, 30, 28, 31, 32, 33, 27, 22),)	1him_ligand
((32, 27, 28, 26, 29, 30, 31, 25, 19), (47, 42, 43, 41, 44, 45, 46, 40, 34), (65, 60, 61, 59, 62, 63, 64, 58, 53), (72, 67, 68, 66, 69, 70, 71, 65, 60), (79, 74, 75, 73, 76, 77, 78, 72, 67))	1i5h_ligand
((65, 60, 61, 59, 62, 63, 64, 58, 56), (72, 67, 68, 66, 69, 70, 71, 65, 60), (94, 89, 90, 88, 91, 92, 93, 87, 83))	1i8h_ligand
((27, 22, 23, 21, 24, 25, 26, 20, 13),)	1iau_ligand
((131, 126, 127, 125, 128, 129, 130, 124, 120), (153, 148, 149, 147, 150, 151, 152, 146, 141))	1idg_ligand
((21, 16, 17, 15, 18, 19, 20, 14, 5), (87, 82, 83, 81, 84, 85, 86, 80, 73), (102, 97, 98, 96, 99, 100, 101, 95, 89))	1iht_ligand
((83, 78, 79, 77, 80, 81, 82, 76, 70), (90, 85, 86, 84, 87, 88, 89, 83, 78), (145, 140, 141, 139, 142, 143, 144, 138, 134))	1ilq_ligand
((47, 42, 43, 41, 44, 45, 46, 40, 34),)	1irs_ligand
((2, 1, 0, 3, 4, 5, 6, 7, 8),)	1j37_ligand
((71, 66, 67, 65, 68, 69, 70, 64, 62), (93, 88, 89, 87, 90, 91, 92, 86, 80))	1j4p_ligand
((90, 85, 86, 84, 87, 88, 89, 83, 76), (123, 118, 119, 117, 120, 121, 122, 116, 106))	1jbd_ligand
((56, 51, 52, 50, 53, 54, 55, 49, 43),)	1jd5_ligand
((19, 14, 15, 13, 16, 17, 18, 12, 7), (57, 52, 53, 51, 54, 55, 56, 50, 44))	1jd6_ligand
((18, 13, 14, 12, 15, 16, 17, 11, 6), (25, 20, 21, 19, 22, 23, 24, 18, 13), (32, 27, 28, 26, 29, 30, 31, 25, 20), (39, 34, 35, 33, 36, 37, 38, 32, 27))	1jmq_ligand
((56, 51, 52, 50, 53, 54, 55, 49, 39),)	1joj_ligand
()	1jp5_ligand
((2, 1, 0, 3, 4, 5, 6, 7, 8),)	1jt1_ligand
()	1jwm_ligand
()	1jws_ligand
((10, 8, 9, 7, 11, 12, 1, 0, 5),)	1jwt_ligand
()	1jwu_ligand
((51, 46, 47, 45, 48, 49, 50, 44, 34),)	1jyc_ligand
((45, 40, 41, 39, 42, 43, 44, 38, 28), (64, 59, 60, 58, 61, 62, 63, 57, 47))	1jyi_ligand
((71, 66, 67, 65, 68, 69, 70, 64, 62), (93, 88, 89, 87, 90, 91, 92, 86, 80))	1k3n_ligand
((11, 6, 7, 5, 8, 9, 10, 4, 2), (18, 13, 14, 12, 15, 16, 17, 11, 6), (25, 20, 21, 19, 22, 23, 24, 18, 13))	1k9q_ligand
((10, 5, 6, 4, 7, 8, 9, 3, 0), (25, 20, 21, 19, 22, 23, 24, 18, 12), (32, 27, 28, 26, 29, 30, 31, 25, 20))	1k9r_ligand
((42, 37, 38, 36, 39, 40, 41, 35, 29),)	1kc5_ligand
((32, 27, 28, 26, 29, 30, 31, 25, 19),)	1kcs_ligand
((18, 13, 14, 12, 15, 16, 17, 11, 5),)	1kdy_ligand
((23, 18, 19, 17, 20, 21, 22, 16, 8),)	1kl3_ligand
((23, 18, 19, 17, 20, 21, 22, 16, 8),)	1kl5_ligand
((90, 85, 86, 84, 87, 88, 89, 83, 78),)	1klg_ligand
((89, 84, 85, 83, 86, 87, 88, 82, 77),)	1klu_ligand
((20, 15, 16, 14, 17, 18, 19, 13, 8),)	1l0a_ligand
((34, 29, 30, 28, 31, 32, 33, 27, 18), (41, 36, 37, 35, 38, 39, 40, 34, 29), (48, 43, 44, 42, 45, 46, 47, 41, 36), (55, 50, 51, 49, 52, 53, 54, 48, 43))	1l2z_ligand
((34, 29, 30, 28, 31, 32, 33, 27, 20),)	1lb6_ligand
((16, 11, 12, 10, 13, 14, 15, 9, 2), (70, 65, 66, 64, 67, 68, 69, 63, 57))	1lcj_ligand
((22, 7, 30, 6, 8, 9, 10, 26, 11),)	1lhc_ligand
((22, 7, 28, 6, 8, 9, 10, 24, 11),)	1lhd_ligand
((23, 8, 30, 7, 9, 10, 11, 26, 12),)	1lhe_ligand
((23, 8, 29, 7, 9, 10, 11, 25, 12),)	1lhf_ligand
((21, 5, 27, 6, 7, 8, 9, 23, 10),)	1lhg_ligand
((131, 126, 127, 125, 128, 129, 130, 124, 120), (153, 148, 149, 147, 150, 151, 152, 146, 141))	1lxh_ligand
((2, 1, 0, 3, 4, 5, 6, 7, 8),)	1m2x_ligand
((63, 58, 59, 57, 60, 61, 62, 56, 51),)	1mfg_ligand
((23, 18, 19, 17, 20, 21, 22, 16, 10), (37, 32, 33, 31, 34, 35, 36, 30, 25), (44, 39, 40, 38, 41, 42, 43, 37, 32), (65, 60, 61, 59, 62, 63, 64, 58, 54))	1mv0_ligand
((20, 15, 16, 14, 17, 18, 19, 13, 9), (27, 22, 23, 21, 24, 25, 26, 20, 15))	1n51_ligand
((15, 10, 11, 9, 12, 13, 14, 8, 2), (22, 17, 18, 16, 19, 20, 21, 15, 10), (44, 39, 40, 38, 41, 42, 43, 37, 31))	1n5z_ligand
()	1nj5_ligand
((46, 41, 42, 40, 43, 44, 45, 39, 35), (61, 56, 57, 55, 58, 59, 60, 54, 48), (68, 63, 64, 62, 65, 66, 67, 61, 56), (83, 78, 79, 77, 80, 81, 82, 76, 70))	1nlo_ligand
((38, 33, 34, 32, 35, 36, 37, 31, 27), (53, 48, 49, 47, 50, 51, 52, 46, 40), (60, 55, 56, 54, 57, 58, 59, 53, 48), (75, 70, 71, 69, 72, 73, 74, 68, 62))	1nlp_ligand
((7, 8, 10, 9, 12, 13, 14, 15, 16),)	1nt1_ligand
((42, 37, 38, 36, 39, 40, 41, 35, 29),)	1ntv_ligand
((18, 13, 14, 12, 15, 16, 17, 11, 2), (25, 20, 21, 19, 22, 23, 24, 18, 13))	1ny2_ligand
((72, 67, 68, 66, 69, 70, 71, 65, 59),)	1nzl_ligand
((70, 65, 66, 64, 67, 68, 69, 63, 58),)	1nzv_ligand
((3, 16, 4, 12, 13, 14, 15, 6, 8),)	1o86_ligand
((12, 7, 8, 6, 9, 10, 11, 5, 2), (74, 69, 70, 68, 71, 72, 73, 67, 60), (81, 76, 77, 75, 78, 79, 80, 74, 69))	1oeb_ligand
((15, 10, 11, 9, 12, 13, 14, 8, 2), (22, 17, 18, 16, 19, 20, 21, 15, 10))	1oj5_ligand
((11, 6, 7, 5, 8, 9, 10, 4, 2),)	1om2_ligand
()	1opi_ligand
((12, 7, 8, 6, 9, 10, 11, 5, 2), (19, 14, 15, 13, 16, 17, 18, 12, 7), (40, 35, 36, 34, 37, 38, 39, 33, 27), (47, 42, 43, 41, 44, 45, 46, 40, 35), (54, 49, 50, 48, 51, 52, 53, 47, 42), (72, 67, 68, 66, 69, 70, 71, 65, 56))	1ov3_ligand
((43, 38, 39, 37, 40, 41, 42, 36, 31), (74, 69, 70, 68, 71, 72, 73, 67, 55))	1oxg_ligand
((19, 14, 15, 13, 16, 17, 18, 12, 7),)	1oxq_ligand
((19, 14, 15, 13, 16, 17, 18, 12, 9),)	1p01_ligand
((17, 12, 13, 11, 14, 15, 16, 10, 7),)	1p02_ligand
((17, 12, 13, 11, 14, 15, 16, 10, 7),)	1p03_ligand
((17, 12, 13, 11, 14, 15, 16, 10, 7),)	1p04_ligand
((17, 12, 13, 11, 14, 15, 16, 10, 7),)	1p05_ligand
((17, 12, 13, 11, 14, 15, 16, 10, 7),)	1p06_ligand
((17, 12, 13, 11, 14, 15, 16, 10, 7),)	1p10_ligand
()	1p1n_ligand
((30, 25, 26, 24, 27, 28, 29, 23, 21),)	1p4u_ligand
((28, 23, 24, 22, 25, 26, 27, 21, 18), (35, 30, 31, 29, 32, 33, 34, 28, 23), (50, 45, 46, 44, 47, 48, 49, 43, 37))	1prl_ligand
((28, 23, 24, 22, 25, 26, 27, 21, 18), (35, 30, 31, 29, 32, 33, 34, 28, 23), (50, 45, 46, 44, 47, 48, 49, 43, 37))	1prm_ligand
((8, 9, 10, 11, 12, 13, 14, 15, 16),)	1pwq_ligand
((27, 25, 26, 21, 24, 23, 22, 20, 18),)	1q1y_ligand
((41, 36, 37, 35, 38, 39, 40, 34, 32),)	1q4k_ligand
((18, 16, 17, 13, 14, 15, 12, 11, 9),)	1qbv_ligand
((27, 26, 28, 17, 18, 19, 16, 15, 13),)	1qf2_ligand
((21, 12, 13, 11, 14, 15, 16, 10, 8),)	1qfs_ligand
((52, 47, 48, 46, 49, 50, 51, 45, 39),)	1qj1_ligand
((52, 47, 48, 46, 49, 50, 51, 45, 39),)	1qj6_ligand
((52, 47, 48, 46, 49, 50, 51, 45, 39),)	1qj7_ligand
((66, 61, 62, 60, 63, 64, 65, 59, 53),)	1qja_ligand
((62, 57, 58, 56, 59, 60, 61, 55, 45),)	1qjb_ligand
((17, 15, 16, 12, 13, 14, 11, 10, 0), (44, 50, 51, 47, 48, 49, 46, 45, 29))	1qji_ligand
((22, 17, 18, 16, 19, 20, 21, 15, 5),)	1qsc_ligand
((12, 7, 8, 6, 9, 10, 11, 5, 2), (19, 14, 15, 13, 16, 17, 18, 12, 7), (34, 29, 30, 28, 31, 32, 33, 27, 21), (41, 36, 37, 35, 38, 39, 40, 34, 29), (78, 73, 74, 72, 75, 76, 77, 71, 62))	1qwe_ligand
((55, 50, 51, 49, 52, 53, 54, 48, 39), (70, 65, 66, 64, 67, 68, 69, 63, 57), (77, 72, 73, 71, 74, 75, 76, 70, 65), (92, 87, 88, 86, 89, 90, 91, 85, 79))	1qwf_ligand
((85, 80, 81, 79, 82, 83, 84, 78, 69),)	1r17_ligand
((130, 125, 126, 124, 127, 128, 129, 123, 117),)	1r2b_ligand
((53, 48, 49, 47, 50, 51, 52, 46, 36),)	1r5v_ligand
((91, 86, 87, 85, 88, 89, 90, 84, 77),)	1rgj_ligand
((12, 7, 13, 2, 6, 4, 1, 0, 3),)	1riw_ligand
((31, 26, 27, 25, 28, 29, 30, 24, 18), (38, 33, 34, 32, 35, 36, 37, 31, 26), (53, 48, 49, 47, 50, 51, 52, 46, 40))	1rlp_ligand
((31, 26, 27, 25, 28, 29, 30, 24, 18), (38, 33, 34, 32, 35, 36, 37, 31, 26), (53, 48, 49, 47, 50, 51, 52, 46, 40))	1rlq_ligand
((47, 42, 43, 41, 44, 45, 46, 40, 32),)	1rst_ligand
((15, 10, 11, 9, 12, 13, 14, 8, 6), (33, 28, 29, 27, 30, 31, 32, 26, 17), (49, 44, 45, 43, 46, 47, 48, 42, 35), (73, 68, 69, 67, 70, 71, 72, 66, 60))	1s9v_ligand
((7, 5, 6, 1, 2, 3, 4, 0, 18),)	1sb1_ligand
((58, 53, 54, 52, 55, 56, 57, 51, 45), (65, 60, 61, 59, 62, 63, 64, 58, 53), (97, 92, 93, 91, 94, 95, 96, 90, 81))	1sfi_ligand
((50, 45, 46, 44, 47, 48, 49, 43, 37),)	1shc_ligand
((38, 33, 34, 32, 35, 36, 37, 31, 25),)	1sje_ligand
((38, 33, 34, 32, 35, 36, 37, 31, 25),)	1sjh_ligand
((26, 21, 22, 20, 23, 24, 25, 19, 11),)	1sld_ligand
((26, 21, 22, 20, 23, 24, 25, 19, 11), (46, 41, 42, 40, 43, 44, 45, 39, 37), (53, 48, 49, 47, 50, 51, 52, 46, 41))	1sle_ligand
((34, 29, 30, 28, 31, 32, 33, 27, 19),)	1slg_ligand
((17, 12, 13, 11, 14, 15, 16, 10, 7), (50, 45, 46, 44, 47, 48, 49, 43, 34))	1sm3_ligand
()	1sps_ligand
((26, 21, 22, 20, 23, 24, 25, 19, 11),)	1str_ligand
((34, 29, 30, 28, 31, 32, 33, 27, 19),)	1sts_ligand
((106, 101, 102, 100, 103, 104, 105, 99, 94),)	1t08_ligand
((55, 50, 51, 49, 52, 53, 54, 48, 42),)	1t29_ligand
((86, 81, 82, 80, 83, 84, 85, 79, 70),)	1t2v_ligand
((24, 22, 23, 19, 20, 21, 18, 17, 15),)	1ta2_ligand
((17, 15, 16, 12, 13, 14, 11, 10, 6),)	1ta6_ligand
((18, 13, 14, 12, 15, 16, 17, 11, 2),)	1tbz_ligand
((14, 9, 10, 8, 11, 12, 13, 7, 2),)	1tet_ligand
((4, 9, 13, 12, 15, 18, 17, 14, 16),)	1tfq_ligand
((4, 9, 13, 12, 15, 18, 17, 14, 16),)	1tft_ligand
((35, 30, 31, 29, 32, 33, 34, 28, 21), (50, 45, 46, 44, 47, 48, 49, 43, 37))	1ths_ligand
((14, 9, 10, 8, 11, 12, 13, 7, 4),)	1tmb_ligand
((8, 9, 10, 11, 12, 13, 14, 15, 16),)	1tom_ligand
()	1tt1_ligand
((11, 12, 48, 13, 14, 15, 16, 17, 18),)	1tyn_ligand
((16, 11, 12, 10, 13, 14, 15, 9, 2),)	1tze_ligand
((26, 21, 22, 20, 23, 24, 25, 19, 10),)	1u9l_ligand
((14, 9, 10, 8, 11, 12, 13, 7, 2),)	1uj0_ligand
((34, 29, 30, 28, 31, 32, 33, 27, 18),)	1ukh_ligand
((48, 43, 44, 42, 45, 46, 47, 41, 39),)	1umw_ligand
((22, 17, 18, 16, 19, 20, 21, 15, 9),)	1utc_ligand
((20, 15, 16, 14, 17, 18, 19, 13, 6), (27, 22, 23, 21, 24, 25, 26, 20, 15), (49, 44, 45, 43, 46, 47, 48, 42, 37), (56, 51, 52, 50, 53, 54, 55, 49, 44))	1uti_ligand
((52, 47, 48, 46, 49, 50, 51, 45, 39),)	1vr1_ligand
((26, 21, 22, 20, 23, 24, 25, 19, 11), (46, 41, 42, 40, 43, 44, 45, 39, 37), (53, 48, 49, 47, 50, 51, 52, 46, 41))	1vwf_ligand
((17, 12, 13, 11, 14, 15, 16, 10, 2), (37, 32, 33, 31, 34, 35, 36, 30, 28), (44, 39, 40, 38, 41, 42, 43, 37, 32))	1vwl_ligand
((26, 21, 22, 20, 23, 24, 25, 19, 11),)	1vwn_ligand
((116, 111, 112, 110, 113, 114, 115, 109, 101),)	1vyj_ligand
((10, 1, 0, 2, 3, 4, 5, 6, 7),)	1w1p_ligand
((0, 12, 13, 11, 14, 15, 16, 10, 2),)	1w1t_ligand
((9, 7, 8, 6, 5, 4, 3, 2, 1),)	1w1v_ligand
((0, 14, 15, 13, 16, 17, 18, 12, 2),)	1w1y_ligand
((23, 21, 22, 20, 19, 18, 17, 16, 14),)	1w9u_ligand
((23, 21, 22, 20, 19, 18, 17, 16, 14),)	1waw_ligand
()	1wm1_ligand
((27, 25, 26, 21, 24, 23, 22, 20, 18),)	1ws1_ligand
((57, 52, 53, 51, 54, 55, 56, 50, 44),)	1x11_ligand
((34, 29, 30, 28, 31, 32, 33, 27, 18), (41, 36, 37, 35, 38, 39, 40, 34, 29), (64, 59, 60, 58, 61, 62, 63, 57, 50))	1x7q_ligand
((71, 66, 67, 65, 68, 69, 70, 64, 60),)	1x8s_ligand
((15, 10, 11, 9, 12, 13, 14, 8, 2), (59, 54, 55, 53, 56, 57, 58, 52, 48))	1xh3_ligand
((91, 86, 87, 85, 88, 89, 90, 84, 74),)	1xhm_ligand
()	1xhy_ligand
()	1xoe_ligand
((27, 22, 23, 21, 24, 25, 26, 20, 18), (34, 29, 30, 28, 31, 32, 33, 27, 22))	1xr9_ligand
((52, 47, 48, 46, 49, 50, 51, 45, 41),)	1y19_ligand
((55, 50, 51, 49, 52, 53, 54, 48, 42),)	1y98_ligand
((14, 9, 10, 8, 11, 12, 13, 7, 2), (21, 16, 17, 15, 18, 19, 20, 14, 9), (36, 31, 32, 30, 33, 34, 35, 29, 23), (43, 38, 39, 37, 40, 41, 42, 36, 31))	1ywi_ligand
((15, 10, 11, 9, 12, 13, 14, 8, 2), (39, 34, 35, 33, 36, 37, 38, 32, 30))	1yy6_ligand
((14, 12, 13, 8, 9, 10, 11, 7, 5),)	1zea_ligand
((23, 18, 19, 17, 20, 21, 22, 16, 8),)	1zh7_ligand
((15, 10, 11, 9, 12, 13, 14, 8, 2), (31, 26, 27, 25, 28, 29, 30, 24, 17), (46, 41, 42, 40, 43, 44, 45, 39, 33))	1zhk_ligand
((15, 10, 11, 9, 12, 13, 14, 8, 2), (31, 26, 27, 25, 28, 29, 30, 24, 17), (46, 41, 42, 40, 43, 44, 45, 39, 33))	1zhl_ligand
((23, 18, 19, 17, 20, 21, 22, 16, 10),)	2a0t_ligand
((16, 11, 12, 10, 13, 14, 15, 9, 2), (52, 47, 48, 46, 49, 50, 51, 45, 42))	2a25_ligand
()	2ajd_ligand
((10, 11, 13, 12, 14, 15, 16, 17, 18),)	2anm_ligand
((18, 13, 14, 12, 15, 16, 17, 11, 2), (81, 76, 77, 75, 78, 79, 80, 74, 65))	2aof_ligand
((18, 13, 14, 12, 15, 16, 17, 11, 2), (81, 76, 77, 75, 78, 79, 80, 74, 65))	2aoi_ligand
((49, 44, 45, 43, 46, 47, 48, 42, 34),)	2aoj_ligand
((42, 37, 38, 36, 39, 40, 41, 35, 29),)	2aq9_ligand
((15, 10, 11, 9, 12, 13, 14, 8, 5), (74, 69, 70, 68, 71, 72, 73, 67, 59))	2b7f_ligand
((52, 47, 48, 46, 49, 50, 51, 45, 41), (71, 66, 67, 65, 68, 69, 70, 64, 62))	2bba_ligand
((29, 24, 25, 23, 26, 27, 28, 22, 10),)	2bgn_ligand
((37, 32, 33, 31, 34, 35, 36, 30, 24), (44, 39, 40, 38, 41, 42, 43, 37, 32), (86, 81, 82, 80, 83, 84, 85, 79, 73))	2br8_ligand
((37, 32, 33, 31, 34, 35, 36, 30, 24),)	2byp_ligand
((30, 25, 26, 24, 27, 28, 29, 23, 14), (37, 32, 33, 31, 34, 35, 36, 30, 25), (53, 48, 49, 47, 50, 51, 52, 46, 39), (71, 66, 67, 65, 68, 69, 70, 64, 55))	2bz8_ligand
((37, 32, 33, 31, 34, 35, 36, 30, 24),)	2c9t_ligand
((40, 35, 36, 34, 37, 38, 39, 33, 24),)	2ce9_ligand
((49, 44, 45, 43, 46, 47, 48, 42, 33),)	2cv3_ligand
((27, 22, 23, 21, 24, 25, 26, 20, 11), (34, 29, 30, 28, 31, 32, 33, 27, 22), (41, 36, 37, 35, 38, 39, 40, 34, 29), (48, 43, 44, 42, 45, 46, 47, 41, 36), (55, 50, 51, 49, 52, 53, 54, 48, 43), (62, 57, 58, 56, 59, 60, 61, 55, 50))	2d1x_ligand
((14, 9, 10, 8, 11, 12, 13, 7, 2), (41, 36, 37, 35, 38, 39, 40, 34, 31), (59, 54, 55, 53, 56, 57, 58, 52, 43))	2df6_ligand
((30, 25, 26, 24, 27, 28, 29, 23, 19), (48, 43, 44, 42, 45, 46, 47, 41, 32))	2e7l_ligand
((42, 37, 38, 36, 39, 40, 41, 35, 29),)	2eh8_ligand
((80, 75, 76, 74, 77, 78, 79, 73, 63), (131, 126, 127, 125, 128, 129, 130, 124, 120))	2emt_ligand
((23, 18, 19, 17, 20, 21, 22, 16, 8),)	2er0_ligand
()	2er6_ligand
((24, 19, 20, 18, 21, 22, 23, 17, 9),)	2er9_ligand
((16, 7, 15, 6, 8, 9, 10, 18, 13),)	2ewb_ligand
((26, 21, 22, 20, 23, 24, 25, 19, 13),)	2ez5_ligand
((26, 17, 18, 20, 21, 25, 24, 19, 15),)	2f9u_ligand
((72, 67, 68, 66, 69, 70, 71, 65, 61), (108, 103, 104, 102, 105, 106, 107, 101, 95))	2fci_ligand
((9, 10, 11, 12, 13, 14, 15, 16, 17),)	2fes_ligand
((25, 23, 24, 17, 18, 19, 16, 15, 13),)	2fm2_ligand
((18, 13, 14, 12, 15, 16, 17, 11, 8), (55, 50, 51, 49, 52, 53, 54, 48, 39))	2fo4_ligand
((57, 52, 53, 51, 54, 55, 56, 50, 44),)	2fts_ligand
((2, 1, 0, 3, 4, 5, 6, 7, 8),)	2fu8_ligand
((75, 70, 71, 69, 72, 73, 74, 68, 62),)	2fys_ligand
()	2g5p_ligand
()	2g5t_ligand
()	2g63_ligand
((19, 17, 18, 16, 15, 14, 13, 12, 9),)	2gc8_ligand
((11, 10, 22, 8, 9, 2, 3, 7, 23),)	2gde_ligand
((31, 29, 30, 26, 27, 28, 25, 24, 22),)	2gvf_ligand
((25, 20, 21, 19, 22, 23, 24, 18, 15),)	2h5d_ligand
((14, 9, 10, 8, 11, 12, 13, 7, 2),)	2hdx_ligand
((11, 6, 7, 5, 8, 9, 10, 4, 2), (56, 51, 52, 50, 53, 54, 55, 49, 43))	2hkf_ligand
((29, 24, 25, 23, 26, 27, 28, 22, 16), (74, 69, 70, 68, 71, 72, 73, 67, 60))	2hrp_ligand
((12, 7, 8, 6, 9, 10, 11, 5, 2), (19, 14, 15, 13, 16, 17, 18, 12, 7))	2hug_ligand
((19, 14, 15, 13, 16, 17, 18, 12, 7),)	2i3h_ligand
((13, 8, 9, 7, 10, 11, 12, 6, 2),)	2igv_ligand
((11, 6, 7, 5, 8, 9, 10, 4, 2),)	2igw_ligand
((18, 16, 17, 15, 11, 12, 13, 14, 19),)	2ihq_ligand
((95, 90, 91, 89, 92, 93, 94, 88, 82),)	2ivz_ligand
((16, 14, 15, 13, 21, 22, 26, 12, 10),)	2jc0_ligand
((61, 56, 57, 55, 58, 59, 60, 54, 51),)	2jk9_ligand
((25, 20, 21, 19, 22, 23, 24, 18, 11), (32, 27, 28, 26, 29, 30, 31, 25, 20), (39, 34, 35, 33, 36, 37, 38, 32, 27), (46, 41, 42, 40, 43, 44, 45, 39, 34))	2jo9_ligand
((43, 38, 39, 37, 40, 41, 42, 36, 29),)	2jqi_ligand
((43, 38, 39, 37, 40, 41, 42, 36, 29),)	2jql_ligand
((11, 6, 7, 5, 8, 9, 10, 4, 2), (18, 13, 14, 12, 15, 16, 17, 11, 6), (41, 36, 37, 35, 38, 39, 40, 34, 28), (48, 43, 44, 42, 45, 46, 47, 41, 36), (55, 50, 51, 49, 52, 53, 54, 48, 43), (62, 57, 58, 56, 59, 60, 61, 55, 50))	2jup_ligand
((32, 27, 28, 26, 29, 30, 31, 25, 19), (55, 50, 51, 49, 52, 53, 54, 48, 43), (77, 72, 73, 71, 74, 75, 76, 70, 63), (92, 87, 88, 86, 89, 90, 91, 85, 79))	2k3w_ligand
((14, 9, 10, 8, 11, 12, 13, 7, 2),)	2kbs_ligand
((68, 63, 64, 62, 65, 66, 67, 61, 55),)	2kff_ligand
((68, 63, 64, 62, 65, 66, 67, 61, 55),)	2kfg_ligand
((64, 59, 60, 58, 61, 62, 63, 57, 55),)	2kfh_ligand
((75, 70, 71, 69, 72, 73, 74, 68, 62),)	2koh_ligand
((18, 13, 14, 12, 15, 16, 17, 11, 2), (34, 29, 30, 28, 31, 32, 33, 27, 20))	2ks9_ligand
((18, 13, 14, 12, 15, 16, 17, 11, 2), (34, 29, 30, 28, 31, 32, 33, 27, 20))	2ksa_ligand
((18, 13, 14, 12, 15, 16, 17, 11, 2), (34, 29, 30, 28, 31, 32, 33, 27, 20))	2ksb_ligand
((39, 34, 35, 33, 36, 37, 38, 32, 25), (66, 61, 62, 60, 63, 64, 65, 59, 53))	2ksp_ligand
((77, 72, 73, 71, 74, 75, 76, 70, 61),)	2kup_ligand
((12, 7, 8, 6, 9, 10, 11, 5, 2), (120, 115, 116, 114, 117, 118, 119, 113, 110))	2kvm_ligand
((42, 37, 38, 36, 39, 40, 41, 35, 29), (62, 57, 58, 56, 59, 60, 61, 55, 51))	2l0i_ligand
((112, 107, 108, 106, 109, 110, 111, 105, 99),)	2l8j_ligand
((39, 34, 35, 33, 36, 37, 38, 32, 26), (63, 58, 59, 57, 60, 61, 62, 56, 47), (75, 70, 71, 69, 72, 73, 74, 68, 65), (91, 86, 87, 85, 88, 89, 90, 84, 77), (98, 93, 94, 92, 95, 96, 97, 91, 86))	2lcs_ligand
((69, 64, 65, 63, 66, 67, 68, 62, 58), (105, 100, 101, 99, 102, 103, 104, 98, 92))	2lct_ligand
((58, 53, 54, 52, 55, 56, 57, 51, 39), (71, 66, 67, 65, 68, 69, 70, 64, 60))	2llo_ligand
((58, 53, 54, 52, 55, 56, 57, 51, 39), (71, 66, 67, 65, 68, 69, 70, 64, 60))	2llq_ligand
((25, 20, 21, 19, 22, 23, 24, 18, 11),)	2lnw_ligand
((25, 20, 21, 19, 22, 23, 24, 18, 14), (49, 44, 45, 43, 46, 47, 48, 42, 36), (80, 75, 76, 74, 77, 78, 79, 73, 69), (104, 99, 100, 98, 101, 102, 103, 97, 91))	2lo6_ligand
((43, 38, 39, 37, 40, 41, 42, 36, 29), (72, 67, 68, 66, 69, 70, 71, 65, 56))	2loz_ligand
((17, 12, 13, 11, 14, 15, 16, 10, 7),)	2lpr_ligand
((49, 44, 45, 43, 46, 47, 48, 42, 35),)	2lsk_ligand
((25, 20, 21, 19, 22, 23, 24, 18, 14), (46, 39, 40, 38, 41, 42, 43, 37, 33), (83, 78, 79, 77, 80, 81, 82, 76, 71), (105, 100, 101, 99, 102, 103, 104, 98, 94))	2lto_ligand
((13, 8, 9, 7, 10, 11, 12, 6, 2), (20, 15, 16, 14, 17, 18, 19, 13, 8), (27, 22, 23, 21, 24, 25, 26, 20, 15), (34, 29, 30, 28, 31, 32, 33, 27, 22), (82, 77, 78, 76, 79, 80, 81, 75, 65))	2ltv_ligand
((26, 21, 22, 20, 23, 24, 25, 19, 15), (33, 28, 29, 27, 30, 31, 32, 26, 21), (40, 35, 36, 34, 37, 38, 39, 33, 28), (47, 42, 43, 41, 44, 45, 46, 40, 35), (95, 90, 91, 89, 92, 93, 94, 88, 78))	2ltw_ligand
((39, 34, 35, 33, 36, 37, 38, 32, 28), (46, 41, 42, 40, 43, 44, 45, 39, 34), (53, 48, 49, 47, 50, 51, 52, 46, 41), (60, 55, 56, 54, 57, 58, 59, 53, 48), (108, 103, 104, 102, 105, 106, 107, 101, 91))	2ltx_ligand
((39, 34, 35, 33, 36, 37, 38, 32, 28), (46, 41, 42, 40, 43, 44, 45, 39, 34), (53, 48, 49, 47, 50, 51, 52, 46, 41), (60, 55, 56, 54, 57, 58, 59, 53, 48), (108, 103, 104, 102, 105, 106, 107, 101, 91))	2lty_ligand
((39, 34, 35, 33, 36, 37, 38, 32, 28), (46, 41, 42, 40, 43, 44, 45, 39, 34), (53, 48, 49, 47, 50, 51, 52, 46, 41), (60, 55, 56, 54, 57, 58, 59, 53, 48), (108, 103, 104, 102, 105, 106, 107, 101, 91))	2ltz_ligand
((61, 56, 57, 55, 58, 59, 60, 54, 47), (90, 85, 86, 84, 87, 88, 89, 83, 74))	2lyw_ligand
()	2m3m_ligand
((19, 14, 15, 13, 16, 17, 18, 12, 9), (26, 21, 22, 20, 23, 24, 25, 19, 14), (33, 28, 29, 27, 30, 31, 32, 26, 21))	2m3o_ligand
((25, 20, 21, 19, 22, 23, 24, 18, 9), (77, 72, 73, 71, 74, 75, 76, 70, 65), (108, 103, 104, 102, 105, 106, 107, 101, 98))	2m41_ligand
((65, 60, 61, 59, 62, 63, 64, 58, 54), (101, 96, 97, 95, 98, 99, 100, 94, 88))	2mc1_ligand
((72, 67, 68, 66, 69, 70, 71, 65, 59),)	2mow_ligand
((118, 113, 114, 112, 115, 116, 117, 111, 104),)	2mps_ligand
((23, 18, 19, 17, 20, 21, 22, 16, 9), (34, 29, 30, 28, 31, 32, 33, 27, 25), (67, 62, 63, 61, 64, 65, 66, 60, 53))	2ms4_ligand
((36, 31, 32, 30, 33, 34, 35, 29, 27),)	2nmb_ligand
((9, 17, 18, 12, 13, 14, 15, 11, 10),)	2nw4_ligand
((2, 1, 0, 6, 7, 18, 19, 22, 23),)	2o9j_ligand
((14, 9, 10, 8, 11, 12, 13, 7, 2), (21, 16, 17, 15, 18, 19, 20, 14, 9), (28, 23, 24, 22, 25, 26, 27, 21, 16), (42, 37, 38, 36, 39, 40, 41, 35, 30), (49, 44, 45, 43, 46, 47, 48, 42, 37), (56, 51, 52, 50, 53, 54, 55, 49, 44), (63, 58, 59, 57, 60, 61, 62, 56, 51))	2o9v_ligand
((2, 1, 0, 6, 7, 18, 19, 22, 23),)	2oa0_ligand
((25, 23, 24, 17, 18, 19, 16, 15, 13),)	2obo_ligand
((27, 25, 26, 19, 20, 21, 18, 17, 15),)	2oc0_ligand
((28, 26, 27, 19, 20, 21, 18, 17, 15),)	2oc7_ligand
((36, 31, 32, 30, 33, 34, 35, 29, 23), (43, 38, 39, 37, 40, 41, 42, 36, 31), (50, 45, 46, 44, 47, 48, 49, 43, 38))	2odd_ligand
((21, 16, 17, 15, 18, 19, 20, 14, 9), (35, 30, 31, 29, 32, 33, 34, 28, 23), (42, 37, 38, 36, 39, 40, 41, 35, 30), (57, 52, 53, 51, 54, 55, 56, 50, 44), (64, 59, 60, 58, 61, 62, 63, 57, 52))	2oei_ligand
((47, 42, 43, 41, 44, 45, 46, 40, 30), (62, 57, 58, 56, 59, 60, 61, 55, 49), (69, 64, 65, 63, 66, 67, 68, 62, 57), (84, 79, 80, 78, 81, 82, 83, 77, 71))	2oi3_ligand
((30, 25, 26, 24, 27, 28, 29, 23, 19), (48, 43, 44, 42, 45, 46, 47, 41, 32))	2oi9_ligand
((10, 19, 5, 18, 17, 16, 15, 7, 12),)	2opy_ligand
((15, 10, 11, 9, 12, 13, 14, 8, 2), (59, 54, 55, 53, 56, 57, 58, 52, 50), (66, 61, 62, 60, 63, 64, 65, 59, 54))	2ovq_ligand
((40, 18, 28, 10, 23, 0, 1, 39, 16),)	2p59_ligand
()	2pbw_ligand
((37, 32, 33, 31, 34, 35, 36, 30, 21),)	2pcu_ligand
((87, 82, 83, 81, 84, 85, 86, 80, 75),)	2peh_ligand
((0, 5, 19, 12, 11, 29, 13, 30, 32),)	2phb_ligand
((50, 45, 46, 44, 47, 48, 49, 43, 37),)	2pv1_ligand
((31, 26, 27, 25, 28, 29, 30, 24, 18),)	2q3z_ligand
((23, 18, 19, 17, 20, 21, 22, 16, 9),)	2qbw_ligand
((61, 56, 57, 55, 58, 59, 60, 54, 47), (87, 82, 83, 81, 84, 85, 86, 80, 74))	2qbx_ligand
((24, 19, 20, 18, 21, 22, 23, 17, 10),)	2ql7_ligand
((36, 31, 32, 30, 33, 34, 35, 29, 19),)	2r02_ligand
((35, 30, 31, 29, 32, 33, 34, 28, 18),)	2r03_ligand
((36, 31, 32, 30, 33, 34, 35, 29, 19),)	2r05_ligand
((46, 44, 45, 40, 41, 42, 43, 39, 35),)	2r3c_ligand
((51, 49, 50, 45, 46, 47, 48, 44, 34),)	2r5b_ligand
((51, 49, 50, 45, 46, 47, 48, 44, 34),)	2r5d_ligand
((14, 9, 10, 8, 11, 12, 13, 7, 2),)	2r7g_ligand
((16, 11, 12, 10, 13, 14, 15, 9, 2),)	2r9b_ligand
((21, 16, 17, 15, 18, 19, 20, 14, 9), (28, 23, 24, 22, 25, 26, 27, 21, 16), (35, 30, 31, 29, 32, 33, 34, 28, 23), (50, 45, 46, 44, 47, 48, 49, 43, 37), (57, 52, 53, 51, 54, 55, 56, 50, 45))	2rly_ligand
((14, 9, 10, 8, 11, 12, 13, 7, 2), (21, 16, 17, 15, 18, 19, 20, 14, 9), (44, 39, 40, 38, 41, 42, 43, 37, 31), (51, 46, 47, 45, 48, 49, 50, 44, 39), (58, 53, 54, 52, 55, 56, 57, 51, 46), (65, 60, 61, 59, 62, 63, 64, 58, 53))	2rm0_ligand
((56, 51, 52, 50, 53, 54, 55, 49, 42),)	2rnx_ligand
((14, 9, 10, 8, 11, 12, 13, 7, 2), (28, 23, 24, 22, 25, 26, 27, 21, 16), (43, 38, 39, 37, 40, 41, 42, 36, 30), (79, 74, 75, 73, 76, 77, 78, 72, 65))	2rol_ligand
((48, 43, 44, 42, 45, 46, 47, 41, 35), (126, 121, 122, 120, 123, 124, 125, 119, 112))	2rqu_ligand
((3, 2, 0, 7, 22, 29, 30, 8, 9),)	2uxx_ligand
((40, 35, 36, 34, 37, 38, 39, 33, 24), (47, 42, 43, 41, 44, 45, 46, 40, 35), (92, 87, 88, 86, 89, 90, 91, 85, 79))	2uz6_ligand
((24, 22, 23, 21, 20, 19, 18, 17, 14),)	2vnt_ligand
((22, 17, 18, 16, 19, 20, 21, 15, 8),)	2vsl_ligand
((24, 19, 20, 18, 21, 22, 23, 17, 10), (31, 26, 27, 25, 28, 29, 30, 24, 19), (38, 33, 34, 32, 35, 36, 37, 31, 26), (96, 91, 92, 90, 93, 94, 95, 89, 82))	2vwf_ligand
((12, 7, 8, 6, 9, 10, 11, 5, 2), (19, 14, 15, 13, 16, 17, 18, 12, 7), (26, 21, 22, 20, 23, 24, 25, 19, 14), (44, 39, 40, 38, 41, 42, 43, 37, 28), (51, 46, 47, 45, 48, 49, 50, 44, 39))	2w0z_ligand
((14, 9, 10, 8, 11, 12, 13, 7, 2), (21, 16, 17, 15, 18, 19, 20, 14, 9), (39, 34, 35, 33, 36, 37, 38, 32, 23), (58, 53, 54, 52, 55, 56, 57, 51, 48), (74, 69, 70, 68, 71, 72, 73, 67, 60))	2w10_ligand
((43, 38, 39, 37, 40, 41, 42, 36, 30), (67, 62, 63, 61, 64, 65, 66, 60, 54), (84, 79, 80, 78, 81, 82, 83, 77, 69))	2w2u_ligand
((26, 24, 25, 22, 23, 8, 10, 11, 12),)	2w3i_ligand
((24, 22, 23, 20, 21, 6, 8, 9, 10),)	2w3k_ligand
((12, 7, 8, 6, 9, 10, 11, 5, 2),)	2wp1_ligand
((31, 26, 27, 25, 28, 29, 30, 24, 19),)	2x4o_ligand
((30, 25, 26, 24, 27, 28, 29, 23, 18),)	2x4r_ligand
((41, 36, 37, 35, 38, 39, 40, 34, 27),)	2x4u_ligand
((10, 8, 9, 7, 13, 12, 11, 6, 1),)	2x8z_ligand
((4, 16, 3, 12, 13, 14, 15, 6, 8),)	2x91_ligand
((19, 18, 27, 17, 30, 29, 28, 16, 14),)	2xcn_ligand
((18, 12, 13, 11, 14, 15, 16, 10, 8),)	2xdw_ligand
((25, 24, 33, 23, 22, 20, 21, 0, 1),)	2xni_ligand
((12, 7, 8, 6, 9, 10, 11, 5, 2), (82, 77, 78, 76, 79, 80, 81, 75, 69))	2xrw_ligand
((18, 13, 14, 12, 15, 16, 17, 11, 2), (88, 83, 84, 82, 85, 86, 87, 81, 75))	2xs0_ligand
((32, 27, 28, 26, 29, 30, 31, 25, 19),)	2xs8_ligand
((15, 11, 25, 7, 10, 5, 9, 1, 6),)	2xu1_ligand
((18, 8, 17, 6, 5, 3, 1, 0, 24),)	2xu3_ligand
((3, 1, 6, 0, 13, 12, 11, 10, 23),)	2xu4_ligand
((3, 2, 6, 1, 13, 12, 11, 10, 23),)	2xu5_ligand
((42, 37, 38, 36, 39, 40, 41, 35, 29),)	2xxn_ligand
()	2xxt_ligand
()	2xxy_ligand
((44, 39, 40, 38, 41, 42, 43, 37, 28),)	2xzq_ligand
((15, 10, 11, 9, 12, 13, 14, 8, 2), (27, 22, 23, 21, 24, 25, 26, 20, 17))	2y06_ligand
((14, 9, 10, 8, 11, 12, 13, 7, 2), (33, 28, 29, 27, 30, 31, 32, 26, 16))	2y07_ligand
((48, 43, 44, 42, 45, 46, 47, 41, 36), (64, 59, 60, 58, 61, 62, 63, 57, 50))	2y1n_ligand
((64, 59, 60, 58, 61, 62, 63, 57, 51),)	2y36_ligand
((15, 10, 11, 9, 12, 13, 14, 8, 2), (51, 46, 47, 45, 48, 49, 50, 44, 38))	2y8o_ligand
((38, 33, 34, 32, 35, 36, 37, 31, 27), (45, 40, 41, 39, 42, 43, 44, 38, 33))	2y9q_ligand
((13, 8, 9, 7, 10, 11, 12, 6, 0),)	2ydm_ligand
((15, 5, 6, 0, 4, 3, 2, 1, 20),)	2yj2_ligand
((15, 5, 6, 0, 4, 3, 2, 1, 20),)	2yj8_ligand
((2, 1, 5, 0, 12, 11, 10, 9, 23),)	2yj9_ligand
((2, 1, 5, 0, 12, 11, 10, 9, 23),)	2yjb_ligand
((15, 11, 25, 7, 10, 5, 9, 1, 6),)	2yjc_ligand
((34, 29, 30, 28, 31, 32, 33, 27, 25),)	2ymt_ligand
((92, 87, 88, 86, 89, 90, 91, 85, 79),)	2z5s_ligand
((95, 90, 91, 89, 92, 93, 94, 88, 82),)	2z5t_ligand
((11, 10, 19, 9, 8, 7, 6, 5, 3),)	2zc9_ligand
((4, 2, 3, 1, 15, 16, 17, 0, 18),)	2zda_ligand
((4, 2, 3, 1, 15, 16, 17, 0, 18),)	2zdk_ligand
((16, 14, 15, 10, 11, 12, 13, 9, 1),)	2zdl_ligand
((17, 15, 16, 11, 12, 13, 14, 10, 1),)	2zdm_ligand
((16, 11, 12, 10, 13, 14, 15, 9, 7),)	2zdn_ligand
((15, 2, 20, 14, 13, 12, 1, 0, 10),)	2zfp_ligand
((18, 13, 14, 12, 15, 16, 17, 11, 0),)	2zfs_ligand
((9, 8, 20, 7, 6, 5, 4, 0, 1),)	2zft_ligand
((4, 2, 3, 1, 15, 16, 17, 0, 18),)	2zgx_ligand
((18, 13, 14, 12, 15, 16, 17, 11, 0),)	2zhd_ligand
((13, 11, 12, 10, 24, 25, 26, 9, 8),)	2zo3_ligand
((35, 30, 31, 29, 32, 33, 34, 28, 18),)	2zpk_ligand
((9, 8, 20, 7, 6, 5, 4, 0, 1),)	2zq1_ligand
((19, 14, 15, 13, 16, 17, 18, 12, 0),)	2zq2_ligand
((51, 52, 53, 54, 62, 63, 64, 55, 57),)	3abt_ligand
((56, 35, 68, 36, 43, 44, 45, 57, 38),)	3abu_ligand
((11, 6, 7, 5, 8, 9, 10, 4, 2), (34, 29, 30, 28, 31, 32, 33, 27, 25))	3aho_ligand
((55, 50, 51, 49, 52, 53, 54, 48, 46),)	3al3_ligand
((67, 62, 63, 61, 64, 65, 66, 60, 54),)	3bh8_ligand
((51, 46, 47, 45, 48, 49, 50, 44, 42),)	3bh9_ligand
((114, 109, 110, 108, 111, 112, 113, 107, 102), (125, 120, 121, 119, 122, 123, 124, 118, 116))	3bim_ligand
((27, 22, 23, 21, 24, 25, 26, 20, 14), (46, 41, 42, 40, 43, 44, 45, 39, 29))	3bu6_ligand
((45, 40, 41, 39, 42, 43, 44, 38, 35),)	3bu8_ligand
((67, 62, 63, 61, 64, 65, 66, 60, 58),)	3bum_ligand
((63, 58, 59, 57, 60, 61, 62, 56, 50),)	3bun_ligand
((88, 83, 84, 82, 85, 86, 87, 81, 75),)	3buo_ligand
((32, 27, 28, 26, 29, 30, 31, 25, 19), (64, 59, 60, 58, 61, 62, 63, 57, 50))	3buw_ligand
((22, 13, 14, 12, 15, 16, 17, 11, 9), (29, 24, 25, 23, 26, 27, 28, 22, 13))	3bv9_ligand
((27, 22, 23, 21, 24, 25, 26, 20, 17),)	3bze_ligand
((27, 22, 23, 21, 24, 25, 26, 20, 17),)	3bzf_ligand
((46, 41, 42, 40, 43, 44, 45, 39, 37),)	3bzi_ligand
((23, 18, 19, 17, 20, 21, 22, 16, 10),)	3c94_ligand
((44, 39, 40, 38, 41, 42, 43, 37, 30),)	3cfs_ligand
((68, 63, 64, 62, 65, 66, 67, 61, 54),)	3cfv_ligand
((27, 22, 23, 21, 24, 25, 26, 20, 17),)	3cii_ligand
((22, 20, 21, 19, 18, 17, 16, 10, 8),)	3cm2_ligand
((22, 20, 21, 19, 18, 17, 16, 10, 8),)	3cm7_ligand
((33, 28, 29, 27, 30, 31, 32, 26, 20), (58, 53, 54, 52, 55, 56, 57, 51, 42))	3coj_ligand
((83, 78, 79, 77, 80, 81, 82, 76, 73),)	3cs8_ligand
((18, 13, 14, 12, 15, 16, 17, 11, 2), (36, 31, 32, 30, 33, 34, 35, 29, 20))	3cyy_ligand
((106, 101, 102, 100, 103, 104, 105, 99, 87),)	3d32_ligand
((29, 24, 25, 23, 26, 27, 28, 22, 16), (53, 48, 49, 47, 50, 51, 52, 46, 40))	3d9k_ligand
((29, 24, 25, 23, 26, 27, 28, 22, 16), (49, 44, 45, 43, 46, 47, 48, 42, 38))	3d9l_ligand
((25, 20, 21, 19, 22, 23, 24, 18, 14), (49, 44, 45, 43, 46, 47, 48, 42, 36))	3d9m_ligand
((29, 24, 25, 23, 26, 27, 28, 22, 16), (49, 44, 45, 43, 46, 47, 48, 42, 38))	3d9n_ligand
((38, 33, 34, 32, 35, 36, 37, 31, 27), (58, 53, 54, 52, 55, 56, 57, 51, 47))	3d9o_ligand
((42, 37, 38, 36, 39, 40, 41, 35, 29),)	3d9p_ligand
((15, 16, 17, 3, 4, 5, 6, 18, 7),)	3da9_ligand
((93, 88, 89, 87, 90, 91, 92, 86, 80),)	3dab_ligand
((26, 21, 22, 20, 23, 24, 25, 19, 15),)	3dcq_ligand
((7, 6, 12, 5, 13, 14, 3, 4, 15),)	3ddu_ligand
((18, 17, 27, 16, 15, 14, 13, 12, 10),)	3dhk_ligand
((56, 51, 52, 50, 53, 54, 55, 49, 43), (63, 58, 59, 57, 60, 61, 62, 56, 51))	3dow_ligand
((33, 28, 29, 27, 30, 31, 32, 26, 24), (40, 35, 36, 34, 37, 38, 39, 33, 28))	3dpc_ligand
((55, 50, 51, 49, 52, 53, 54, 48, 42), (73, 68, 69, 67, 70, 71, 72, 66, 57))	3dpo_ligand
((18, 13, 14, 12, 15, 16, 17, 11, 2), (25, 20, 21, 19, 22, 23, 24, 18, 13), (53, 48, 49, 47, 50, 51, 52, 46, 42))	3drg_ligand
((102, 97, 98, 96, 99, 100, 101, 95, 93),)	3ds0_ligand
((102, 97, 98, 96, 99, 100, 101, 95, 93),)	3ds3_ligand
((102, 97, 98, 96, 99, 100, 101, 95, 93),)	3ds4_ligand
((11, 10, 19, 9, 8, 7, 6, 5, 3),)	3dux_ligand
((63, 58, 59, 57, 60, 61, 62, 56, 52),)	3dvp_ligand
((31, 11, 18, 32, 0, 34, 1, 33, 6),)	3e0p_ligand
((34, 29, 30, 28, 31, 32, 33, 27, 25), (41, 36, 37, 35, 38, 39, 40, 34, 29), (60, 55, 56, 54, 57, 58, 59, 53, 43), (86, 81, 82, 80, 83, 84, 85, 79, 69))	3e1r_ligand
((24, 20, 21, 17, 18, 19, 16, 15, 0),)	3eq7_ligand
((28, 23, 24, 22, 25, 26, 27, 21, 0),)	3eq8_ligand
((31, 26, 27, 25, 28, 29, 30, 24, 0),)	3eq9_ligand
((101, 96, 97, 95, 98, 99, 100, 94, 90),)	3eqy_ligand
((24, 19, 20, 18, 21, 22, 23, 17, 9),)	3er5_ligand
((30, 25, 26, 24, 27, 28, 29, 23, 19), (42, 37, 38, 36, 39, 40, 41, 35, 32))	3ery_ligand
((16, 11, 12, 10, 13, 14, 15, 9, 7),)	3eu7_ligand
((33, 31, 32, 25, 26, 27, 24, 23, 21),)	3eyd_ligand
((23, 21, 22, 20, 19, 18, 17, 10, 8),)	3eyl_ligand
((14, 13, 22, 12, 11, 10, 9, 8, 6),)	3f68_ligand
((20, 17, 18, 13, 14, 15, 16, 12, 10),)	3f7g_ligand
((51, 46, 47, 45, 48, 49, 50, 44, 39),)	3g2s_ligand
((40, 35, 36, 34, 37, 38, 39, 33, 28),)	3g2t_ligand
((17, 12, 13, 11, 14, 15, 16, 10, 5), (24, 19, 20, 18, 21, 22, 23, 17, 12), (31, 26, 27, 25, 28, 29, 30, 24, 19), (45, 40, 41, 39, 42, 43, 44, 38, 33), (52, 47, 48, 46, 49, 50, 51, 45, 40))	3gbq_ligand
((68, 63, 64, 62, 65, 66, 67, 61, 59),)	3ghe_ligand
((27, 22, 23, 21, 24, 25, 26, 20, 13),)	3gjt_ligand
((117, 112, 113, 111, 114, 115, 116, 110, 106),)	3h1z_ligand
((52, 47, 48, 46, 49, 50, 51, 45, 41),)	3h85_ligand
((10, 5, 6, 4, 7, 8, 9, 3, 0),)	3hik_ligand
((24, 22, 23, 21, 19, 18, 17, 16, 1),)	3hl5_ligand
((101, 96, 97, 95, 98, 99, 100, 94, 82),)	3hs8_ligand
((94, 89, 90, 88, 91, 92, 93, 87, 75),)	3hs9_ligand
((27, 22, 23, 21, 24, 25, 26, 20, 11), (42, 37, 38, 36, 39, 40, 41, 35, 29), (49, 44, 45, 43, 46, 47, 48, 42, 37), (64, 59, 60, 58, 61, 62, 63, 57, 51))	3i5r_ligand
((24, 23, 25, 21, 20, 19, 18, 22, 17),)	3i81_ligand
((41, 36, 37, 35, 38, 39, 40, 34, 27), (48, 43, 44, 42, 45, 46, 47, 41, 36))	3iet_ligand
()	3ip6_ligand
((51, 46, 47, 45, 48, 49, 50, 44, 39),)	3iqj_ligand
((142, 137, 138, 136, 139, 140, 141, 135, 132),)	3isw_ligand
((41, 36, 37, 35, 38, 39, 40, 34, 31),)	3iux_ligand
()	3ivq_ligand
((43, 41, 42, 37, 38, 39, 40, 36, 34),)	3iwy_ligand
((17, 12, 13, 11, 14, 15, 16, 10, 4),)	3k0h_ligand
((17, 12, 13, 11, 14, 15, 16, 10, 4),)	3k0k_ligand
((17, 12, 13, 11, 14, 15, 16, 10, 4),)	3k15_ligand
((17, 12, 13, 11, 14, 15, 16, 10, 4),)	3k16_ligand
((17, 45, 15, 44, 43, 42, 41, 14, 40),)	3k23_ligand
((45, 40, 41, 39, 42, 43, 44, 38, 32), (97, 92, 93, 91, 94, 95, 96, 90, 84))	3k48_ligand
((27, 22, 23, 21, 24, 25, 26, 20, 11), (34, 29, 30, 28, 31, 32, 33, 27, 22))	3kl8_ligand
((30, 25, 26, 24, 27, 28, 29, 23, 17), (87, 82, 83, 81, 84, 85, 86, 80, 74))	3ktr_ligand
()	3l3q_ligand
((12, 7, 8, 6, 9, 10, 11, 5, 2), (19, 14, 15, 13, 16, 17, 18, 12, 7), (108, 103, 104, 102, 105, 106, 107, 101, 97), (115, 110, 111, 109, 112, 113, 114, 108, 103))	3l6f_ligand
()	3lbl_ligand
((9, 8, 20, 7, 6, 5, 4, 0, 1),)	3ljj_ligand
((9, 8, 20, 7, 6, 5, 4, 0, 1),)	3ljo_ligand
((16, 11, 12, 10, 13, 14, 15, 9, 2),)	3ll8_ligand
((28, 26, 27, 20, 21, 22, 19, 18, 16),)	3lox_ligand
((17, 12, 13, 11, 14, 15, 16, 10, 7),)	3lpr_ligand
((27, 22, 23, 21, 24, 25, 26, 20, 14),)	3luo_ligand
((102, 97, 98, 96, 99, 100, 101, 95, 85),)	3m17_ligand
((25, 20, 21, 19, 22, 23, 24, 18, 10), (40, 35, 36, 34, 37, 38, 39, 33, 27))	3ml4_ligand
((44, 39, 40, 38, 41, 42, 43, 37, 31),)	3mxc_ligand
((42, 37, 38, 36, 39, 40, 41, 35, 29),)	3mxy_ligand
((11, 0, 2, 7, 8, 10, 9, 1, 3),)	3n2c_ligand
((48, 43, 44, 42, 45, 46, 47, 41, 36),)	3nkx_ligand
((5, 12, 3, 1, 9, 7, 4, 2, 11),)	3ntp_ligand
((16, 11, 12, 10, 13, 14, 15, 9, 2), (38, 33, 34, 32, 35, 36, 37, 31, 25), (71, 66, 67, 65, 68, 69, 70, 64, 57), (111, 106, 107, 105, 108, 109, 110, 104, 96))	3o6l_ligand
((40, 35, 36, 34, 37, 38, 39, 33, 26), (80, 75, 76, 74, 77, 78, 79, 73, 65))	3o6m_ligand
((90, 85, 86, 84, 87, 88, 89, 83, 81),)	3ob1_ligand
((92, 87, 88, 86, 89, 90, 91, 85, 79),)	3ob2_ligand
((21, 16, 17, 15, 18, 19, 20, 14, 9), (39, 34, 35, 33, 36, 37, 38, 32, 29), (53, 48, 49, 47, 50, 51, 52, 46, 41))	3obq_ligand
((23, 18, 19, 17, 20, 21, 22, 16, 9), (42, 37, 38, 36, 39, 40, 41, 35, 32), (49, 44, 45, 43, 46, 47, 48, 42, 37))	3obu_ligand
((40, 35, 36, 34, 37, 38, 39, 33, 30), (47, 42, 43, 41, 44, 45, 46, 40, 35))	3obx_ligand
((80, 78, 79, 74, 75, 76, 77, 73, 66), (87, 82, 83, 81, 84, 85, 86, 80, 78), (149, 147, 148, 143, 144, 145, 146, 142, 140))	3oe0_ligand
((19, 17, 18, 14, 13, 12, 16, 15, 34),)	3oyp_ligand
((33, 34, 7, 41, 29, 28, 40, 44, 35),)	3oz1_ligand
((18, 13, 14, 12, 15, 16, 17, 11, 2),)	3p17_ligand
((48, 16, 17, 18, 19, 20, 21, 22, 14),)	3p8n_ligand
((47, 16, 17, 18, 19, 20, 21, 22, 14),)	3p8o_ligand
((10, 5, 6, 4, 7, 8, 9, 3, 0), (39, 19, 21, 30, 31, 33, 32, 20, 12), (58, 53, 54, 52, 55, 56, 57, 51, 48), (65, 60, 61, 59, 62, 63, 64, 58, 53))	3p9h_ligand
((23, 18, 19, 17, 20, 21, 22, 16, 10),)	3pkn_ligand
((125, 120, 121, 119, 122, 123, 124, 118, 115),)	3plu_ligand
((19, 14, 15, 13, 16, 17, 18, 12, 9),)	3poa_ligand
((91, 86, 87, 85, 88, 89, 90, 84, 75),)	3pqz_ligand
((30, 25, 26, 24, 27, 28, 29, 23, 17),)	3pxe_ligand
((55, 50, 51, 49, 52, 53, 54, 48, 38),)	3q6s_ligand
((15, 10, 11, 9, 12, 13, 14, 8, 2),)	3q8d_ligand
((7, 0, 2, 3, 4, 5, 26, 1, 16),)	3qj0_ligand
((16, 11, 12, 10, 13, 14, 15, 9, 2), (23, 18, 19, 17, 20, 21, 22, 16, 11), (50, 45, 46, 44, 47, 48, 49, 43, 37), (68, 63, 64, 62, 65, 66, 67, 61, 52))	3qnj_ligand
((26, 21, 22, 20, 23, 24, 25, 19, 13),)	3qsd_ligand
((19, 0, 2, 3, 4, 6, 5, 1, 16),)	3qt6_ligand
((25, 13, 14, 12, 15, 16, 17, 11, 2),)	3qto_ligand
((18, 13, 14, 12, 15, 16, 17, 11, 2),)	3qtv_ligand
((25, 13, 14, 12, 15, 16, 17, 11, 2),)	3qwc_ligand
((19, 13, 14, 12, 15, 16, 17, 11, 2),)	3qx5_ligand
((75, 70, 71, 69, 72, 73, 74, 68, 63),)	3qxd_ligand
((23, 18, 19, 17, 20, 21, 22, 16, 11), (44, 39, 40, 38, 41, 42, 43, 37, 31))	3r42_ligand
((37, 25, 27, 28, 29, 31, 30, 26, 20),)	3rjm_ligand
((10, 5, 6, 4, 7, 8, 9, 3, 0),)	3rq7_ligand
((17, 12, 13, 11, 14, 15, 16, 10, 4), (52, 47, 48, 46, 49, 50, 51, 45, 39), (76, 71, 72, 70, 73, 74, 75, 69, 63), (111, 106, 107, 105, 108, 109, 110, 104, 98))	3rtx_ligand
((38, 33, 34, 32, 35, 36, 37, 31, 21),)	3rwc_ligand
((38, 33, 34, 32, 35, 36, 37, 31, 21),)	3rwd_ligand
((68, 63, 64, 62, 65, 66, 67, 61, 55),)	3rwf_ligand
((25, 20, 21, 19, 22, 23, 24, 18, 10),)	3rwg_ligand
((60, 55, 56, 54, 57, 58, 59, 53, 46),)	3rwh_ligand
((2, 8, 5, 7, 10, 0, 3, 4, 6),)	3rxk_ligand
((18, 13, 14, 12, 15, 16, 17, 11, 2),)	3sha_ligand
((24, 13, 14, 12, 15, 16, 17, 11, 2),)	3shc_ligand
((18, 13, 14, 12, 15, 16, 17, 11, 2),)	3si3_ligand
((18, 13, 14, 12, 15, 16, 17, 11, 2),)	3si4_ligand
((15, 10, 11, 9, 12, 13, 14, 8, 2),)	3sov_ligand
((6, 26, 20, 30, 42, 45, 49, 15, 48),)	3su0_ligand
((6, 26, 20, 30, 42, 45, 49, 15, 48),)	3su1_ligand
((6, 26, 20, 30, 42, 45, 49, 15, 48),)	3su2_ligand
((20, 0, 2, 3, 4, 5, 51, 1, 6),)	3su3_ligand
((20, 0, 2, 3, 4, 5, 51, 1, 6),)	3su4_ligand
((20, 0, 2, 3, 4, 5, 51, 1, 6),)	3su5_ligand
((20, 0, 2, 3, 4, 5, 51, 1, 6),)	3su6_ligand
((43, 18, 17, 48, 47, 51, 50, 49, 0),)	3sud_ligand
((43, 18, 17, 48, 47, 51, 50, 49, 0),)	3sue_ligand
((43, 18, 17, 48, 47, 51, 50, 49, 0),)	3suf_ligand
((43, 18, 17, 48, 47, 51, 50, 49, 0),)	3sug_ligand
((24, 13, 14, 12, 15, 16, 17, 11, 2),)	3sv2_ligand
((37, 26, 28, 29, 30, 31, 34, 27, 24),)	3sv6_ligand
((37, 26, 28, 29, 30, 31, 34, 27, 24),)	3sv7_ligand
((37, 26, 28, 29, 30, 31, 34, 27, 24),)	3sv8_ligand
((37, 26, 28, 29, 30, 31, 34, 27, 24),)	3sv9_ligand
((23, 18, 19, 17, 20, 21, 22, 16, 10),)	3sxu_ligand
((33, 28, 29, 27, 30, 31, 32, 26, 16),)	3t6b_ligand
((33, 28, 29, 27, 30, 31, 32, 26, 16),)	3t6j_ligand
((30, 25, 26, 24, 27, 28, 29, 23, 19), (48, 43, 44, 42, 45, 46, 47, 41, 32))	3tf7_ligand
((45, 40, 41, 39, 42, 43, 44, 38, 33),)	3tfk_ligand
((13, 8, 9, 7, 10, 11, 12, 6, 2),)	3tjh_ligand
((56, 51, 52, 50, 53, 54, 55, 49, 44),)	3tkz_ligand
((32, 27, 28, 26, 29, 30, 31, 25, 21),)	3tpu_ligand
((22, 17, 18, 16, 19, 20, 21, 15, 6),)	3tu7_ligand
((41, 36, 37, 35, 38, 39, 40, 34, 30), (48, 43, 44, 42, 45, 46, 47, 41, 36))	3twr_ligand
((30, 25, 26, 24, 27, 28, 29, 23, 14), (37, 32, 33, 31, 34, 35, 36, 30, 25), (44, 39, 40, 38, 41, 42, 43, 37, 32), (85, 79, 80, 78, 81, 82, 83, 77, 72))	3twu_ligand
((43, 38, 39, 37, 40, 41, 42, 36, 29),)	3twv_ligand
((42, 37, 38, 36, 39, 40, 41, 35, 31),)	3tww_ligand
((42, 37, 38, 36, 39, 40, 41, 35, 31),)	3twx_ligand
((19, 14, 15, 13, 16, 17, 18, 12, 2),)	3tzd_ligand
()	3u92_ligand
((54, 49, 50, 48, 51, 52, 53, 47, 40),)	3ual_ligand
()	3udj_ligand
()	3udk_ligand
()	3udm_ligand
()	3udn_ligand
()	3udp_ligand
()	3udq_ligand
()	3udr_ligand
()	3udy_ligand
((30, 25, 26, 24, 27, 28, 29, 23, 20), (37, 32, 33, 31, 34, 35, 36, 30, 25))	3ui2_ligand
((19, 14, 15, 13, 16, 17, 18, 12, 7),)	3uih_ligand
((19, 14, 15, 13, 16, 17, 18, 12, 7),)	3uij_ligand
()	3upv_ligand
((68, 69, 64, 70, 66, 65, 67, 71, 53),)	3uqp_ligand
((69, 70, 65, 71, 67, 66, 68, 72, 54),)	3uqr_ligand
()	3uri_ligand
((36, 31, 32, 30, 33, 34, 35, 29, 12),)	3utu_ligand
((48, 43, 44, 42, 45, 46, 47, 41, 34),)	3uvk_ligand
((47, 42, 43, 41, 44, 45, 46, 40, 33),)	3uvl_ligand
((56, 51, 52, 50, 53, 54, 55, 49, 42), (72, 67, 68, 66, 69, 70, 71, 65, 58))	3uvu_ligand
((23, 18, 19, 17, 20, 21, 22, 16, 8),)	3uw4_ligand
((23, 18, 19, 17, 20, 21, 22, 16, 8),)	3uw5_ligand
((47, 42, 43, 41, 44, 45, 46, 40, 36), (68, 63, 64, 62, 65, 66, 67, 61, 55), (118, 113, 114, 112, 115, 116, 117, 111, 105))	3uxg_ligand
((16, 11, 12, 10, 13, 14, 15, 9, 2), (37, 32, 33, 31, 34, 35, 36, 30, 27))	3uyr_ligand
((13, 8, 9, 7, 10, 11, 12, 6, 2), (38, 33, 34, 32, 35, 36, 37, 31, 25))	3uzd_ligand
((12, 7, 8, 6, 9, 10, 11, 5, 2), (34, 29, 30, 28, 31, 32, 33, 27, 21), (58, 53, 54, 52, 55, 56, 57, 51, 45))	3v2o_ligand
((23, 18, 19, 17, 20, 21, 22, 16, 10), (45, 40, 41, 39, 42, 43, 44, 38, 32), (69, 64, 65, 63, 66, 67, 68, 62, 56))	3v2x_ligand
((43, 38, 39, 37, 40, 41, 42, 36, 30), (50, 45, 46, 44, 47, 48, 49, 43, 38), (65, 60, 61, 59, 62, 63, 64, 58, 52))	3v30_ligand
((18, 13, 14, 12, 15, 16, 17, 11, 5), (58, 53, 54, 52, 55, 56, 57, 51, 47), (79, 74, 75, 73, 76, 77, 78, 72, 66), (129, 124, 125, 123, 126, 127, 128, 122, 116))	3v31_ligand
((55, 50, 51, 49, 52, 53, 54, 48, 42),)	3v7d_ligand
((7, 8, 9, 1, 2, 3, 4, 0, 14),)	3veu_ligand
((6, 4, 5, 3, 9, 10, 11, 2, 1),)	3vzv_ligand
((40, 35, 36, 34, 37, 38, 39, 33, 27),)	3wdz_ligand
((15, 10, 11, 9, 12, 13, 14, 8, 2),)	3wsy_ligand
((31, 26, 27, 25, 28, 29, 30, 24, 22), (38, 33, 34, 32, 35, 36, 37, 31, 26), (87, 82, 83, 81, 84, 85, 86, 80, 74), (94, 89, 90, 88, 91, 92, 93, 87, 82))	3wut_ligand
((39, 34, 35, 33, 36, 37, 38, 32, 30), (46, 41, 42, 40, 43, 44, 45, 39, 34), (87, 82, 83, 81, 84, 85, 86, 80, 70))	3wuu_ligand
((34, 29, 30, 28, 31, 32, 33, 27, 25), (41, 36, 37, 35, 38, 39, 40, 34, 29), (60, 55, 56, 54, 57, 58, 59, 53, 43), (94, 89, 90, 88, 91, 92, 93, 87, 81), (101, 96, 97, 95, 98, 99, 100, 94, 89))	3wuv_ligand
((37, 32, 33, 31, 34, 35, 36, 30, 21),)	3zev_ligand
((10, 5, 6, 4, 7, 8, 9, 3, 0), (17, 12, 13, 11, 14, 15, 16, 10, 5), (28, 23, 24, 22, 25, 26, 27, 21, 19), (35, 30, 31, 29, 32, 33, 34, 28, 23), (46, 41, 42, 40, 43, 44, 45, 39, 37), (64, 59, 60, 58, 61, 62, 63, 57, 55), (86, 81, 82, 80, 83, 84, 85, 79, 77), (93, 88, 89, 87, 90, 91, 92, 86, 81), (104, 99, 100, 98, 101, 102, 103, 97, 95), (111, 106, 107, 105, 108, 109, 110, 104, 99))	3zha_ligand
()	3zhf_ligand
((57, 52, 53, 51, 54, 55, 56, 50, 43),)	3zmq_ligand
()	3zmt_ligand
()	3zmu_ligand
()	3zmv_ligand
()	3zmz_ligand
()	3zn0_ligand
()	3zn1_ligand
((17, 15, 16, 14, 13, 11, 10, 9, 7),)	3zrc_ligand
((17, 15, 16, 14, 13, 11, 10, 9, 7),)	3ztc_ligand
((17, 15, 16, 14, 13, 11, 10, 9, 7),)	3ztd_ligand
((16, 11, 12, 10, 13, 14, 15, 9, 2),)	3zyb_ligand
((23, 18, 19, 17, 20, 21, 22, 16, 10),)	4a2a_ligand
((48, 43, 44, 42, 45, 46, 47, 41, 36), (64, 59, 60, 58, 61, 62, 63, 57, 50))	4a4c_ligand
((37, 32, 33, 31, 34, 35, 36, 30, 22),)	4aa1_ligand
((18, 13, 14, 12, 15, 16, 17, 11, 2), (42, 37, 38, 36, 39, 40, 41, 35, 29), (49, 44, 45, 43, 46, 47, 48, 42, 37))	4aa2_ligand
((61, 56, 57, 55, 58, 59, 60, 54, 40),)	4abj_ligand
((30, 11, 12, 13, 14, 15, 16, 21, 9),)	4amy_ligand
((24, 13, 14, 12, 15, 16, 17, 11, 9),)	4an0_ligand
((25, 12, 13, 11, 14, 15, 16, 10, 0),)	4an1_ligand
((32, 27, 28, 26, 29, 30, 31, 25, 19),)	4aom_ligand
()	4apr_ligand
((2, 1, 0, 3, 10, 9, 8, 4, 5),)	4avs_ligand
((7, 5, 6, 1, 2, 3, 4, 0, 8), (23, 21, 22, 17, 18, 19, 20, 16, 14))	4avt_ligand
((5, 4, 7, 3, 2, 1, 12, 8, 9),)	4awj_ligand
((10, 8, 9, 4, 5, 6, 7, 3, 0),)	4ayu_ligand
((40, 35, 36, 34, 37, 38, 39, 33, 24), (60, 55, 56, 54, 57, 58, 59, 53, 46), (91, 86, 87, 85, 88, 89, 90, 84, 77), (98, 93, 94, 92, 95, 96, 97, 91, 86))	4b4n_ligand
((17, 12, 13, 11, 14, 15, 16, 10, 6), (24, 19, 20, 18, 21, 22, 23, 17, 12))	4b8o_ligand
((5, 4, 14, 3, 2, 1, 25, 15, 16),)	4b95_ligand
((9, 8, 23, 7, 24, 25, 27, 6, 5),)	4b9k_ligand
()	4bbf_ligand
((21, 12, 11, 13, 14, 15, 19, 20, 9),)	4bcb_ligand
((32, 14, 15, 13, 16, 17, 12, 11, 9),)	4bcc_ligand
((30, 27, 28, 26, 25, 23, 24, 29, 9),)	4bcd_ligand
((11, 9, 10, 8, 7, 5, 4, 3, 1),)	4bks_ligand
((10, 9, 12, 8, 13, 14, 15, 7, 6),)	4bkt_ligand
()	4bs5_ligand
((14, 9, 10, 8, 11, 12, 13, 7, 2), (25, 20, 21, 19, 22, 23, 24, 18, 16), (32, 27, 28, 26, 29, 30, 31, 25, 20), (43, 38, 39, 37, 40, 41, 42, 36, 34), (50, 45, 46, 44, 47, 48, 49, 43, 38))	4bt9_ligand
((14, 9, 10, 8, 11, 12, 13, 7, 2), (21, 16, 17, 15, 18, 19, 20, 14, 9), (28, 23, 24, 22, 25, 26, 27, 21, 16), (35, 30, 31, 29, 32, 33, 34, 28, 23), (42, 37, 38, 36, 39, 40, 41, 35, 30), (49, 44, 45, 43, 46, 47, 48, 42, 37), (56, 51, 52, 50, 53, 54, 55, 49, 44), (63, 58, 59, 57, 60, 61, 62, 56, 51))	4btb_ligand
((2, 1, 0, 3, 4, 5, 6, 7, 8),)	4c1c_ligand
((10, 8, 9, 7, 13, 12, 11, 6, 1),)	4c1d_ligand
((2, 1, 0, 3, 4, 5, 6, 7, 8),)	4c1e_ligand
((10, 8, 9, 7, 13, 12, 11, 6, 1),)	4c1f_ligand
((2, 1, 0, 3, 4, 5, 6, 7, 8),)	4c1g_ligand
((10, 8, 9, 7, 13, 12, 11, 6, 1),)	4c1h_ligand
((14, 9, 10, 8, 11, 12, 13, 7, 2), (21, 16, 17, 15, 18, 19, 20, 14, 9), (41, 36, 37, 35, 38, 39, 40, 34, 28), (65, 60, 61, 59, 62, 63, 64, 58, 55))	4cc2_ligand
((14, 9, 10, 8, 11, 12, 13, 7, 2), (21, 16, 17, 15, 18, 19, 20, 14, 9), (28, 23, 24, 22, 25, 26, 27, 21, 16), (43, 38, 39, 37, 40, 41, 42, 36, 30), (60, 55, 56, 54, 57, 58, 59, 53, 51))	4cc3_ligand
((14, 9, 10, 8, 11, 12, 13, 7, 2), (34, 29, 30, 28, 31, 32, 33, 27, 21), (58, 53, 54, 52, 55, 56, 57, 51, 48))	4cc7_ligand
((24, 19, 20, 18, 21, 22, 23, 17, 12),)	4cdr_ligand
((79, 74, 75, 73, 76, 77, 78, 72, 58),)	4ch2_ligand
((70, 65, 66, 64, 67, 68, 69, 63, 54),)	4cy1_ligand
((21, 5, 6, 4, 9, 8, 7, 3, 0),)	4dfw_ligand
((18, 13, 14, 12, 15, 16, 17, 11, 9), (33, 28, 29, 27, 30, 31, 32, 26, 20))	4dgb_ligand
((32, 27, 28, 26, 29, 30, 31, 25, 13),)	4djs_ligand
((19, 0, 2, 3, 4, 6, 5, 1, 16),)	4dpy_ligand
((19, 0, 2, 3, 4, 6, 5, 1, 16),)	4du8_ligand
((66, 67, 62, 68, 64, 63, 65, 69, 51),)	4dv9_ligand
((67, 68, 63, 69, 65, 64, 66, 70, 53),)	4dvf_ligand
((70, 65, 66, 64, 67, 68, 69, 63, 57),)	4dx9_ligand
()	4e0w_ligand
()	4e0x_ligand
((51, 46, 47, 45, 48, 49, 50, 44, 32),)	4e34_ligand
((32, 27, 28, 26, 29, 30, 31, 25, 13),)	4e35_ligand
((38, 33, 34, 32, 35, 36, 37, 31, 19),)	4e3b_ligand
((10, 2, 9, 8, 0, 3, 7, 6, 1),)	4e5w_ligand
((17, 12, 13, 11, 14, 15, 16, 10, 0),)	4e67_ligand
((18, 13, 14, 12, 15, 16, 17, 11, 2), (52, 47, 48, 46, 49, 50, 51, 45, 39), (70, 65, 66, 64, 67, 68, 69, 63, 54))	4e81_ligand
((14, 9, 10, 8, 11, 12, 13, 7, 2),)	4e9c_ligand
((28, 23, 24, 22, 25, 26, 27, 21, 15), (35, 30, 31, 29, 32, 33, 34, 28, 23))	4e9d_ligand
((17, 13, 3, 14, 15, 16, 18, 26, 19),)	4ea3_ligand
((56, 61, 10, 76, 47, 45, 74, 82, 63), (57, 62, 11, 77, 48, 46, 75, 83, 64))	4eb9_ligand
((56, 61, 10, 76, 47, 45, 74, 82, 63), (57, 62, 11, 77, 48, 46, 75, 83, 64))	4ec4_ligand
((23, 8, 27, 17, 13, 12, 16, 22, 9),)	4eox_ligand
((53, 48, 49, 47, 50, 51, 52, 46, 40),)	4eoy_ligand
()	4epy_ligand
((24, 19, 20, 18, 21, 22, 23, 17, 9),)	4er4_ligand
((23, 18, 19, 17, 20, 21, 22, 16, 10), (78, 73, 74, 72, 75, 76, 77, 71, 64))	4erq_ligand
((22, 17, 18, 16, 19, 20, 21, 15, 9), (77, 72, 73, 71, 74, 75, 76, 70, 63))	4ery_ligand
((20, 15, 16, 14, 17, 18, 19, 13, 7),)	4erz_ligand
((16, 11, 12, 10, 13, 14, 15, 9, 2), (23, 18, 19, 17, 20, 21, 22, 16, 11), (46, 41, 42, 40, 43, 44, 45, 39, 33))	4esg_ligand
((15, 10, 11, 9, 12, 13, 14, 8, 5),)	4est_ligand
((10, 8, 9, 7, 13, 12, 11, 6, 1),)	4exs_ligand
((14, 9, 10, 8, 11, 12, 13, 7, 2), (41, 36, 37, 35, 38, 39, 40, 34, 28), (59, 54, 55, 53, 56, 57, 58, 52, 43))	4ezo_ligand
((14, 9, 10, 8, 11, 12, 13, 7, 2), (32, 27, 28, 26, 29, 30, 31, 25, 16))	4ezq_ligand
((23, 18, 19, 17, 20, 21, 22, 16, 8), (41, 36, 37, 35, 38, 39, 40, 34, 25))	4ezr_ligand
((36, 31, 32, 30, 33, 34, 35, 29, 20),)	4ezt_ligand
((24, 19, 20, 18, 21, 22, 23, 17, 11),)	4ezz_ligand
((14, 9, 10, 8, 11, 12, 13, 7, 2), (21, 16, 17, 15, 18, 19, 20, 14, 9), (43, 38, 39, 37, 40, 41, 42, 36, 30), (59, 54, 55, 53, 56, 57, 58, 52, 45), (76, 71, 72, 70, 73, 74, 75, 69, 66))	4f14_ligand
()	4f39_ligand
((30, 25, 26, 24, 27, 28, 29, 23, 13), (95, 90, 91, 89, 92, 93, 94, 88, 86), (102, 97, 98, 96, 99, 100, 101, 95, 90), (109, 104, 105, 103, 106, 107, 108, 102, 97))	4fi9_ligand
((44, 39, 40, 38, 41, 42, 43, 37, 29),)	4fys_ligand
((64, 59, 60, 58, 61, 62, 63, 57, 55), (71, 66, 67, 65, 68, 69, 70, 64, 59))	4glr_ligand
((28, 23, 24, 22, 25, 26, 27, 21, 14),)	4gpk_ligand
((33, 28, 29, 27, 30, 31, 32, 26, 21), (49, 44, 45, 43, 46, 47, 48, 42, 35))	4gpl_ligand
((65, 60, 61, 59, 62, 63, 64, 58, 49), (88, 83, 84, 82, 85, 86, 87, 81, 72))	4gq6_ligand
((15, 10, 11, 9, 12, 13, 14, 8, 2), (63, 58, 59, 57, 60, 61, 62, 56, 50))	4gxl_ligand
()	4gxs_ligand
((30, 25, 26, 24, 27, 28, 29, 23, 14),)	4h39_ligand
((32, 27, 28, 26, 29, 30, 31, 25, 16), (73, 68, 69, 67, 70, 71, 72, 66, 60))	4h3b_ligand
((32, 27, 28, 26, 29, 30, 31, 25, 18), (54, 49, 50, 48, 51, 52, 53, 47, 41))	4h3q_ligand
((95, 90, 91, 89, 92, 93, 94, 88, 82),)	4hfz_ligand
((58, 53, 54, 52, 55, 56, 57, 51, 45), (65, 60, 61, 59, 62, 63, 64, 58, 53))	4hgc_ligand
((19, 14, 15, 13, 16, 17, 18, 12, 7),)	4htp_ligand
((49, 44, 45, 43, 46, 47, 48, 42, 33), (67, 62, 63, 61, 64, 65, 66, 60, 51))	4hy9_ligand
((46, 41, 42, 40, 43, 44, 45, 39, 33), (64, 59, 60, 58, 61, 62, 63, 57, 48))	4hyb_ligand
((20, 15, 16, 14, 17, 18, 19, 13, 11),)	4i2w_ligand
((26, 21, 22, 20, 23, 24, 25, 19, 10), (72, 67, 68, 66, 69, 70, 71, 65, 56))	4i7b_ligand
((35, 30, 31, 29, 32, 33, 34, 28, 19), (85, 80, 81, 79, 82, 83, 84, 78, 69))	4i7c_ligand
((38, 33, 34, 32, 35, 36, 37, 31, 22), (84, 78, 79, 77, 80, 81, 82, 76, 67))	4i7d_ligand
((39, 76, 77, 75, 78, 79, 80, 74, 65), (58, 53, 54, 52, 55, 56, 57, 51, 42))	4i80_ligand
((28, 23, 24, 22, 25, 26, 27, 21, 15),)	4ifi_ligand
((28, 23, 24, 22, 25, 26, 27, 21, 15),)	4igk_ligand
((20, 15, 16, 14, 17, 18, 19, 13, 11),)	4iho_ligand
((38, 33, 34, 32, 35, 36, 37, 31, 22),)	4in9_ligand
((47, 42, 43, 41, 44, 45, 46, 40, 30),)	4is6_ligand
((28, 23, 24, 22, 25, 26, 27, 21, 13),)	4j24_ligand
((17, 12, 13, 11, 14, 15, 16, 10, 2), (95, 90, 91, 89, 92, 93, 94, 88, 80))	4j26_ligand
((19, 14, 15, 13, 16, 17, 18, 12, 7),)	4j46_ligand
((20, 15, 16, 14, 17, 18, 19, 13, 8),)	4j47_ligand
((16, 11, 12, 10, 13, 14, 15, 9, 2),)	4j81_ligand
((81, 76, 77, 75, 78, 79, 80, 74, 68),)	4j8g_ligand
((65, 60, 61, 59, 62, 63, 64, 58, 51),)	4j8r_ligand
((37, 32, 33, 31, 34, 35, 36, 30, 24),)	4j8s_ligand
((85, 80, 81, 79, 82, 83, 84, 78, 69),)	4jmh_ligand
((42, 37, 38, 36, 39, 40, 41, 35, 32),)	4joe_ligand
((26, 21, 22, 20, 23, 24, 25, 19, 13),)	4jof_ligand
((31, 26, 27, 25, 28, 29, 30, 24, 19),)	4jog_ligand
()	4joh_ligand
((35, 30, 31, 29, 32, 33, 34, 28, 19),)	4joj_ligand
((44, 39, 40, 38, 41, 42, 43, 37, 27),)	4jok_ligand
((26, 25, 3, 24, 27, 28, 29, 23, 2),)	4jps_ligand
()	4jrg_ligand
()	4jsc_ligand
((38, 33, 34, 32, 35, 36, 37, 31, 19),)	4k76_ligand
((20, 34, 35, 33, 36, 37, 38, 32, 8),)	4ktc_ligand
((63, 58, 59, 57, 60, 61, 62, 56, 46),)	4ktu_ligand
((39, 34, 35, 33, 36, 37, 38, 32, 30),)	4l1u_ligand
((19, 14, 15, 13, 16, 17, 18, 12, 7), (41, 36, 37, 35, 38, 39, 40, 34, 28), (63, 58, 59, 57, 60, 61, 62, 56, 50))	4lg6_ligand
((10, 5, 6, 4, 7, 8, 9, 3, 0),)	4lkl_ligand
((10, 5, 6, 4, 7, 8, 9, 3, 0),)	4lkm_ligand
((20, 15, 16, 14, 17, 18, 19, 13, 10), (27, 22, 23, 21, 24, 25, 26, 20, 15), (43, 38, 39, 37, 40, 41, 42, 36, 29), (50, 45, 46, 44, 47, 48, 49, 43, 38), (65, 60, 61, 59, 62, 63, 64, 58, 52))	4ln2_ligand
((12, 7, 8, 6, 9, 10, 11, 5, 2), (19, 14, 15, 13, 16, 17, 18, 12, 7), (26, 21, 22, 20, 23, 24, 25, 19, 14), (44, 39, 40, 38, 41, 42, 43, 37, 28), (51, 46, 47, 45, 48, 49, 50, 44, 39), (58, 53, 54, 52, 55, 56, 57, 51, 46), (65, 60, 61, 59, 62, 63, 64, 58, 53))	4lnp_ligand
((71, 66, 67, 65, 68, 69, 70, 64, 59),)	4lp9_ligand
()	4lwu_ligand
()	4lwv_ligand
((54, 49, 50, 48, 51, 52, 53, 47, 45),)	4m1d_ligand
((92, 87, 88, 86, 89, 90, 91, 85, 82),)	4m7c_ligand
((45, 40, 41, 39, 42, 43, 44, 38, 32),)	4mji_ligand
((96, 91, 92, 90, 93, 94, 95, 89, 85),)	4mnv_ligand
((59, 54, 55, 53, 56, 57, 58, 52, 48), (66, 61, 62, 60, 63, 64, 65, 59, 54), (80, 75, 76, 74, 77, 78, 79, 73, 68))	4mny_ligand
((22, 20, 21, 19, 18, 17, 16, 15, 13), (31, 29, 30, 28, 27, 26, 25, 22, 20), (44, 36, 37, 35, 34, 33, 32, 31, 29), (47, 45, 46, 43, 42, 41, 40, 44, 36))	4my6_ligand
((13, 8, 9, 7, 10, 11, 12, 6, 2), (62, 57, 58, 56, 59, 60, 61, 55, 46))	4mz5_ligand
((49, 44, 45, 43, 46, 47, 48, 42, 33),)	4mz6_ligand
((35, 30, 31, 29, 32, 33, 34, 28, 22),)	4mzj_ligand
((35, 30, 31, 29, 32, 33, 34, 28, 22),)	4mzk_ligand
((21, 16, 17, 15, 18, 19, 20, 14, 11), (28, 23, 24, 22, 25, 26, 27, 21, 16))	4n7h_ligand
((32, 27, 28, 26, 29, 30, 31, 25, 13),)	4nmo_ligand
((30, 16, 17, 15, 18, 19, 20, 14, 2),)	4nmp_ligand
((49, 44, 45, 43, 46, 47, 48, 42, 40),)	4nmr_ligand
((21, 16, 17, 15, 18, 19, 20, 14, 2),)	4nms_ligand
((32, 27, 28, 26, 29, 30, 31, 25, 13),)	4nmt_ligand
((21, 16, 17, 15, 18, 19, 20, 14, 2),)	4nmv_ligand
((24, 3, 23, 0, 1, 2, 20, 21, 19),)	4nwk_ligand
()	4ny3_ligand
((42, 37, 38, 36, 39, 40, 41, 35, 25),)	4o3t_ligand
((37, 32, 33, 31, 34, 35, 36, 30, 26),)	4o3u_ligand
()	4o4y_ligand
((10, 5, 6, 4, 7, 8, 9, 3, 0),)	4od7_ligand
((67, 62, 63, 61, 64, 65, 66, 60, 55),)	4oz1_ligand
((23, 18, 19, 17, 20, 21, 22, 16, 13), (54, 49, 50, 48, 51, 52, 53, 47, 37))	4pg9_ligand
((23, 18, 19, 17, 20, 21, 22, 16, 13), (56, 51, 52, 50, 53, 54, 55, 49, 37))	4pgb_ligand
((23, 18, 19, 17, 20, 21, 22, 16, 13), (56, 51, 52, 50, 53, 54, 55, 49, 45))	4pgc_ligand
((23, 18, 19, 17, 20, 21, 22, 16, 13), (54, 49, 50, 48, 51, 52, 53, 47, 37))	4pgd_ligand
((23, 18, 19, 17, 20, 21, 22, 16, 13), (54, 49, 50, 48, 51, 52, 53, 47, 37))	4pge_ligand
((19, 14, 15, 13, 16, 17, 18, 12, 7),)	4pn1_ligand
()	4po7_ligand
((18, 16, 17, 11, 12, 13, 14, 10, 0),)	4pow_ligand
((18, 16, 17, 11, 12, 13, 14, 10, 0),)	4pp0_ligand
((17, 12, 13, 11, 14, 15, 16, 10, 2),)	4pr5_ligand
((17, 12, 13, 11, 14, 15, 16, 10, 2),)	4pra_ligand
((17, 12, 13, 11, 14, 15, 16, 10, 2),)	4prb_ligand
((17, 12, 13, 11, 14, 15, 16, 10, 2),)	4prd_ligand
((17, 12, 13, 11, 14, 15, 16, 10, 2),)	4pre_ligand
((17, 12, 13, 11, 14, 15, 16, 10, 2),)	4prh_ligand
((17, 12, 13, 11, 14, 15, 16, 10, 2),)	4pri_ligand
((17, 12, 13, 11, 14, 15, 16, 10, 2),)	4prn_ligand
((17, 12, 13, 11, 14, 15, 16, 10, 2),)	4prp_ligand
((30, 24, 25, 23, 26, 27, 28, 22, 15),)	4ps0_ligand
((30, 24, 25, 23, 26, 27, 28, 22, 15),)	4ps1_ligand
((42, 37, 38, 36, 39, 40, 41, 35, 26),)	4qbb_ligand
((32, 27, 28, 26, 29, 30, 31, 25, 22),)	4qc1_ligand
((85, 80, 81, 79, 82, 83, 84, 78, 72),)	4qh7_ligand
((43, 38, 39, 37, 40, 41, 42, 36, 30), (65, 60, 61, 59, 62, 63, 64, 58, 52))	4qqi_ligand
((45, 40, 41, 39, 42, 43, 44, 38, 24),)	4rh5_ligand
((10, 5, 6, 4, 7, 8, 9, 3, 0), (22, 17, 18, 16, 19, 20, 21, 15, 12))	4sga_ligand
((71, 66, 67, 65, 68, 69, 70, 64, 54),)	4tk1_ligand
((71, 66, 67, 65, 68, 69, 70, 64, 54),)	4tk2_ligand
((70, 65, 66, 64, 67, 68, 69, 63, 53),)	4tk3_ligand
((70, 65, 66, 64, 67, 68, 69, 63, 53),)	4tk4_ligand
((48, 43, 44, 42, 45, 46, 47, 41, 35),)	4tkn_ligand
()	4tky_ligand
((18, 13, 14, 12, 15, 16, 17, 11, 7), (25, 20, 21, 19, 22, 23, 24, 18, 13))	4twt_ligand
((57, 52, 53, 51, 54, 55, 56, 50, 46),)	4tzn_ligand
((35, 36, 37, 38, 14, 13, 43, 42, 40),)	4u01_ligand
((40, 35, 36, 34, 37, 38, 39, 33, 24), (60, 55, 56, 54, 57, 58, 59, 53, 46), (91, 86, 87, 85, 88, 89, 90, 84, 77), (98, 93, 94, 92, 95, 96, 97, 91, 86))	4u0a_ligand
((40, 35, 36, 34, 37, 38, 39, 33, 24), (56, 51, 52, 50, 53, 54, 55, 49, 46), (87, 82, 83, 81, 84, 85, 86, 80, 73), (94, 89, 90, 88, 91, 92, 93, 87, 82))	4u0b_ligand
((13, 8, 9, 7, 10, 11, 12, 6, 2),)	4u0c_ligand
((13, 8, 9, 7, 10, 11, 12, 6, 2),)	4u0d_ligand
((27, 52, 53, 51, 54, 55, 56, 50, 47), (36, 31, 32, 30, 33, 34, 35, 29, 24))	4u0g_ligand
((61, 56, 57, 55, 58, 59, 60, 54, 48), (68, 63, 64, 62, 65, 66, 67, 61, 56), (81, 76, 77, 75, 78, 79, 80, 74, 70))	4u2w_ligand
((71, 66, 67, 65, 68, 69, 70, 64, 54),)	4u90_ligand
((57, 52, 53, 51, 54, 55, 56, 50, 44),)	4u91_ligand
((53, 48, 49, 47, 50, 51, 52, 46, 40), (60, 55, 56, 54, 57, 58, 59, 53, 48), (67, 62, 63, 61, 64, 65, 66, 60, 55))	4uu5_ligand
((4, 5, 6, 38, 60, 59, 62, 7, 44),)	4uvb_ligand
((12, 7, 8, 6, 9, 10, 11, 5, 2),)	4w4z_ligand
((12, 7, 8, 6, 9, 10, 11, 5, 2),)	4w50_ligand
((15, 13, 14, 12, 11, 9, 8, 7, 5),)	4w9c_ligand
((15, 13, 14, 12, 11, 9, 8, 7, 5),)	4w9d_ligand
((15, 13, 14, 12, 11, 9, 8, 7, 5),)	4w9e_ligand
((15, 13, 14, 12, 11, 9, 8, 7, 5),)	4w9f_ligand
((15, 13, 14, 12, 11, 9, 8, 7, 5),)	4w9g_ligand
((19, 17, 18, 16, 15, 13, 12, 11, 9),)	4w9h_ligand
((11, 9, 10, 8, 7, 5, 4, 3, 1), (19, 17, 18, 16, 15, 13, 12, 11, 9))	4w9i_ligand
((27, 25, 26, 24, 23, 21, 20, 19, 17),)	4w9j_ligand
((13, 14, 15, 16, 17, 18, 20, 21, 22),)	4w9k_ligand
((27, 25, 26, 24, 23, 21, 20, 19, 17),)	4w9l_ligand
((61, 56, 57, 55, 58, 59, 60, 54, 48),)	4wj7_ligand
((40, 35, 36, 34, 37, 38, 39, 33, 29),)	4wk2_ligand
()	4wph_ligand
((39, 34, 35, 33, 36, 37, 38, 32, 25),)	4wv6_ligand
((20, 15, 16, 14, 17, 18, 19, 13, 11),)	4wvs_ligand
((24, 19, 20, 18, 21, 22, 23, 17, 8),)	4wvt_ligand
((29, 15, 22, 14, 13, 16, 17, 23, 8),)	4wvu_ligand
((40, 35, 36, 34, 37, 38, 39, 33, 24), (60, 55, 56, 54, 57, 58, 59, 53, 46), (91, 86, 87, 85, 88, 89, 90, 84, 77), (98, 93, 94, 92, 95, 96, 97, 91, 86))	4wym_ligand
((13, 8, 9, 7, 10, 11, 12, 6, 2),)	4x1n_ligand
((13, 8, 9, 7, 10, 11, 12, 6, 2),)	4x1p_ligand
((13, 8, 9, 7, 10, 11, 12, 6, 2),)	4x1q_ligand
((13, 8, 9, 7, 10, 11, 12, 6, 2),)	4x1r_ligand
((13, 8, 9, 7, 10, 11, 12, 6, 2),)	4x1s_ligand
((26, 21, 22, 20, 23, 24, 25, 19, 13),)	4x3h_ligand
((95, 89, 90, 88, 91, 92, 93, 87, 78),)	4x6s_ligand
((92, 87, 88, 86, 89, 90, 91, 85, 82),)	4xc2_ligand
((25, 20, 21, 19, 22, 23, 24, 18, 13), (50, 45, 46, 44, 47, 48, 49, 43, 37))	4y32_ligand
((25, 20, 21, 19, 22, 23, 24, 18, 13), (50, 45, 46, 44, 47, 48, 49, 43, 37))	4y3b_ligand
((15, 10, 11, 9, 12, 13, 14, 8, 0),)	4yes_ligand
()	4ymb_ligand
((35, 30, 31, 29, 32, 33, 34, 28, 22), (59, 54, 55, 53, 56, 57, 58, 52, 46))	4z88_ligand
((41, 36, 37, 35, 38, 39, 40, 34, 28), (48, 43, 44, 42, 45, 46, 47, 41, 36), (62, 57, 58, 56, 59, 60, 61, 55, 50), (84, 79, 80, 78, 81, 82, 83, 77, 70))	4z89_ligand
((52, 47, 48, 46, 49, 50, 51, 45, 39), (59, 54, 55, 53, 56, 57, 58, 52, 47), (73, 68, 69, 67, 70, 71, 72, 66, 61), (95, 90, 91, 89, 92, 93, 94, 88, 81))	4z8a_ligand
((16, 11, 12, 10, 13, 14, 15, 9, 7),)	4z8m_ligand
((13, 8, 9, 7, 10, 11, 12, 6, 2),)	4zhl_ligand
((13, 8, 9, 7, 10, 11, 12, 6, 2),)	4zhm_ligand
((13, 8, 9, 7, 10, 11, 12, 6, 2),)	4zj4_ligand
((13, 8, 9, 7, 10, 11, 12, 6, 2),)	4zj5_ligand
((13, 8, 9, 7, 10, 11, 12, 6, 2),)	4zj6_ligand
((26, 24, 25, 23, 22, 16, 15, 14, 11),)	4zwz_ligand
((29, 27, 28, 26, 25, 19, 18, 17, 14),)	4zx0_ligand
((12, 7, 8, 6, 9, 10, 11, 5, 2), (44, 39, 40, 38, 41, 42, 43, 37, 28))	5a2i_ligand
((12, 7, 8, 6, 9, 10, 11, 5, 2), (45, 40, 41, 39, 42, 43, 44, 38, 29))	5a2j_ligand
((12, 7, 8, 6, 9, 10, 11, 5, 2), (45, 40, 41, 39, 42, 43, 44, 38, 29))	5a2k_ligand
((19, 11, 13, 14, 15, 18, 16, 12, 9), (43, 35, 37, 38, 39, 42, 40, 36, 33), (66, 59, 60, 61, 62, 63, 64, 65, 57))	5agu_ligand
((19, 13, 14, 12, 15, 16, 17, 11, 5), (43, 37, 38, 36, 39, 40, 41, 35, 29), (72, 61, 62, 60, 63, 64, 71, 59, 53))	5agv_ligand
((19, 11, 13, 14, 15, 18, 16, 12, 9), (43, 35, 37, 38, 39, 42, 40, 36, 29), (66, 61, 62, 60, 63, 64, 65, 59, 57))	5ah2_ligand
((28, 23, 24, 22, 25, 26, 27, 21, 16), (41, 36, 37, 35, 38, 39, 40, 34, 30), (55, 50, 51, 49, 52, 53, 54, 48, 43))	5ajo_ligand
((21, 16, 17, 15, 18, 19, 20, 14, 9), (34, 29, 30, 28, 31, 32, 33, 27, 23), (48, 43, 44, 42, 45, 46, 47, 41, 36))	5ajp_ligand
()	5ajx_ligand
()	5ak0_ligand
()	5apr_ligand
((62, 57, 58, 56, 59, 60, 61, 55, 49),)	5c7f_ligand
((13, 8, 9, 7, 10, 11, 12, 6, 1),)	5cvd_ligand
((17, 18, 19, 23, 22, 21, 20, 24, 25),)	5dhg_ligand
((13, 8, 9, 7, 10, 11, 12, 6, 2),)	5e1b_ligand
((19, 14, 15, 13, 16, 17, 18, 12, 2),)	5e1d_ligand
((14, 9, 10, 8, 11, 12, 13, 7, 2),)	5e1m_ligand
((18, 13, 14, 12, 15, 16, 17, 11, 2),)	5e1o_ligand
((17, 12, 13, 11, 14, 15, 16, 10, 7),)	5lpr_ligand
((17, 12, 13, 11, 14, 15, 16, 10, 7),)	6lpr_ligand
((44, 39, 40, 38, 41, 42, 43, 37, 36),)	7hvp_ligand
((22, 12, 13, 11, 14, 15, 16, 10, 7),)	7lpr_ligand
((17, 12, 13, 11, 14, 15, 16, 10, 7),)	8lpr_ligand
((22, 12, 13, 11, 14, 15, 16, 10, 7),)	9lpr_ligand
