((5, 2, 1, 3, 7, 9, 8, 6),)	1a50_ligand
((18, 25, 20, 21, 22, 26, 23, 24),)	1a9u_ligand
((10, 11, 12, 13, 14, 15, 16, 17),)	1aid_ligand
((15, 5, 4, 3, 2, 0, 1, 6),)	1bl6_ligand
((23, 11, 6, 7, 8, 12, 9, 10),)	1bl7_ligand
((16, 5, 4, 3, 2, 0, 1, 6),)	1bmk_ligand
((23, 24, 25, 26, 27, 28, 29, 30),)	1c50_ligand
((9, 8, 7, 6, 12, 13, 11, 10),)	1c9d_ligand
((9, 14, 15, 16, 17, 22, 18, 19), (20, 15, 14, 19, 18, 23, 17, 16), (21, 16, 15, 14, 19, 24, 18, 17))	1g4j_ligand
((9, 14, 15, 16, 17, 22, 18, 19), (20, 15, 14, 19, 18, 23, 17, 16), (21, 16, 15, 14, 19, 24, 18, 17))	1g54_ligand
((10, 4, 3, 2, 1, 24, 0, 5),)	1gj8_ligand
((12, 11, 10, 9, 17, 24, 16, 15),)	1h3a_ligand
((23, 24, 25, 26, 27, 28, 29, 30),)	1h5u_ligand
((12, 4, 5, 16, 40, 51, 41, 42),)	1hfs_ligand
((9, 14, 15, 16, 17, 20, 18, 19),)	1i9l_ligand
((9, 14, 15, 16, 17, 20, 18, 19),)	1i9m_ligand
((20, 19, 14, 15, 16, 21, 17, 18),)	1i9n_ligand
((9, 14, 15, 16, 17, 20, 18, 19),)	1i9o_ligand
((9, 14, 15, 16, 17, 21, 18, 19),)	1i9p_ligand
((9, 14, 15, 16, 17, 21, 18, 19),)	1i9q_ligand
((6, 4, 3, 5, 9, 12, 10, 8), (7, 5, 3, 4, 8, 11, 10, 9))	1kjr_ligand
((1, 7, 14, 15, 16, 25, 17, 18),)	1m7q_ligand
((11, 5, 4, 3, 1, 2, 0, 6),)	1o2o_ligand
((11, 5, 4, 3, 1, 2, 0, 6),)	1o2r_ligand
((19, 18, 12, 13, 14, 15, 16, 17),)	1o35_ligand
((11, 5, 4, 3, 1, 2, 0, 6),)	1o5c_ligand
((11, 5, 4, 3, 1, 2, 0, 6),)	1o5f_ligand
((11, 5, 4, 3, 1, 2, 0, 6),)	1o5g_ligand
((42, 43, 44, 46, 48, 49, 47, 45),)	1ol1_ligand
((42, 43, 44, 46, 48, 49, 47, 45),)	1ol2_ligand
((5, 4, 3, 2, 1, 0, 33, 31),)	1ouy_ligand
((18, 19, 20, 21, 22, 23, 24, 25),)	1ove_ligand
((15, 16, 17, 18, 19, 20, 21, 22),)	1p2a_ligand
((3, 15, 14, 13, 12, 26, 11, 16),)	1pme_ligand
((14, 3, 2, 1, 0, 29, 5, 4),)	1q1m_ligand
((14, 29, 30, 33, 32, 36, 34, 31),)	1q6m_ligand
((14, 13, 12, 2, 1, 0, 18, 17),)	1r78_ligand
((0, 9, 10, 11, 12, 20, 13, 14),)	1rw8_ligand
((17, 1, 0, 5, 4, 18, 3, 2),)	1std_ligand
((5, 11, 12, 13, 14, 17, 15, 16),)	1tkx_ligand
((6, 0, 1, 2, 3, 8, 4, 5),)	1tnh_ligand
((25, 34, 33, 38, 37, 39, 36, 35),)	1tqf_ligand
((11, 12, 13, 14, 15, 16, 17, 18),)	1tu6_ligand
((17, 20, 21, 22, 23, 27, 24, 25),)	1uk0_ligand
((3, 5, 4, 9, 8, 24, 7, 6), (22, 6, 5, 4, 9, 25, 8, 7), (23, 7, 6, 5, 4, 26, 9, 8))	1usn_ligand
((23, 11, 3, 4, 5, 20, 6, 10),)	1v1k_ligand
((12, 6, 7, 8, 9, 48, 10, 11), (22, 0, 1, 2, 3, 49, 4, 5))	1w5w_ligand
((48, 10, 9, 8, 7, 51, 6, 11), (49, 2, 1, 0, 5, 50, 4, 3))	1w5y_ligand
((6, 4, 3, 2, 1, 7, 0, 5), (8, 2, 1, 0, 5, 27, 4, 3))	1x70_ligand
((6, 7, 13, 14, 15, 28, 25, 16), (9, 10, 11, 22, 12, 29, 23, 24))	1xud_ligand
((7, 6, 3, 2, 1, 0, 4, 5),)	1you_ligand
((8, 0, 1, 2, 3, 6, 4, 5),)	1yqy_ligand
((7, 4, 3, 2, 1, 12, 0, 5),)	1ysg_ligand
((7, 4, 3, 2, 1, 6, 0, 5),)	1ysi_ligand
((4, 23, 24, 25, 26, 29, 27, 28),)	1yw2_ligand
((6, 2, 0, 3, 4, 7, 1, 5),)	1ywr_ligand
((7, 6, 0, 1, 2, 3, 4, 5),)	1z95_ligand
((25, 26, 27, 28, 29, 32, 30, 31),)	1zz2_ligand
((13, 12, 9, 8, 5, 7, 10, 11),)	1zzl_ligand
((15, 14, 8, 9, 10, 11, 12, 13),)	2b7a_ligand
((5, 6, 7, 8, 9, 10, 11, 12),)	2bal_ligand
((11, 10, 9, 2, 1, 0, 15, 14),)	2bz6_ligand
((2, 3, 4, 5, 6, 19, 7, 8),)	2c1p_ligand
((9, 4, 3, 2, 1, 11, 0, 5),)	2d3z_ligand
((13, 16, 17, 18, 19, 22, 20, 21),)	2ea2_ligand
((16, 17, 20, 21, 22, 25, 23, 24),)	2ea4_ligand
((18, 25, 20, 21, 22, 26, 23, 24),)	2ewa_ligand
((10, 14, 16, 20, 24, 30, 21, 17),)	2exc_ligand
((28, 4, 3, 7, 6, 26, 5, 27),)	2fdp_ligand
((20, 3, 2, 1, 0, 21, 5, 4),)	2fky_ligand
((20, 3, 2, 1, 0, 21, 5, 4),)	2fl2_ligand
((22, 3, 2, 1, 0, 23, 5, 4),)	2fl6_ligand
((21, 20, 15, 16, 17, 24, 18, 19),)	2fvd_ligand
((20, 21, 22, 23, 24, 25, 26, 27),)	2g0g_ligand
((7, 6, 0, 1, 2, 3, 4, 5),)	2g0h_ligand
((21, 3, 2, 1, 0, 22, 5, 4),)	2g1q_ligand
((5, 6, 7, 8, 9, 10, 11, 12),)	2gfs_ligand
((7, 4, 3, 2, 1, 0, 6, 5),)	2gg3_ligand
((7, 5, 0, 1, 2, 6, 3, 4),)	2hwi_ligand
((15, 7, 13, 12, 8, 11, 9, 14),)	2hzi_ligand
((14, 16, 17, 18, 19, 23, 20, 21),)	2i0h_ligand
((14, 15, 21, 22, 23, 26, 24, 25),)	2i1r_ligand
((6, 4, 3, 2, 1, 7, 0, 5), (8, 2, 1, 0, 5, 23, 4, 3))	2iit_ligand
((6, 4, 3, 2, 1, 7, 0, 5), (8, 2, 1, 0, 5, 23, 4, 3))	2iiv_ligand
((6, 1, 0, 5, 4, 23, 3, 2),)	2irz_ligand
((6, 1, 0, 5, 4, 23, 3, 2),)	2is0_ligand
((22, 23, 24, 25, 27, 28, 29, 30),)	2ito_ligand
((22, 23, 24, 25, 27, 28, 29, 30),)	2ity_ligand
((22, 23, 24, 25, 27, 28, 29, 30),)	2itz_ligand
((6, 2, 0, 1, 5, 20, 11, 7),)	2jle_ligand
((4, 5, 6, 7, 8, 9, 10, 11),)	2kaw_ligand
((15, 16, 7, 2, 12, 17, 8, 14),)	2l1r_ligand
((7, 6, 0, 1, 2, 3, 4, 5),)	2lwi_ligand
((15, 20, 21, 22, 23, 26, 24, 25),)	2o5d_ligand
((3, 13, 0, 1, 2, 18, 11, 12), (15, 0, 1, 2, 11, 20, 12, 13))	2oag_ligand
((12, 14, 15, 16, 17, 18, 19, 20),)	2ogz_ligand
((29, 0, 1, 2, 3, 28, 27, 4),)	2oh4_ligand
((16, 11, 26, 12, 13, 27, 28, 30),)	2ojj_ligand
((20, 21, 22, 23, 25, 26, 27, 28), (24, 23, 22, 21, 28, 29, 27, 25))	2ole_ligand
((8, 16, 4, 3, 13, 14, 0, 15),)	2op3_ligand
((23, 6, 7, 8, 9, 25, 10, 26), (24, 8, 7, 6, 26, 27, 10, 9))	2oqi_ligand
((11, 8, 6, 16, 14, 15, 7, 12), (17, 6, 8, 12, 7, 13, 14, 16))	2oqv_ligand
((6, 1, 0, 5, 4, 36, 3, 2),)	2p8h_ligand
((28, 29, 30, 33, 31, 36, 32, 34),)	2ph6_ligand
((2, 24, 11, 13, 25, 26, 8, 27), (30, 31, 32, 12, 15, 33, 34, 35))	2q1l_ligand
((2, 16, 5, 8, 4, 15, 18, 17),)	2q6b_ligand
((2, 28, 11, 13, 29, 31, 8, 30),)	2q6c_ligand
((16, 15, 3, 13, 0, 12, 10, 9),)	2qd9_ligand
((9, 8, 3, 4, 5, 24, 6, 7),)	2qe2_ligand
((21, 24, 25, 26, 31, 32, 30, 28), (27, 26, 25, 24, 28, 29, 30, 31))	2qhy_ligand
((22, 25, 26, 27, 32, 33, 31, 29), (28, 27, 26, 25, 29, 30, 31, 32))	2qhz_ligand
((4, 3, 2, 1, 5, 6, 7, 8), (9, 8, 3, 2, 1, 0, 5, 7))	2qoe_ligand
((12, 14, 15, 16, 19, 20, 18, 17),)	2qzl_ligand
((0, 25, 11, 12, 27, 28, 8, 26),)	2r4f_ligand
((6, 5, 0, 1, 2, 13, 3, 4),)	2rjr_ligand
((32, 3, 1, 2, 4, 30, 6, 5),)	2v0c_ligand
((47, 48, 49, 50, 51, 52, 53, 54),)	2v22_ligand
((0, 1, 4, 8, 11, 14, 9, 5),)	2vd1_ligand
((11, 12, 13, 14, 15, 16, 17, 18),)	2vtn_ligand
((5, 4, 3, 2, 1, 0, 23, 22),)	2vto_ligand
((5, 4, 3, 2, 1, 0, 25, 24),)	2vtp_ligand
((7, 4, 3, 2, 1, 0, 6, 5),)	2w1c_ligand
((8, 5, 3, 2, 1, 0, 7, 6),)	2w3i_ligand
((0, 1, 2, 3, 4, 5, 7, 6),)	2wgj_ligand
((22, 25, 26, 27, 28, 29, 30, 31),)	2wxo_ligand
((27, 21, 20, 25, 24, 26, 23, 22),)	2xbj_ligand
((0, 1, 2, 3, 4, 5, 7, 6),)	2xp2_ligand
((26, 32, 31, 30, 29, 34, 28, 33),)	2xu4_ligand
((21, 20, 6, 15, 16, 17, 18, 19),)	2xyu_ligand
((17, 16, 12, 11, 13, 32, 14, 15),)	2y68_ligand
((0, 1, 2, 3, 4, 5, 7, 6),)	2yfx_ligand
((11, 7, 8, 13, 12, 30, 31, 32), (25, 2, 1, 0, 5, 24, 4, 3))	2yoj_ligand
((27, 26, 19, 20, 22, 23, 24, 25),)	3a4p_ligand
((10, 9, 12, 18, 22, 19, 20, 15), (13, 18, 12, 9, 15, 16, 20, 22), (62, 12, 9, 15, 20, 21, 22, 18))	3abt_ligand
((20, 21, 22, 24, 26, 27, 28, 30), (23, 22, 21, 30, 28, 29, 26, 24), (25, 24, 22, 21, 30, 31, 28, 26))	3b67_ligand
((2, 29, 11, 13, 30, 31, 8, 32),)	3bgl_ligand
((18, 17, 14, 13, 12, 11, 15, 16),)	3c1x_ligand
((16, 15, 10, 9, 11, 12, 13, 14),)	3c49_ligand
((6, 7, 8, 14, 12, 13, 11, 10),)	3c4c_ligand
((1, 23, 10, 12, 24, 25, 7, 26),)	3cct_ligand
((3, 24, 12, 13, 25, 26, 9, 27),)	3ccw_ligand
((2, 26, 11, 12, 27, 28, 8, 29),)	3ccz_ligand
((2, 25, 11, 12, 26, 27, 8, 28), (18, 17, 9, 10, 15, 14, 16, 13))	3cd0_ligand
((2, 24, 11, 13, 25, 26, 8, 27), (30, 31, 32, 12, 15, 33, 34, 35))	3cd7_ligand
((3, 25, 1, 2, 28, 29, 27, 26),)	3cda_ligand
((2, 34, 11, 13, 35, 37, 8, 36), (26, 27, 28, 12, 15, 31, 30, 29))	3cdb_ligand
((25, 27, 9, 11, 32, 33, 31, 30),)	3ce3_ligand
((30, 17, 7, 8, 18, 31, 19, 9),)	3cjo_ligand
((19, 10, 0, 4, 14, 27, 5, 1),)	3cth_ligand
((7, 6, 3, 2, 1, 0, 4, 5),)	3ctj_ligand
((8, 7, 1, 2, 3, 4, 5, 6),)	3d2t_ligand
((21, 4, 3, 2, 1, 22, 0, 5),)	3d4l_ligand
((11, 4, 0, 1, 5, 15, 14, 2),)	3d5m_ligand
((7, 6, 3, 2, 1, 0, 4, 5),)	3d7d_ligand
((19, 20, 21, 22, 25, 26, 24, 23),)	3ddu_ligand
((17, 8, 7, 12, 11, 16, 10, 9), (29, 9, 8, 7, 12, 15, 11, 10))	3e8n_ligand
((33, 34, 14, 35, 15, 36, 37, 16),)	3efk_ligand
((23, 24, 25, 26, 28, 29, 30, 31), (27, 26, 25, 24, 31, 32, 30, 28))	3eio_ligand
((7, 6, 5, 4, 1, 0, 2, 16),)	3eqb_ligand
((23, 11, 6, 7, 8, 12, 9, 10),)	3erk_ligand
((15, 14, 8, 9, 10, 11, 12, 13),)	3eyh_ligand
((1, 12, 13, 14, 15, 16, 17, 18),)	3f18_ligand
((1, 9, 10, 15, 13, 14, 12, 11),)	3f19_ligand
((5, 6, 7, 9, 11, 12, 10, 8),)	3f3c_ligand
((26, 9, 0, 4, 13, 33, 5, 1),)	3f82_ligand
((5, 4, 3, 2, 1, 0, 27, 25),)	3fc1_ligand
((8, 7, 1, 2, 3, 4, 5, 6),)	3fc8_ligand
((15, 16, 17, 23, 21, 22, 20, 19),)	3fcb_ligand
((16, 3, 4, 5, 6, 27, 7, 8),)	3fqk_ligand
((16, 3, 4, 5, 6, 27, 7, 8),)	3fql_ligand
((13, 12, 3, 2, 1, 0, 10, 11),)	3ft8_ligand
((7, 6, 3, 2, 1, 0, 4, 5),)	3fu0_ligand
((9, 5, 0, 1, 2, 8, 3, 4),)	3fuf_ligand
((17, 13, 2, 1, 5, 21, 3, 6),)	3g0e_ligand
((17, 13, 2, 1, 5, 21, 3, 6),)	3g0f_ligand
((0, 1, 2, 3, 4, 5, 7, 6),)	3g30_ligand
((36, 35, 34, 37, 39, 40, 41, 42),)	3g70_ligand
((36, 35, 34, 37, 39, 40, 41, 42),)	3g72_ligand
((23, 22, 19, 18, 17, 27, 20, 21), (29, 31, 32, 35, 33, 37, 34, 36))	3g86_ligand
((5, 18, 19, 20, 21, 22, 23, 24), (16, 17, 7, 8, 9, 10, 11, 12))	3g90_ligand
((16, 17, 7, 8, 9, 10, 11, 12),)	3g9l_ligand
((16, 17, 7, 8, 9, 10, 11, 12),)	3g9n_ligand
((9, 8, 1, 2, 14, 32, 7, 17),)	3gc7_ligand
((18, 25, 20, 21, 22, 26, 23, 24),)	3gcp_ligand
((28, 29, 4, 5, 6, 31, 30, 7),)	3gfe_ligand
((30, 0, 1, 2, 3, 31, 4, 5),)	3h59_ligand
((4, 5, 6, 7, 8, 27, 11, 12),)	3h5s_ligand
((7, 8, 24, 25, 26, 29, 27, 28),)	3h5u_ligand
((4, 3, 2, 1, 5, 6, 7, 8), (9, 8, 3, 2, 1, 0, 5, 7))	3hab_ligand
((0, 1, 2, 8, 6, 7, 5, 4), (9, 5, 4, 1, 2, 3, 8, 6))	3hac_ligand
((6, 0, 1, 2, 3, 21, 4, 5),)	3hll_ligand
((5, 4, 3, 2, 1, 0, 27, 25),)	3hp5_ligand
((1, 2, 3, 5, 8, 9, 7, 6),)	3hrb_ligand
((28, 29, 30, 31, 32, 33, 34, 35),)	3hub_ligand
((10, 11, 12, 13, 14, 17, 15, 16),)	3hvc_ligand
((7, 6, 3, 2, 1, 0, 4, 5),)	3hvh_ligand
((7, 6, 3, 2, 1, 0, 4, 5),)	3hvi_ligand
((7, 6, 3, 2, 1, 0, 4, 5),)	3hvj_ligand
((15, 21, 27, 33, 32, 35, 34, 28),)	3hvk_ligand
((18, 17, 11, 14, 12, 13, 15, 16),)	3i28_ligand
((27, 28, 29, 30, 33, 34, 32, 31),)	3igv_ligand
((8, 22, 23, 24, 25, 12, 26, 27),)	3inh_ligand
((1, 19, 20, 21, 22, 23, 24, 25),)	3iok_ligand
((11, 2, 4, 6, 8, 0, 9, 10),)	3iu8_ligand
((16, 23, 10, 9, 22, 2, 24, 12),)	3iw8_ligand
((3, 4, 8, 12, 16, 1, 18, 19),)	3k23_ligand
((0, 6, 8, 9, 16, 15, 17, 18),)	3k3j_ligand
((22, 23, 24, 25, 26, 31, 27, 28),)	3kek_ligand
((10, 11, 12, 13, 14, 18, 15, 16),)	3kf7_ligand
((6, 10, 3, 2, 7, 1, 4, 9),)	3kr2_ligand
((35, 19, 4, 2, 15, 33, 10, 23),)	3l08_ligand
((21, 22, 23, 24, 25, 28, 26, 27),)	3l8v_ligand
((1, 22, 9, 11, 23, 5, 19, 15),)	3lhg_ligand
((1, 26, 7, 30, 28, 29, 8, 27),)	3lhj_ligand
((34, 37, 38, 39, 40, 43, 41, 42),)	3lq8_ligand
((15, 14, 8, 9, 10, 11, 12, 13),)	3lxl_ligand
((17, 13, 2, 1, 5, 21, 3, 6),)	3miy_ligand
((17, 18, 19, 20, 21, 1, 22, 23),)	3mqf_ligand
((17, 19, 20, 21, 22, 23, 24, 25),)	3mvh_ligand
((8, 3, 2, 1, 0, 6, 5, 4),)	3mw1_ligand
((13, 14, 15, 17, 19, 20, 21, 23), (16, 15, 14, 23, 21, 22, 19, 17), (18, 17, 15, 14, 23, 24, 21, 19))	3n0n_ligand
((13, 14, 15, 16, 17, 18, 19, 20),)	3n4b_ligand
((0, 15, 16, 1, 17, 18, 19, 21),)	3n7o_ligand
((21, 23, 24, 25, 28, 29, 27, 26),)	3nw9_ligand
((10, 14, 15, 16, 17, 22, 18, 19),)	3nwb_ligand
((20, 24, 29, 35, 33, 36, 34, 30),)	3nwe_ligand
((20, 4, 3, 16, 6, 18, 17, 5),)	3og7_ligand
((0, 3, 4, 9, 14, 26, 10, 7), (2, 4, 3, 7, 10, 25, 14, 9))	3olf_ligand
((0, 3, 4, 9, 14, 26, 10, 7), (2, 4, 3, 7, 10, 25, 14, 9))	3omm_ligand
((0, 3, 4, 8, 12, 24, 10, 7), (2, 4, 3, 7, 10, 23, 12, 8))	3oof_ligand
((0, 3, 4, 13, 17, 28, 15, 9), (2, 4, 3, 9, 15, 27, 17, 13))	3ook_ligand
((8, 20, 21, 22, 23, 12, 24, 25),)	3ooz_ligand
((10, 0, 1, 2, 15, 16, 17, 11),)	3orn_ligand
((24, 0, 1, 2, 3, 11, 12, 8),)	3os3_ligand
((11, 18, 13, 14, 15, 0, 16, 17),)	3ouh_ligand
((13, 20, 10, 9, 19, 7, 21, 11),)	3oyl_ligand
((13, 20, 10, 9, 19, 7, 21, 11),)	3oyn_ligand
((16, 28, 11, 10, 8, 9, 7, 29),)	3phe_ligand
((10, 11, 29, 30, 31, 34, 32, 33),)	3pj2_ligand
((14, 10, 3, 7, 13, 24, 8, 4),)	3pyy_ligand
((8, 9, 10, 11, 12, 15, 13, 14),)	3qc4_ligand
((16, 15, 7, 5, 14, 4, 6, 8),)	3qfv_ligand
((6, 7, 8, 9, 14, 15, 13, 12), (22, 23, 24, 25, 29, 30, 28, 27))	3qiz_ligand
((23, 26, 7, 27, 8, 28, 29, 30),)	3qk0_ligand
((7, 4, 3, 2, 0, 1, 6, 5),)	3qsb_ligand
((18, 27, 9, 5, 21, 3, 11, 23),)	3que_ligand
((4, 5, 6, 7, 8, 33, 9, 10),)	3qzq_ligand
((6, 2, 1, 0, 5, 19, 4, 3),)	3r0i_ligand
((9, 10, 11, 12, 15, 16, 14, 13),)	3r6t_ligand
((6, 0, 1, 2, 3, 21, 4, 5),)	3roc_ligand
((19, 10, 0, 2, 11, 33, 3, 1),)	3rwp_ligand
((28, 4, 5, 6, 31, 32, 7, 33),)	3s2a_ligand
((13, 21, 8, 7, 19, 5, 9, 20),)	3s3m_ligand
((13, 21, 8, 7, 19, 5, 9, 20),)	3s3n_ligand
((13, 21, 8, 7, 19, 5, 9, 20),)	3s3o_ligand
((0, 1, 2, 3, 4, 5, 6, 15),)	3sb0_ligand
((29, 28, 23, 24, 25, 30, 26, 27),)	3sfc_ligand
((1, 26, 25, 24, 23, 6, 22, 27),)	3sff_ligand
((4, 5, 6, 7, 8, 33, 9, 10),)	3sji_ligand
((4, 5, 6, 7, 8, 33, 9, 10),)	3sjo_ligand
((10, 4, 3, 1, 7, 8, 6, 5),)	3skc_ligand
((9, 20, 15, 16, 17, 1, 18, 19),)	3sn7_ligand
((23, 22, 4, 17, 5, 18, 19, 20),)	3t9t_ligand
((21, 10, 0, 14, 13, 1, 12, 11),)	3tcp_ligand
((13, 11, 5, 4, 10, 3, 6, 12),)	3tdj_ligand
((7, 6, 3, 0, 1, 4, 2, 5),)	3th9_ligand
((17, 13, 2, 1, 5, 21, 3, 6),)	3ti1_ligand
((14, 15, 27, 28, 29, 5, 30, 31),)	3tti_ligand
((8, 7, 0, 1, 3, 4, 5, 6),)	3tu1_ligand
((19, 15, 14, 13, 12, 18, 11, 16),)	3tv4_ligand
((20, 14, 13, 11, 17, 18, 16, 15),)	3tv6_ligand
((1, 21, 0, 5, 22, 6, 19, 13), (17, 16, 9, 18, 23, 10, 15, 20))	3tyv_ligand
((21, 22, 8, 9, 10, 25, 23, 11),)	3u15_ligand
((22, 23, 24, 25, 27, 28, 29, 30),)	3ug2_ligand
((18, 25, 20, 21, 22, 26, 23, 24),)	3uib_ligand
((32, 11, 2, 3, 12, 33, 8, 4),)	3uph_ligand
((33, 11, 2, 3, 12, 34, 8, 4),)	3upi_ligand
((19, 24, 9, 8, 22, 2, 27, 13),)	3uvp_ligand
((24, 29, 8, 12, 30, 4, 35, 17),)	3uvq_ligand
((4, 22, 21, 20, 19, 24, 18, 23),)	3uyt_ligand
((4, 22, 21, 20, 19, 24, 18, 23),)	3uzp_ligand
((28, 27, 22, 21, 23, 24, 25, 26),)	3v7t_ligand
((21, 22, 8, 9, 10, 25, 23, 11),)	3vbg_ligand
((11, 10, 4, 3, 5, 6, 7, 8),)	3vf8_ligand
((5, 4, 3, 2, 1, 0, 22, 21),)	3vnt_ligand
((12, 7, 1, 3, 10, 23, 5, 11),)	3wff_ligand
((12, 7, 1, 4, 11, 24, 5, 2),)	3wfg_ligand
((26, 14, 6, 8, 17, 35, 16, 10),)	3wv1_ligand
((0, 1, 2, 3, 4, 5, 7, 6),)	3zbf_ligand
((10, 17, 16, 15, 14, 20, 19, 18),)	3zbx_ligand
((10, 4, 3, 2, 1, 0, 5, 6),)	3zc6_ligand
((15, 8, 7, 6, 11, 12, 10, 9),)	3zlq_ligand
((5, 12, 13, 14, 6, 17, 15, 16),)	3zmg_ligand
((11, 12, 13, 14, 15, 18, 16, 17),)	3zs0_ligand
((17, 13, 2, 1, 5, 21, 3, 6),)	4agd_ligand
((1, 2, 3, 4, 5, 6, 7, 9),)	4an2_ligand
((13, 8, 7, 12, 11, 25, 10, 9),)	4an3_ligand
((13, 8, 7, 12, 11, 23, 10, 9),)	4an9_ligand
((7, 6, 5, 4, 2, 3, 1, 16),)	4anb_ligand
((0, 1, 2, 3, 4, 5, 7, 6),)	4anq_ligand
((6, 3, 4, 5, 23, 0, 22, 21),)	4ap7_ligand
((13, 8, 7, 12, 11, 24, 10, 9),)	4ark_ligand
((24, 23, 19, 18, 20, 28, 21, 22),)	4at4_ligand
((9, 10, 11, 12, 13, 22, 14, 15),)	4azy_ligand
((18, 21, 22, 23, 24, 27, 25, 26),)	4b4m_ligand
((0, 1, 2, 4, 6, 7, 8, 10), (3, 2, 1, 10, 8, 9, 6, 4), (11, 10, 1, 2, 4, 5, 6, 8))	4b6p_ligand
((0, 1, 2, 4, 6, 7, 8, 10), (3, 2, 1, 10, 8, 9, 6, 4), (11, 10, 1, 2, 4, 5, 6, 8))	4b6s_ligand
((7, 6, 0, 1, 2, 3, 4, 5),)	4b76_ligand
((7, 6, 3, 12, 11, 18, 10, 9),)	4b80_ligand
((18, 17, 14, 13, 12, 11, 15, 16),)	4bcd_ligand
((9, 10, 11, 12, 13, 14, 16, 15),)	4bfd_ligand
((5, 6, 7, 8, 9, 10, 11, 12),)	4bjc_ligand
((26, 25, 24, 27, 28, 29, 30, 31),)	4btu_ligand
((26, 27, 28, 29, 30, 31, 32, 33),)	4c52_ligand
((30, 31, 32, 33, 34, 35, 36, 37),)	4c5d_ligand
((0, 1, 2, 3, 4, 5, 7, 6),)	4c9w_ligand
((7, 6, 5, 4, 2, 3, 1, 8),)	4c9x_ligand
((17, 11, 9, 15, 14, 16, 13, 12),)	4cd0_ligand
((15, 9, 1, 2, 12, 29, 4, 10),)	4cli_ligand
((15, 9, 1, 2, 12, 29, 4, 10),)	4clj_ligand
((24, 10, 9, 14, 13, 15, 12, 11),)	4cmo_ligand
((17, 11, 9, 15, 14, 16, 13, 12),)	4cmt_ligand
((14, 7, 0, 1, 10, 28, 3, 8),)	4cmu_ligand
((22, 8, 0, 1, 10, 24, 3, 7),)	4cnh_ligand
((9, 13, 14, 15, 16, 17, 18, 19),)	4csj_ligand
((5, 4, 3, 2, 1, 0, 22, 21),)	4dbn_ligand
((29, 28, 22, 23, 24, 25, 26, 27),)	4dmy_ligand
((27, 28, 29, 30, 31, 32, 33, 34),)	4dus_ligand
((10, 11, 12, 13, 14, 17, 15, 16), (19, 22, 23, 24, 25, 28, 26, 27))	4dv8_ligand
((23, 18, 11, 14, 15, 28, 16, 17),)	4e1n_ligand
((20, 14, 13, 12, 17, 18, 16, 15),)	4e4x_ligand
((34, 16, 0, 4, 20, 39, 5, 1),)	4eev_ligand
((19, 15, 14, 13, 18, 21, 17, 16),)	4ehe_ligand
((19, 13, 12, 11, 16, 17, 15, 14),)	4ehg_ligand
((5, 4, 3, 2, 1, 0, 9, 8),)	4ezj_ligand
((1, 2, 3, 4, 5, 6, 7, 24),)	4fc0_ligand
((23, 25, 26, 27, 28, 29, 30, 31),)	4fjz_ligand
((33, 35, 36, 37, 38, 39, 40, 41),)	4fod_ligand
((5, 4, 3, 2, 1, 0, 7, 6),)	4frj_ligand
((22, 24, 7, 6, 20, 5, 8, 25),)	4fxq_ligand
((4, 1, 5, 3, 6, 7, 0, 8),)	4g3f_ligand
((9, 10, 3, 2, 1, 12, 0, 11),)	4g3g_ligand
((10, 4, 3, 1, 7, 8, 6, 5),)	4g9c_ligand
((4, 5, 6, 7, 8, 33, 9, 10),)	4ght_ligand
((33, 34, 41, 42, 43, 47, 44, 45), (33, 35, 36, 37, 38, 46, 39, 40))	4gm8_ligand
((15, 17, 18, 19, 20, 25, 21, 22),)	4h3j_ligand
((22, 23, 2, 1, 0, 26, 25, 24),)	4hgs_ligand
((22, 23, 2, 1, 0, 26, 25, 24),)	4hgt_ligand
((31, 30, 25, 24, 26, 27, 28, 29),)	4hhy_ligand
((27, 28, 29, 30, 31, 32, 33, 34),)	4hhz_ligand
((1, 3, 4, 9, 7, 8, 6, 5),)	4hiq_ligand
((10, 11, 12, 13, 14, 15, 16, 17),)	4hlh_ligand
((0, 1, 2, 7, 9, 10, 13, 11), (8, 7, 2, 1, 11, 12, 13, 9))	4ht0_ligand
((0, 1, 2, 7, 9, 10, 13, 11), (8, 7, 2, 1, 11, 12, 13, 9))	4ht2_ligand
((8, 7, 6, 18, 16, 17, 11, 9), (10, 9, 7, 6, 18, 19, 16, 11))	4hu1_ligand
((22, 1, 0, 23, 24, 25, 26, 2),)	4i8n_ligand
((6, 4, 3, 2, 1, 25, 0, 5),)	4ijh_ligand
((19, 22, 11, 9, 20, 5, 10, 12),)	4iqu_ligand
((16, 9, 7, 18, 19, 20, 8, 10),)	4j0p_ligand
((15, 8, 7, 6, 11, 12, 10, 9),)	4j0t_ligand
((8, 11, 12, 13, 14, 26, 15, 16),)	4j0v_ligand
((16, 3, 2, 1, 4, 11, 5, 6),)	4j0y_ligand
((16, 11, 0, 1, 2, 12, 3, 4),)	4j0z_ligand
((5, 12, 13, 14, 6, 17, 15, 16),)	4j17_ligand
((5, 22, 6, 7, 8, 23, 11, 21),)	4j1c_ligand
((17, 12, 11, 10, 4, 15, 14, 13),)	4j1e_ligand
((15, 8, 7, 6, 11, 12, 10, 9),)	4j1f_ligand
((15, 8, 7, 6, 11, 12, 10, 9),)	4j1h_ligand
((21, 6, 0, 3, 11, 15, 5, 4),)	4j1i_ligand
((15, 8, 7, 6, 11, 12, 10, 9),)	4j1k_ligand
((20, 21, 22, 23, 25, 26, 27, 28), (24, 23, 22, 21, 28, 29, 27, 25))	4j3j_ligand
((13, 12, 11, 10, 15, 16, 17, 18),)	4j53_ligand
((6, 5, 0, 1, 2, 27, 3, 4),)	4jju_ligand
((0, 1, 2, 7, 5, 6, 4, 3),)	4joa_ligand
((13, 14, 15, 16, 17, 35, 18, 19),)	4jve_ligand
((1, 3, 4, 5, 6, 7, 8, 9),)	4jz1_ligand
((6, 5, 0, 1, 2, 25, 3, 4),)	4k0y_ligand
((18, 19, 20, 21, 22, 25, 23, 24),)	4k18_ligand
((10, 13, 14, 15, 18, 19, 17, 16),)	4k2g_ligand
((3, 19, 20, 21, 22, 23, 24, 25),)	4kai_ligand
((20, 21, 22, 23, 26, 27, 25, 24),)	4kb7_ligand
((17, 12, 1, 11, 10, 13, 9, 4),)	4kb8_ligand
((14, 4, 3, 7, 5, 17, 15, 16),)	4kba_ligand
((3, 4, 8, 9, 10, 19, 1, 11),)	4kbc_ligand
((5, 33, 34, 35, 36, 37, 38, 39),)	4kbi_ligand
((1, 15, 4, 3, 7, 17, 5, 16),)	4kbk_ligand
((7, 6, 3, 2, 1, 0, 4, 5),)	4kil_ligand
((5, 4, 3, 2, 1, 0, 6, 8),)	4knb_ligand
((33, 21, 3, 4, 22, 34, 7, 5),)	4ksp_ligand
((5, 4, 3, 2, 1, 0, 24, 23),)	4ksq_ligand
((10, 11, 12, 13, 14, 15, 16, 17),)	4kzl_ligand
((10, 9, 3, 4, 5, 6, 7, 8),)	4l2g_ligand
((7, 6, 3, 2, 1, 0, 4, 5),)	4l7f_ligand
((3, 4, 7, 6, 5, 23, 21, 20),)	4l7h_ligand
((14, 4, 7, 6, 5, 23, 21, 20),)	4l7j_ligand
((25, 31, 8, 10, 33, 2, 37, 14),)	4l8m_ligand
((23, 19, 4, 1, 17, 0, 2, 5),)	4l9i_ligand
((22, 23, 25, 27, 29, 30, 28, 26),)	4li7_ligand
((22, 24, 25, 28, 26, 30, 27, 29),)	4li8_ligand
((1, 2, 3, 4, 5, 6, 7, 9),)	4lmn_ligand
((5, 6, 7, 8, 9, 10, 11, 12), (13, 14, 15, 16, 17, 18, 19, 20))	4ln7_ligand
((23, 11, 6, 7, 8, 12, 9, 10),)	4loo_ligand
((23, 11, 6, 7, 8, 12, 9, 10),)	4lop_ligand
((23, 11, 6, 7, 8, 12, 9, 10),)	4loq_ligand
((26, 25, 24, 27, 28, 29, 30, 31),)	4loy_ligand
((2, 6, 8, 7, 9, 15, 12, 11),)	4luv_ligand
((2, 6, 8, 7, 9, 15, 12, 11),)	4lw1_ligand
((17, 19, 20, 21, 22, 23, 24, 25),)	4m4q_ligand
((5, 6, 7, 8, 9, 12, 10, 11),)	4m5u_ligand
((20, 14, 13, 11, 17, 18, 16, 15),)	4mbj_ligand
((10, 4, 3, 2, 1, 32, 0, 5),)	4mc1_ligand
((10, 4, 3, 2, 1, 32, 0, 5),)	4mc2_ligand
((8, 4, 3, 2, 1, 6, 0, 5),)	4mc6_ligand
((8, 4, 3, 2, 1, 6, 0, 5),)	4mc9_ligand
((7, 6, 3, 2, 1, 0, 4, 5),)	4mk0_ligand
((23, 19, 4, 1, 17, 0, 2, 5),)	4mm4_ligand
((21, 22, 23, 24, 25, 26, 27, 29),)	4muw_ligand
((34, 35, 36, 37, 38, 39, 40, 41),)	4mxc_ligand
((12, 9, 7, 8, 23, 31, 24, 10),)	4mz4_ligand
((3, 10, 9, 15, 13, 14, 12, 11),)	4n07_ligand
((10, 11, 12, 17, 15, 16, 14, 13),)	4n3r_ligand
((5, 4, 3, 19, 18, 20, 17, 16),)	4n5g_ligand
((1, 3, 4, 5, 6, 7, 8, 9),)	4n8q_ligand
((7, 4, 3, 2, 1, 12, 0, 5),)	4n98_ligand
((9, 0, 2, 10, 11, 15, 12, 13),)	4nbl_ligand
((44, 45, 46, 47, 48, 49, 50, 51),)	4nms_ligand
((17, 0, 19, 1, 20, 32, 2, 21),)	4nxo_ligand
((7, 6, 0, 2, 1, 3, 4, 5),)	4nxs_ligand
((3, 2, 1, 0, 11, 30, 10, 9),)	4o6e_ligand
((5, 4, 3, 2, 1, 0, 24, 23),)	4o77_ligand
((15, 25, 26, 27, 28, 31, 29, 30),)	4o7b_ligand
((16, 26, 27, 28, 29, 32, 30, 31),)	4o7f_ligand
((30, 31, 32, 34, 36, 37, 35, 33), (82, 83, 84, 86, 88, 89, 87, 85))	4ofb_ligand
((0, 1, 2, 7, 8, 9, 10, 11),)	4ojr_ligand
((7, 6, 3, 2, 1, 0, 4, 5),)	4ovz_ligand
((0, 8, 4, 5, 9, 3, 6, 10),)	4own_ligand
((4, 5, 9, 8, 7, 12, 6, 11),)	4oz2_ligand
((28, 30, 31, 32, 33, 34, 35, 36),)	4p44_ligand
((27, 29, 30, 31, 32, 33, 34, 35),)	4p45_ligand
((21, 22, 8, 25, 9, 24, 23, 10),)	4pf3_ligand
((4, 15, 13, 8, 12, 11, 9, 14), (21, 22, 5, 6, 23, 24, 7, 25))	4pjt_ligand
((9, 17, 18, 19, 20, 23, 21, 22),)	4pkr_ligand
((16, 8, 9, 10, 20, 23, 21, 22),)	4pks_ligand
((14, 17, 18, 19, 20, 21, 22, 23),)	4pkt_ligand
((14, 17, 18, 19, 20, 21, 22, 23),)	4pku_ligand
((23, 6, 7, 8, 9, 26, 10, 11),)	4pkv_ligand
((17, 20, 21, 22, 23, 26, 24, 25),)	4pnk_ligand
((9, 3, 2, 1, 6, 7, 5, 4),)	4pp7_ligand
((0, 1, 2, 7, 15, 16, 10, 9), (17, 9, 1, 2, 7, 8, 15, 10))	4pyx_ligand
((0, 1, 2, 7, 9, 10, 12, 11), (19, 11, 1, 2, 7, 8, 9, 12))	4pyy_ligand
((8, 7, 6, 18, 16, 17, 11, 9), (10, 9, 7, 6, 18, 19, 16, 11))	4pzh_ligand
((0, 1, 2, 7, 15, 16, 10, 9), (17, 9, 1, 2, 7, 8, 15, 10))	4q06_ligand
((0, 1, 2, 7, 9, 10, 12, 11), (19, 11, 1, 2, 7, 8, 9, 12))	4q07_ligand
((0, 1, 2, 7, 15, 16, 10, 9), (17, 9, 1, 2, 7, 8, 15, 10))	4q08_ligand
((0, 1, 2, 7, 9, 10, 12, 11), (19, 11, 1, 2, 7, 8, 9, 12))	4q09_ligand
((0, 1, 2, 7, 9, 10, 12, 11), (19, 11, 1, 2, 7, 8, 9, 12))	4q0l_ligand
((8, 7, 6, 11, 12, 13, 14, 9), (19, 11, 6, 7, 9, 10, 14, 12))	4qiy_ligand
((8, 7, 6, 11, 12, 13, 14, 9), (19, 11, 6, 7, 9, 10, 14, 12))	4qiz_ligand
((8, 7, 6, 11, 12, 13, 14, 9), (19, 11, 6, 7, 9, 10, 14, 12))	4qj0_ligand
((0, 1, 2, 7, 9, 10, 12, 11), (24, 11, 1, 2, 7, 8, 9, 12))	4qjm_ligand
((0, 1, 2, 7, 9, 10, 12, 11), (24, 11, 1, 2, 7, 8, 9, 12))	4qjo_ligand
((0, 1, 2, 7, 9, 10, 12, 11), (24, 11, 1, 2, 7, 8, 9, 12))	4qjp_ligand
((0, 1, 2, 7, 9, 10, 12, 11), (19, 11, 1, 2, 7, 8, 9, 12))	4qjw_ligand
((0, 1, 2, 7, 9, 10, 12, 11), (19, 11, 1, 2, 7, 8, 9, 12))	4qjx_ligand
((0, 1, 2, 7, 9, 10, 12, 11), (19, 11, 1, 2, 7, 8, 9, 12))	4qtl_ligand
((8, 9, 11, 12, 13, 16, 14, 15),)	4re9_ligand
((20, 2, 1, 6, 5, 19, 4, 3),)	4rx5_ligand
((17, 1, 0, 5, 4, 18, 3, 2),)	4std_ligand
((20, 19, 14, 13, 15, 16, 17, 18),)	4tkg_ligand
((6, 7, 8, 9, 10, 11, 12, 13),)	4tyo_ligand
((15, 14, 3, 2, 1, 0, 12, 13),)	4u93_ligand
((7, 5, 4, 3, 1, 0, 2, 6),)	4uce_ligand
((7, 4, 3, 2, 1, 0, 6, 5),)	4umr_ligand
((15, 9, 1, 2, 12, 29, 4, 10),)	4uxl_ligand
((19, 20, 21, 22, 23, 24, 25, 26),)	4w4x_ligand
((7, 10, 11, 12, 13, 16, 14, 15),)	4wf6_ligand
((27, 30, 31, 32, 33, 34, 35, 36),)	4wgi_ligand
((6, 0, 1, 2, 3, 8, 4, 5),)	4whq_ligand
((6, 0, 1, 2, 3, 8, 4, 5),)	4whr_ligand
((6, 0, 1, 2, 3, 8, 4, 5),)	4whs_ligand
((1, 3, 4, 5, 6, 12, 2, 7),)	4wlb_ligand
((0, 12, 6, 7, 8, 9, 10, 11),)	4wmv_ligand
((17, 16, 11, 10, 12, 13, 14, 15),)	4wnk_ligand
((0, 1, 2, 13, 11, 12, 9, 4), (3, 2, 1, 4, 9, 10, 11, 13))	4wr7_ligand
((0, 1, 2, 13, 11, 12, 9, 4), (3, 2, 1, 4, 9, 10, 11, 13))	4ww6_ligand
((13, 14, 15, 16, 17, 18, 19, 20),)	4wwn_ligand
((6, 0, 2, 16, 5, 18, 3, 11),)	4wy1_ligand
((2, 9, 0, 10, 3, 11, 7, 8),)	4wy6_ligand
((7, 3, 2, 5, 4, 15, 12, 13),)	4x2l_ligand
((17, 18, 1, 2, 21, 22, 20, 19),)	4x7i_ligand
((25, 24, 15, 16, 17, 18, 19, 20),)	4xjs_ligand
((15, 19, 8, 9, 10, 21, 11, 20),)	4xm6_ligand
((19, 7, 8, 9, 10, 22, 11, 12),)	4xm7_ligand
((7, 4, 3, 2, 0, 1, 6, 5),)	4xsz_ligand
((5, 7, 8, 3, 22, 32, 30, 29),)	4xv1_ligand
((13, 14, 15, 21, 19, 20, 18, 17),)	4xv9_ligand
((13, 0, 1, 2, 3, 12, 4, 5),)	4xxs_ligand
((8, 0, 2, 3, 4, 5, 1, 7), (16, 1, 4, 3, 2, 6, 0, 7))	4ybi_ligand
((25, 17, 16, 15, 14, 24, 12, 18),)	4yt6_ligand
((19, 16, 15, 14, 13, 26, 18, 17),)	4yt7_ligand
((7, 6, 0, 1, 2, 3, 4, 5),)	4yyl_ligand
((18, 16, 15, 20, 21, 22, 23, 17),)	4yzn_ligand
((5, 6, 2, 10, 9, 30, 8, 7),)	4zg6_ligand
((19, 12, 17, 13, 16, 15, 14, 18),)	4zg9_ligand
((18, 19, 20, 21, 24, 25, 23, 22),)	4zga_ligand
((11, 10, 5, 4, 6, 7, 8, 9),)	4zh3_ligand
((11, 10, 5, 4, 6, 7, 8, 9), (15, 16, 17, 18, 19, 20, 21, 22))	4zh4_ligand
((14, 1, 2, 25, 23, 24, 22, 21),)	4zji_ligand
((17, 1, 2, 25, 23, 24, 22, 21),)	4zjj_ligand
((16, 3, 17, 23, 21, 22, 20, 19), (16, 4, 5, 6, 7, 10, 8, 9))	4zlo_ligand
((1, 17, 18, 19, 20, 23, 21, 22),)	5abg_ligand
((15, 16, 2, 1, 5, 12, 4, 3),)	5acx_ligand
((2, 3, 4, 5, 6, 7, 8, 9),)	5afk_ligand
((32, 3, 1, 2, 4, 30, 6, 5),)	5agi_ligand
((32, 3, 1, 2, 4, 30, 6, 5),)	5agj_ligand
((7, 6, 1, 2, 3, 31, 4, 5),)	5ak2_ligand
((10, 11, 12, 13, 14, 15, 16, 18),)	5alb_ligand
((10, 11, 12, 13, 14, 15, 16, 18),)	5alc_ligand
((4, 11, 12, 13, 14, 17, 15, 16),)	5aln_ligand
((28, 17, 9, 7, 15, 26, 8, 10),)	5aph_ligand
((18, 25, 20, 21, 22, 26, 23, 24),)	5ar4_ligand
((3, 4, 5, 6, 7, 10, 8, 9),)	5bui_ligand
((22, 8, 4, 5, 20, 21, 6, 7),)	5bvo_ligand
((12, 11, 4, 7, 6, 5, 3, 13),)	5c4u_ligand
((18, 3, 2, 1, 0, 10, 5, 4),)	5cgc_ligand
((14, 4, 5, 6, 7, 17, 8, 9),)	5d1s_ligand
((21, 5, 6, 7, 8, 24, 9, 10),)	5d1t_ligand
((16, 5, 6, 7, 8, 19, 9, 10),)	5d1u_ligand
((13, 1, 3, 2, 16, 18, 15, 14),)	5e1e_ligand
((18, 17, 11, 12, 13, 14, 15, 16),)	5eds_ligand
((5, 4, 3, 2, 1, 26, 0, 9), (8, 9, 0, 1, 2, 27, 3, 4))	5std_ligand
