((17, 27, 20, 21, 23, 24, 25, 26),)	1a4r_ligand
((26, 25, 31, 32, 18, 19, 20, 24),)	1a8t_ligand
((9, 19, 12, 13, 15, 16, 17, 18),)	1b2m_ligand
((9, 19, 12, 13, 15, 17, 16, 18),)	1b8n_ligand
((24, 14, 13, 18, 17, 16, 19, 15),)	1bl7_ligand
((15, 11, 12, 7, 8, 9, 13, 10),)	1bmk_ligand
((6, 7, 2, 1, 0, 9, 10, 8),)	1br5_ligand
((13, 2, 1, 0, 12, 4, 7, 5),)	1br6_ligand
((9, 4, 5, 3, 2, 1, 25, 0), (26, 3, 5, 4, 0, 1, 25, 2))	1bzf_ligand
((14, 23, 17, 18, 20, 1, 21, 22),)	1bzy_ligand
((10, 11, 6, 4, 3, 1, 2, 0),)	1c2t_ligand
((8, 7, 6, 4, 3, 1, 2, 0),)	1c3e_ligand
((3, 8, 9, 10, 5, 6, 4, 7),)	1c3x_ligand
((1, 11, 4, 5, 7, 8, 9, 10),)	1ch8_ligand
((10, 11, 6, 4, 3, 1, 2, 0),)	1ci7_ligand
((22, 23, 30, 28, 27, 25, 26, 24),)	1clu_ligand
((17, 27, 20, 21, 23, 24, 25, 26),)	1d2e_ligand
((17, 27, 20, 21, 23, 24, 25, 26),)	1dar_ligand
((13, 23, 16, 17, 19, 20, 21, 22),)	1det_ligand
((10, 11, 6, 4, 3, 1, 2, 0),)	1dfo_ligand
((5, 4, 6, 11, 0, 1, 2, 3), (10, 11, 6, 4, 3, 1, 2, 0))	1dhi_ligand
((5, 4, 6, 11, 0, 1, 2, 3), (10, 11, 6, 4, 3, 1, 2, 0))	1dhj_ligand
((5, 4, 6, 7, 0, 1, 2, 3),)	1dis_ligand
((14, 23, 17, 18, 20, 1, 21, 22),)	1dqn_ligand
((6, 5, 4, 3, 2, 1, 11, 0), (10, 3, 4, 5, 0, 1, 11, 2))	1e1v_ligand
((2, 1, 10, 13, 15, 16, 17, 0), (14, 13, 10, 1, 0, 16, 17, 15))	1e1x_ligand
((17, 28, 21, 22, 24, 25, 26, 27),)	1ej4_ligand
((18, 11, 12, 13, 14, 15, 17, 16), (20, 13, 12, 11, 16, 15, 17, 14))	1ewj_ligand
((45, 46, 47, 39, 38, 36, 37, 35),)	1ex8_ligand
((7, 6, 15, 0, 2, 3, 4, 5),)	1f28_ligand
((0, 10, 3, 4, 6, 7, 8, 9),)	1fsg_ligand
((17, 27, 20, 21, 23, 24, 25, 26),)	1fzq_ligand
((1, 2, 7, 5, 6, 4, 18, 3), (10, 5, 7, 2, 3, 4, 18, 6))	1g5s_ligand
((13, 23, 16, 17, 19, 20, 21, 22),)	1g9t_ligand
((34, 33, 26, 27, 29, 30, 31, 32),)	1gar_ligand
((20, 4, 5, 2, 1, 3, 21, 6),)	1h01_ligand
((20, 4, 5, 2, 1, 3, 21, 6),)	1h08_ligand
((6, 5, 4, 3, 2, 1, 11, 0), (10, 3, 4, 5, 0, 1, 11, 2))	1h1p_ligand
((15, 14, 16, 19, 20, 0, 21, 13), (18, 19, 16, 14, 13, 0, 21, 20))	1h1q_ligand
((3, 2, 11, 15, 16, 0, 17, 1), (14, 15, 11, 2, 1, 0, 17, 16))	1h1r_ligand
((16, 15, 17, 20, 21, 0, 22, 14), (19, 20, 17, 15, 14, 0, 22, 21))	1h1s_ligand
((17, 27, 20, 21, 23, 24, 25, 26), (40, 50, 43, 44, 46, 47, 48, 49))	1h2t_ligand
((10, 11, 6, 4, 3, 1, 2, 0),)	1hvy_ligand
((10, 11, 6, 4, 3, 1, 2, 0),)	1i00_ligand
((2, 6, 7, 8, 9, 10, 12, 11),)	1iep_ligand
((17, 2, 3, 4, 5, 0, 16, 1), (18, 4, 3, 2, 1, 0, 16, 5))	1ikx_ligand
((0, 10, 3, 4, 6, 7, 8, 9),)	1il3_ligand
((0, 10, 3, 4, 6, 7, 8, 9),)	1il4_ligand
((8, 7, 0, 2, 3, 4, 5, 6), (9, 2, 0, 7, 6, 4, 5, 3))	1il5_ligand
((9, 3, 4, 5, 0, 1, 11, 2),)	1il9_ligand
((0, 9, 3, 4, 6, 7, 10, 8), (5, 4, 3, 9, 8, 7, 10, 6))	1jdj_ligand
((18, 11, 12, 13, 14, 15, 17, 16), (20, 13, 12, 11, 16, 15, 17, 14))	1jif_ligand
((9, 8, 7, 5, 4, 2, 3, 1),)	1jjk_ligand
((21, 31, 24, 25, 27, 28, 29, 30),)	1jlr_ligand
((6, 3, 4, 5, 0, 1, 19, 2),)	1jtq_ligand
((10, 11, 12, 13, 15, 16, 18, 17),)	1juj_ligand
((20, 21, 22, 23, 25, 26, 28, 27),)	1jut_ligand
((1, 3, 10, 8, 7, 5, 6, 4),)	1k4g_ligand
((5, 6, 12, 10, 9, 8, 17, 7),)	1k4h_ligand
((20, 3, 0, 1, 18, 2, 22, 19), (21, 1, 0, 3, 19, 2, 22, 18))	1kmv_ligand
((0, 10, 3, 4, 6, 7, 8, 9), (5, 4, 3, 10, 9, 7, 8, 6))	1lv8_ligand
((0, 10, 3, 4, 6, 7, 8, 9), (5, 4, 3, 10, 9, 7, 8, 6))	1lvu_ligand
((0, 1, 5, 6, 7, 3, 4, 2), (10, 6, 5, 1, 2, 3, 4, 7))	1n1g_ligand
((27, 26, 19, 20, 22, 23, 24, 25),)	1njs_ligand
((9, 19, 12, 13, 15, 16, 17, 18),)	1odj_ligand
((15, 14, 16, 19, 20, 0, 21, 13), (18, 19, 16, 14, 13, 0, 21, 20))	1ogu_ligand
((16, 15, 17, 20, 21, 0, 22, 14), (19, 20, 17, 15, 14, 0, 22, 21))	1oi9_ligand
((10, 9, 8, 7, 6, 4, 3, 5),)	1oiq_ligand
((9, 10, 11, 12, 13, 15, 16, 14),)	1oir_ligand
((9, 8, 7, 11, 24, 13, 23, 14),)	1oit_ligand
((17, 16, 18, 21, 22, 0, 11, 15), (20, 21, 18, 16, 15, 0, 11, 22))	1oiu_ligand
((15, 14, 16, 19, 20, 0, 21, 13), (18, 19, 16, 14, 13, 0, 21, 20))	1oiy_ligand
((13, 14, 9, 7, 6, 5, 4, 15),)	1om1_ligand
((9, 7, 6, 5, 4, 3, 2, 8),)	1ouk_ligand
((52, 45, 44, 50, 49, 47, 48, 46),)	1oz0_ligand
((8, 3, 4, 31, 33, 1, 0, 2),)	1p4r_ligand
((23, 16, 15, 21, 20, 18, 19, 17),)	1pl0_ligand
((4, 16, 24, 25, 26, 27, 29, 28),)	1pmn_ligand
((12, 22, 15, 16, 18, 19, 20, 21),)	1ppx_ligand
((12, 22, 15, 16, 18, 19, 20, 21),)	1pun_ligand
((12, 22, 15, 16, 18, 19, 20, 21),)	1puq_ligand
((12, 22, 15, 16, 18, 19, 20, 21),)	1pus_ligand
((5, 15, 8, 9, 11, 12, 13, 14),)	1pwy_ligand
((6, 7, 9, 10, 11, 12, 13, 8),)	1pxi_ligand
((6, 7, 9, 10, 11, 12, 13, 8),)	1pxj_ligand
((6, 7, 9, 10, 11, 12, 13, 8),)	1pxk_ligand
((17, 16, 14, 13, 12, 11, 10, 15),)	1pxl_ligand
((14, 12, 13, 10, 9, 8, 7, 11),)	1pxm_ligand
((6, 8, 9, 13, 12, 11, 14, 10),)	1pxn_ligand
((6, 7, 9, 10, 11, 12, 13, 8),)	1pxo_ligand
((6, 4, 5, 0, 1, 2, 13, 3),)	1pxp_ligand
((3, 4, 11, 9, 8, 6, 7, 5),)	1q4w_ligand
((1, 3, 10, 8, 7, 5, 6, 4),)	1q63_ligand
((3, 4, 11, 9, 8, 6, 7, 5),)	1q65_ligand
((4, 5, 12, 10, 9, 7, 8, 6),)	1q66_ligand
((13, 23, 16, 17, 19, 20, 21, 22),)	1qk3_ligand
((17, 27, 20, 21, 23, 24, 25, 26),)	1r5n_ligand
((3, 4, 11, 9, 8, 6, 7, 5),)	1r5y_ligand
((13, 23, 16, 17, 19, 20, 21, 22),)	1rgl_ligand
((13, 23, 16, 17, 19, 20, 21, 22),)	1rnt_ligand
((5, 4, 6, 7, 0, 1, 2, 3),)	1rp7_ligand
((8, 9, 5, 3, 2, 1, 0, 10),)	1rri_ligand
((1, 11, 4, 5, 7, 8, 9, 10),)	1rrw_ligand
((8, 9, 5, 3, 2, 1, 0, 10),)	1rs4_ligand
((8, 9, 5, 3, 2, 1, 0, 10),)	1rsd_ligand
((9, 3, 4, 6, 8, 1, 0, 2),)	1rsi_ligand
((7, 8, 9, 12, 16, 15, 17, 14), (13, 12, 9, 8, 14, 15, 17, 16))	1rwq_ligand
((17, 27, 20, 21, 23, 24, 25, 26),)	1ryf_ligand
((21, 31, 24, 25, 27, 28, 29, 30),)	1ryh_ligand
((1, 3, 10, 8, 7, 5, 6, 4),)	1s38_ligand
((2, 3, 10, 8, 7, 5, 6, 4),)	1s39_ligand
((2, 6, 7, 8, 9, 10, 12, 11),)	1t46_ligand
((31, 35, 34, 40, 39, 37, 38, 36),)	1tl7_ligand
((1, 4, 6, 7, 9, 10, 11, 5),)	1tou_ligand
((17, 27, 20, 21, 23, 24, 25, 26),)	1tpz_ligand
((17, 27, 20, 21, 23, 24, 25, 26),)	1tq4_ligand
((31, 35, 34, 40, 39, 37, 38, 36),)	1u0h_ligand
((17, 27, 20, 21, 23, 24, 25, 26),)	1u2r_ligand
((5, 4, 6, 12, 0, 1, 2, 3), (11, 12, 6, 4, 3, 1, 2, 0))	1u71_ligand
((9, 12, 17, 16, 15, 14, 26, 13), (18, 16, 17, 12, 13, 14, 26, 15))	1u9v_ligand
((4, 3, 2, 5, 7, 8, 24, 6), (9, 5, 2, 3, 6, 8, 24, 7))	1u9w_ligand
((0, 5, 6, 7, 8, 3, 33, 4), (9, 7, 6, 5, 4, 3, 33, 8))	1u9x_ligand
((3, 13, 7, 8, 10, 11, 14, 12),)	1udt_ligand
((1, 2, 3, 9, 8, 7, 11, 6),)	1uk0_ligand
((9, 8, 14, 17, 16, 6, 5, 7), (18, 17, 14, 8, 7, 6, 5, 16))	1unl_ligand
((3, 8, 7, 12, 19, 11, 20, 13),)	1urw_ligand
((18, 17, 16, 19, 20, 21, 29, 22), (23, 19, 16, 17, 22, 21, 29, 20))	1uyf_ligand
((1, 2, 7, 8, 6, 4, 18, 3), (9, 8, 7, 2, 3, 4, 18, 6))	1uyg_ligand
((15, 14, 13, 16, 17, 18, 25, 19), (20, 16, 13, 14, 19, 18, 25, 17))	1uyh_ligand
((5, 6, 8, 9, 11, 12, 13, 7), (10, 9, 8, 6, 7, 12, 13, 11))	1uyi_ligand
((4, 5, 9, 10, 8, 7, 24, 6), (11, 10, 9, 5, 6, 7, 24, 8))	1uyk_ligand
((2, 3, 7, 6, 0, 5, 21, 4), (10, 6, 7, 3, 4, 5, 21, 0))	1v0p_ligand
((0, 10, 3, 4, 6, 7, 8, 9),)	1v48_ligand
((0, 4, 3, 5, 6, 7, 10, 8), (14, 5, 3, 4, 8, 7, 10, 6))	1w0x_ligand
((12, 22, 15, 16, 18, 19, 20, 21),)	1w25_ligand
((2, 6, 7, 8, 9, 10, 12, 11),)	1xbb_ligand
((3, 13, 7, 8, 10, 11, 14, 12),)	1xos_ligand
((0, 6, 7, 8, 9, 10, 12, 11),)	1y2f_ligand
((30, 28, 27, 26, 25, 24, 23, 29),)	1y57_ligand
((0, 9, 10, 11, 12, 13, 15, 14),)	1yw2_ligand
((11, 12, 24, 22, 26, 25, 23, 21),)	1ywr_ligand
((5, 6, 13, 11, 10, 8, 9, 7), (12, 11, 13, 6, 7, 8, 9, 10))	1z34_ligand
((22, 1, 0, 5, 4, 3, 7, 2),)	1z5m_ligand
((8, 9, 10, 13, 18, 19, 21, 20), (14, 13, 10, 9, 20, 19, 21, 18))	2a0c_ligand
((9, 8, 14, 17, 16, 6, 5, 7), (18, 17, 14, 8, 7, 6, 5, 16))	2a4l_ligand
((18, 11, 12, 13, 14, 15, 17, 16), (20, 13, 12, 11, 16, 15, 17, 14))	2a4w_ligand
((11, 6, 7, 1, 2, 3, 4, 5),)	2a5b_ligand
((5, 9, 8, 13, 12, 11, 15, 10),)	2a8g_ligand
((13, 3, 4, 5, 0, 1, 12, 2), (14, 5, 4, 3, 2, 1, 12, 0))	2aov_ligand
((9, 10, 11, 16, 15, 14, 22, 13), (17, 16, 11, 10, 13, 14, 22, 15))	2b53_ligand
((6, 3, 4, 5, 0, 1, 19, 2),)	2b54_ligand
((2, 3, 8, 7, 6, 5, 30, 4), (11, 7, 8, 3, 4, 5, 30, 6))	2bdf_ligand
((0, 9, 3, 4, 6, 7, 29, 8), (5, 4, 3, 9, 8, 7, 29, 6))	2bdj_ligand
((6, 4, 5, 0, 1, 2, 13, 3),)	2c5n_ligand
((6, 7, 9, 10, 11, 12, 13, 8),)	2c5o_ligand
((11, 12, 14, 15, 16, 17, 18, 13),)	2c5x_ligand
((11, 12, 14, 15, 16, 17, 18, 13),)	2c5y_ligand
((3, 7, 8, 9, 10, 13, 14, 15), (16, 9, 8, 7, 15, 13, 14, 10))	2c68_ligand
((10, 11, 18, 19, 14, 13, 15, 12), (21, 19, 18, 11, 12, 13, 15, 14))	2c6i_ligand
((10, 11, 19, 18, 17, 15, 16, 12), (20, 18, 19, 11, 12, 15, 16, 17))	2c6k_ligand
((10, 11, 18, 19, 14, 13, 15, 12), (20, 19, 18, 11, 12, 13, 15, 14))	2c6m_ligand
((16, 15, 17, 20, 21, 0, 22, 14), (19, 20, 17, 15, 14, 0, 22, 21))	2c6o_ligand
((1, 0, 2, 7, 11, 8, 13, 3),)	2chm_ligand
((16, 17, 11, 9, 8, 19, 20, 18),)	2chw_ligand
((12, 11, 15, 16, 17, 9, 8, 10), (20, 16, 15, 11, 10, 9, 8, 17))	2chx_ligand
((10, 11, 6, 4, 3, 1, 2, 0),)	2d0k_ligand
((5, 4, 6, 11, 0, 1, 2, 3), (10, 11, 6, 4, 3, 1, 2, 0))	2drc_ligand
((23, 25, 30, 29, 28, 27, 31, 26),)	2e2b_ligand
((10, 11, 6, 4, 3, 1, 2, 0),)	2e7f_ligand
((21, 15, 18, 17, 16, 13, 12, 14),)	2etm_ligand
((12, 11, 6, 7, 8, 9, 20, 10),)	2euf_ligand
((13, 9, 10, 17, 18, 7, 6, 8), (19, 17, 10, 9, 8, 7, 6, 18))	2f2c_ligand
((28, 38, 31, 32, 34, 35, 36, 37),)	2f3r_ligand
((3, 7, 8, 9, 10, 11, 20, 12), (13, 9, 8, 7, 12, 11, 20, 10))	2f4j_ligand
((32, 11, 10, 9, 30, 8, 29, 31),)	2fgi_ligand
((9, 19, 12, 13, 15, 16, 17, 18),)	2fqx_ligand
((25, 11, 10, 9, 8, 7, 6, 12),)	2fvd_ligand
((13, 23, 16, 17, 19, 20, 21, 22),)	2fxv_ligand
((6, 0, 5, 4, 3, 2, 7, 1), (8, 4, 5, 0, 1, 2, 7, 3))	2g1r_ligand
((6, 0, 5, 4, 3, 2, 7, 1), (8, 4, 5, 0, 1, 2, 7, 3))	2g1y_ligand
((6, 0, 5, 4, 3, 2, 7, 1), (8, 4, 5, 0, 1, 2, 7, 3))	2g24_ligand
((3, 10, 12, 11, 2, 9, 8, 1), (21, 11, 12, 10, 1, 9, 8, 2))	2g6p_ligand
((17, 27, 20, 21, 23, 24, 25, 26),)	2g83_ligand
((23, 24, 20, 19, 18, 17, 16, 25), (26, 19, 20, 24, 25, 17, 16, 18))	2g9x_ligand
((6, 7, 8, 14, 13, 10, 11, 9),)	2gu8_ligand
((3, 13, 7, 8, 10, 11, 14, 12),)	2h42_ligand
((21, 31, 24, 25, 27, 28, 29, 30),)	2hf8_ligand
((2, 4, 10, 9, 8, 6, 7, 5),)	2hiw_ligand
((8, 9, 11, 12, 21, 22, 23, 10), (13, 12, 11, 9, 10, 22, 23, 21))	2hk5_ligand
((2, 6, 7, 8, 9, 10, 12, 11),)	2hyy_ligand
((21, 20, 24, 18, 17, 16, 15, 19),)	2hzi_ligand
((6, 0, 5, 4, 3, 2, 7, 1), (8, 4, 5, 0, 1, 2, 7, 3))	2iko_ligand
((1, 15, 2, 16, 17, 18, 19, 0), (3, 16, 2, 15, 0, 18, 19, 17))	2iku_ligand
((1, 28, 2, 29, 30, 31, 32, 0), (3, 29, 2, 28, 0, 31, 32, 30))	2il2_ligand
((16, 15, 17, 20, 21, 0, 22, 14), (19, 20, 17, 15, 14, 0, 22, 21))	2iw8_ligand
((16, 15, 17, 20, 21, 0, 22, 14), (19, 20, 17, 15, 14, 0, 22, 21))	2iw9_ligand
((22, 21, 19, 18, 17, 15, 14, 16),)	2jkk_ligand
((13, 14, 16, 18, 19, 20, 21, 15),)	2jkm_ligand
((23, 22, 20, 19, 18, 16, 15, 17),)	2jko_ligand
((23, 24, 26, 28, 29, 30, 31, 25),)	2jkq_ligand
((10, 11, 6, 4, 3, 1, 2, 0),)	2kce_ligand
((1, 12, 17, 16, 15, 14, 0, 13),)	2lh8_ligand
((6, 2, 3, 4, 5, 0, 13, 1),)	2no3_ligand
((19, 18, 16, 15, 14, 13, 12, 17),)	2np8_ligand
((8, 2, 3, 4, 5, 0, 6, 1),)	2ofu_ligand
((9, 2, 1, 0, 5, 4, 10, 3),)	2ofv_ligand
((37, 31, 30, 29, 28, 33, 38, 32),)	2og8_ligand
((10, 11, 6, 4, 3, 1, 2, 0),)	2ogy_ligand
((2, 6, 7, 8, 9, 10, 12, 11),)	2oiq_ligand
((19, 14, 15, 16, 17, 12, 11, 13),)	2p33_ligand
((32, 33, 35, 36, 37, 38, 39, 34),)	2p4i_ligand
((2, 6, 7, 8, 9, 10, 12, 11),)	2pl0_ligand
((7, 0, 1, 2, 3, 4, 6, 5), (8, 2, 1, 0, 5, 4, 6, 3))	2qfo_ligand
((6, 0, 5, 4, 3, 2, 7, 1), (8, 4, 5, 0, 1, 2, 7, 3))	2qg0_ligand
((15, 16, 17, 18, 19, 20, 23, 21), (22, 18, 17, 16, 21, 20, 23, 19))	2qg2_ligand
((5, 4, 6, 11, 0, 1, 2, 3), (10, 11, 6, 4, 3, 1, 2, 0))	2qk8_ligand
((3, 11, 10, 8, 7, 5, 6, 4),)	2qx0_ligand
((4, 3, 23, 24, 26, 1, 0, 2),)	2qzr_ligand
((9, 8, 7, 6, 5, 1, 0, 2), (10, 6, 7, 8, 2, 1, 0, 5))	2r3f_ligand
((9, 8, 7, 6, 5, 1, 0, 2), (10, 6, 7, 8, 2, 1, 0, 5))	2r3i_ligand
((9, 8, 7, 6, 5, 1, 0, 2), (10, 6, 7, 8, 2, 1, 0, 5))	2r3j_ligand
((9, 8, 7, 6, 5, 1, 0, 2), (10, 6, 7, 8, 2, 1, 0, 5))	2r3m_ligand
((9, 8, 7, 6, 5, 1, 0, 2), (10, 6, 7, 8, 2, 1, 0, 5))	2r3n_ligand
((9, 8, 7, 6, 5, 1, 0, 2), (10, 6, 7, 8, 2, 1, 0, 5))	2r3o_ligand
((9, 8, 7, 6, 5, 1, 0, 2), (10, 6, 7, 8, 2, 1, 0, 5))	2r3p_ligand
((19, 15, 14, 13, 12, 17, 30, 16),)	2r6n_ligand
((30, 27, 29, 28, 24, 19, 14, 23), (31, 28, 29, 27, 23, 19, 14, 24))	2rgu_ligand
((1, 30, 37, 2, 0, 28, 27, 29),)	2rku_ligand
((8, 7, 6, 4, 3, 2, 1, 0),)	2toh_ligand
((10, 11, 6, 4, 3, 1, 2, 0),)	2tsr_ligand
((19, 18, 17, 16, 15, 13, 12, 14),)	2uue_ligand
((12, 4, 3, 2, 0, 1, 11, 5),)	2v00_ligand
((15, 16, 10, 11, 12, 18, 19, 17),)	2v58_ligand
((7, 6, 5, 4, 3, 1, 0, 2),)	2v59_ligand
((8, 7, 4, 3, 2, 1, 0, 6),)	2v5a_ligand
((5, 4, 3, 2, 17, 1, 0, 16),)	2va5_ligand
((6, 7, 9, 13, 14, 15, 16, 8), (12, 13, 9, 7, 8, 15, 16, 14))	2vgo_ligand
((3, 4, 5, 6, 8, 9, 10, 15), (7, 6, 5, 4, 15, 9, 10, 8))	2vtr_ligand
((3, 4, 5, 6, 15, 16, 17, 22), (7, 6, 5, 4, 22, 16, 17, 15))	2vts_ligand
((8, 9, 10, 11, 12, 13, 14, 31),)	2vv9_ligand
((8, 4, 5, 3, 2, 1, 10, 0), (9, 3, 5, 4, 0, 1, 10, 2))	2vvt_ligand
((11, 10, 9, 8, 7, 6, 5, 22),)	2vww_ligand
((5, 4, 3, 2, 1, 0, 26, 16),)	2vwx_ligand
((6, 5, 4, 3, 2, 1, 0, 17),)	2vwy_ligand
((6, 5, 4, 3, 2, 1, 0, 17),)	2vwz_ligand
((10, 11, 12, 13, 14, 15, 16, 29),)	2vx0_ligand
((6, 5, 4, 3, 2, 1, 0, 17),)	2vx1_ligand
((19, 0, 5, 4, 3, 2, 6, 1),)	2w05_ligand
((8, 7, 6, 10, 24, 12, 23, 13),)	2w06_ligand
((8, 9, 31, 30, 29, 11, 12, 10),)	2w17_ligand
((1, 2, 6, 7, 8, 4, 5, 3),)	2w54_ligand
((6, 2, 1, 0, 5, 4, 11, 3), (7, 0, 1, 2, 3, 4, 11, 5))	2w6p_ligand
((5, 6, 7, 8, 9, 10, 12, 11),)	2w70_ligand
((14, 15, 16, 17, 18, 19, 21, 20),)	2w71_ligand
((6, 5, 7, 0, 1, 2, 3, 4),)	2w9h_ligand
((6, 7, 9, 10, 11, 12, 13, 8),)	2wev_ligand
((6, 5, 4, 3, 2, 1, 0, 7), (8, 3, 4, 5, 7, 1, 0, 2))	2wi1_ligand
((7, 8, 10, 11, 12, 13, 14, 9),)	2wi4_ligand
((7, 8, 15, 13, 12, 10, 11, 9), (14, 13, 15, 8, 9, 10, 11, 12))	2wi6_ligand
((6, 9, 8, 14, 13, 11, 12, 10), (15, 14, 8, 9, 10, 11, 12, 13))	2wi7_ligand
((8, 10, 11, 19, 18, 17, 20, 16),)	2wih_ligand
((29, 30, 20, 19, 18, 17, 16, 31),)	2wtv_ligand
((29, 30, 20, 19, 18, 17, 16, 31),)	2wtw_ligand
((25, 24, 18, 19, 20, 21, 22, 23),)	2wva_ligand
((16, 17, 11, 9, 8, 19, 20, 18),)	2wxf_ligand
((15, 16, 10, 8, 7, 18, 19, 17),)	2wxg_ligand
((15, 16, 10, 8, 7, 18, 19, 17),)	2wxh_ligand
((15, 16, 10, 8, 7, 18, 19, 17),)	2wxi_ligand
((3, 22, 23, 1, 7, 24, 6, 4), (12, 1, 23, 22, 4, 24, 6, 7))	2wxp_ligand
((15, 16, 11, 9, 8, 18, 19, 17),)	2wxq_ligand
((2, 11, 10, 15, 14, 13, 16, 12),)	2wxv_ligand
((15, 16, 10, 8, 7, 18, 19, 17),)	2x38_ligand
((6, 11, 13, 17, 21, 19, 24, 14), (22, 17, 13, 11, 14, 19, 24, 21))	2x4z_ligand
((4, 8, 7, 10, 17, 18, 19, 9), (11, 10, 7, 8, 9, 18, 19, 17))	2x6k_ligand
((29, 30, 20, 19, 18, 17, 16, 31),)	2x81_ligand
((3, 11, 12, 13, 14, 15, 17, 16),)	2x9e_ligand
((5, 4, 3, 2, 1, 0, 25, 15),)	2x9f_ligand
((20, 8, 5, 3, 16, 10, 21, 17),)	2xa4_ligand
((27, 26, 28, 39, 22, 23, 24, 25), (38, 39, 28, 26, 25, 23, 24, 22))	2xaf_ligand
((27, 26, 28, 39, 22, 23, 24, 25), (38, 39, 28, 26, 25, 23, 24, 22))	2xag_ligand
((27, 26, 28, 39, 22, 23, 24, 25), (38, 39, 28, 26, 25, 23, 24, 22))	2xah_ligand
((27, 26, 28, 39, 22, 23, 24, 25), (38, 39, 28, 26, 25, 23, 24, 22))	2xas_ligand
((28, 1, 0, 5, 4, 3, 6, 2),)	2xb7_ligand
((3, 4, 9, 8, 7, 6, 20, 5), (10, 8, 9, 4, 5, 6, 20, 7))	2xbj_ligand
((15, 16, 21, 20, 19, 18, 23, 17),)	2xch_ligand
((17, 18, 23, 22, 21, 20, 25, 19),)	2xck_ligand
((4, 5, 7, 8, 9, 10, 11, 6),)	2xdk_ligand
((7, 8, 9, 10, 12, 13, 14, 15), (11, 10, 9, 8, 15, 13, 14, 12))	2xdx_ligand
((4, 3, 5, 6, 7, 1, 0, 2), (8, 6, 5, 3, 2, 1, 0, 7))	2xhr_ligand
((3, 4, 5, 6, 19, 7, 8, 18), (20, 6, 5, 4, 18, 7, 8, 19))	2xm8_ligand
((3, 4, 5, 6, 8, 7, 16, 9), (14, 6, 5, 4, 9, 7, 16, 8))	2xm9_ligand
((7, 8, 10, 11, 12, 13, 14, 9),)	2xmy_ligand
((19, 18, 17, 16, 15, 13, 12, 14),)	2xnb_ligand
((3, 4, 5, 6, 7, 8, 9, 26),)	2xvd_ligand
((3, 7, 8, 9, 10, 11, 20, 12), (13, 9, 8, 7, 12, 11, 20, 10))	2xyn_ligand
((2, 5, 6, 11, 12, 13, 14, 4), (10, 11, 6, 5, 4, 13, 14, 12))	2y0j_ligand
((17, 8, 9, 10, 27, 11, 12, 28), (29, 10, 9, 8, 28, 11, 12, 27))	2y6o_ligand
((9, 5, 4, 3, 0, 1, 13, 2),)	2yac_ligand
((7, 6, 5, 1, 2, 9, 10, 8),)	2yc3_ligand
((17, 8, 9, 10, 27, 11, 12, 28), (29, 10, 9, 8, 28, 11, 12, 27))	2zva_ligand
((6, 7, 8, 16, 15, 11, 12, 10), (17, 16, 8, 7, 10, 11, 12, 15))	3a2c_ligand
((3, 7, 8, 9, 10, 11, 20, 12), (13, 9, 8, 7, 12, 11, 20, 10))	3amb_ligand
((10, 9, 17, 18, 7, 6, 5, 8), (19, 18, 17, 9, 8, 6, 5, 7))	3apc_ligand
((7, 10, 12, 13, 15, 16, 17, 11), (14, 13, 12, 10, 11, 16, 17, 15))	3b25_ligand
((12, 13, 15, 16, 18, 19, 20, 14), (17, 16, 15, 13, 14, 19, 20, 18))	3b26_ligand
((37, 14, 31, 30, 29, 15, 33, 32),)	3b2w_ligand
((31, 27, 14, 13, 30, 12, 33, 32),)	3bea_ligand
((7, 5, 4, 3, 2, 1, 0, 6),)	3bgp_ligand
((2, 41, 1, 40, 16, 14, 0, 42), (4, 40, 1, 41, 42, 14, 0, 16))	3bi1_ligand
((3, 4, 9, 10, 12, 13, 14, 5),)	3bjc_ligand
((19, 18, 17, 24, 23, 21, 22, 20), (25, 24, 17, 18, 20, 21, 22, 23))	3bl7_ligand
((14, 15, 24, 16, 26, 17, 27, 28), (25, 16, 24, 15, 28, 17, 27, 26))	3bl9_ligand
((9, 17, 10, 11, 6, 20, 21, 18), (19, 11, 10, 17, 18, 20, 21, 6))	3bla_ligand
((12, 0, 1, 2, 3, 13, 14, 4), (15, 2, 1, 0, 4, 13, 14, 3))	3bmo_ligand
((12, 0, 1, 2, 3, 13, 14, 4), (15, 2, 1, 0, 4, 13, 14, 3))	3bmq_ligand
((7, 8, 10, 17, 18, 19, 20, 9), (13, 17, 10, 8, 9, 19, 20, 18))	3bpr_ligand
((1, 2, 3, 16, 15, 14, 19, 13), (13, 2, 3, 4, 5, 0, 6, 1))	3byo_ligand
((19, 20, 4, 3, 2, 25, 26, 24),)	3bz3_ligand
((4, 3, 8, 9, 11, 1, 0, 2),)	3c4h_ligand
((5, 4, 14, 15, 16, 2, 1, 3),)	3cgf_ligand
((18, 14, 15, 16, 17, 12, 11, 13),)	3cgo_ligand
((1, 6, 5, 4, 17, 3, 0, 25),)	3cjf_ligand
((9, 3, 2, 1, 0, 5, 10, 4),)	3cp9_ligand
((8, 7, 1, 2, 3, 4, 5, 6),)	3cpc_ligand
((21, 20, 18, 19, 24, 23, 25, 22),)	3d7k_ligand
((11, 15, 22, 21, 20, 18, 17, 19),)	3da6_ligand
((3, 22, 23, 1, 7, 24, 6, 4), (12, 1, 23, 22, 4, 24, 6, 7))	3dbs_ligand
((14, 1, 2, 3, 13, 0, 12, 17), (18, 3, 2, 1, 17, 0, 12, 13))	3ddp_ligand
((9, 8, 14, 17, 16, 6, 5, 7), (18, 17, 14, 8, 7, 6, 5, 16))	3ddq_ligand
((23, 22, 20, 18, 17, 15, 13, 16),)	3dng_ligand
((7, 8, 13, 12, 11, 10, 16, 9),)	3dpk_ligand
((7, 27, 26, 17, 16, 29, 30, 28),)	3dt1_ligand
((12, 13, 14, 15, 18, 17, 19, 16),)	3du8_ligand
((3, 7, 8, 9, 10, 11, 20, 12), (13, 9, 8, 7, 12, 11, 20, 10))	3e5a_ligand
((3, 19, 18, 2, 17, 16, 15, 0),)	3efw_ligand
((4, 6, 7, 19, 18, 17, 20, 16),)	3eid_ligand
((5, 4, 6, 11, 0, 1, 2, 3), (10, 11, 6, 4, 3, 1, 2, 0))	3eig_ligand
((9, 5, 6, 15, 14, 13, 16, 12),)	3ej1_ligand
((12, 11, 23, 27, 28, 9, 8, 10), (26, 27, 23, 11, 10, 9, 8, 28))	3ekn_ligand
((4, 3, 2, 0, 1, 8, 9, 7), (33, 0, 2, 3, 7, 8, 9, 1))	3elj_ligand
((9, 13, 14, 15, 16, 17, 18, 27),)	3emg_ligand
((7, 8, 9, 21, 22, 24, 25, 23),)	3eqr_ligand
((24, 14, 13, 18, 17, 16, 19, 15),)	3erk_ligand
((15, 16, 21, 20, 19, 18, 26, 17),)	3et7_ligand
((8, 7, 6, 5, 4, 2, 1, 3),)	3ewh_ligand
((5, 4, 6, 7, 0, 1, 2, 3),)	3exe_ligand
((30, 29, 14, 32, 31, 27, 26, 28),)	3fc2_ligand
((0, 1, 2, 31, 32, 33, 34, 35),)	3fl8_ligand
((6, 5, 7, 0, 1, 2, 3, 4),)	3fl9_ligand
((13, 2, 1, 21, 11, 0, 10, 12), (22, 21, 1, 2, 12, 0, 10, 11))	3fpd_ligand
((15, 4, 3, 1, 16, 0, 17, 2),)	3fqe_ligand
((9, 3, 10, 21, 16, 6, 20, 1),)	3fqs_ligand
((13, 11, 12, 15, 14, 9, 8, 10), (16, 15, 12, 11, 10, 9, 8, 14))	3frz_ligand
((4, 3, 5, 7, 6, 1, 0, 2), (8, 7, 5, 3, 2, 1, 0, 6))	3ft5_ligand
((19, 20, 18, 25, 24, 22, 23, 21), (26, 25, 18, 20, 21, 22, 23, 24))	3ft8_ligand
((21, 20, 18, 19, 24, 23, 25, 22),)	3fzn_ligand
((19, 20, 4, 3, 2, 25, 26, 24),)	3fzr_ligand
((5, 4, 9, 10, 12, 2, 1, 3),)	3g3n_ligand
((17, 8, 9, 10, 27, 11, 12, 28), (29, 10, 9, 8, 28, 11, 12, 27))	3g5d_ligand
((7, 6, 19, 0, 2, 3, 4, 5),)	3gc5_ligand
((15, 2, 3, 4, 0, 22, 21, 16), (20, 4, 3, 2, 16, 22, 21, 0))	3gk4_ligand
((33, 31, 30, 29, 28, 27, 26, 32),)	3gp0_ligand
((2, 6, 7, 8, 9, 10, 12, 11),)	3gvu_ligand
((10, 9, 20, 25, 26, 7, 5, 8), (24, 25, 20, 9, 8, 7, 5, 26))	3gxl_ligand
((15, 14, 1, 2, 3, 4, 5, 13),)	3h0y_ligand
((16, 17, 19, 21, 22, 23, 24, 18),)	3h0z_ligand
((11, 10, 8, 3, 9, 2, 21, 20),)	3h3c_ligand
((28, 0, 1, 2, 3, 21, 20, 4),)	3h9f_ligand
((2, 6, 7, 8, 9, 10, 12, 11),)	3hec_ligand
((11, 12, 13, 18, 17, 15, 16, 14), (19, 18, 13, 12, 14, 15, 16, 17))	3hf8_ligand
((20, 21, 16, 9, 8, 7, 5, 22), (23, 9, 16, 21, 22, 7, 5, 8))	3hmm_ligand
((10, 9, 19, 20, 7, 6, 5, 8), (21, 20, 19, 9, 8, 6, 5, 7))	3huc_ligand
((5, 4, 6, 7, 0, 1, 2, 3),)	3hwx_ligand
((19, 16, 17, 18, 5, 15, 14, 1),)	3hyf_ligand
((7, 6, 5, 4, 3, 1, 18, 0), (10, 4, 5, 6, 0, 1, 18, 3))	3i06_ligand
((14, 13, 1, 2, 3, 4, 5, 12),)	3i4b_ligand
((14, 13, 1, 2, 3, 4, 5, 12),)	3i5z_ligand
((15, 14, 1, 2, 3, 4, 5, 13),)	3i60_ligand
((24, 23, 22, 21, 11, 20, 18, 9),)	3ii5_ligand
((23, 22, 20, 19, 18, 16, 15, 17),)	3ika_ligand
((1, 3, 4, 12, 11, 6, 7, 5), (13, 12, 4, 3, 5, 6, 7, 11))	3ith_ligand
((12, 7, 8, 18, 19, 20, 22, 21), (14, 18, 8, 7, 21, 20, 22, 19))	3iw4_ligand
((14, 0, 13, 16, 3, 15, 4, 5), (17, 16, 13, 0, 5, 15, 4, 3))	3jq7_ligand
((5, 0, 1, 2, 3, 12, 13, 4), (14, 2, 1, 0, 4, 12, 13, 3))	3jq8_ligand
((8, 0, 1, 2, 4, 7, 5, 6), (10, 2, 1, 0, 6, 7, 5, 4))	3jqa_ligand
((14, 0, 1, 2, 3, 15, 16, 4), (17, 2, 1, 0, 4, 15, 16, 3))	3jqg_ligand
((2, 1, 0, 5, 6, 7, 15, 8),)	3jsi_ligand
((3, 12, 6, 7, 9, 10, 13, 11),)	3jsw_ligand
((3, 13, 7, 8, 10, 11, 14, 12),)	3jwq_ligand
((10, 9, 21, 22, 7, 8, 6, 5),)	3jxw_ligand
((13, 12, 19, 20, 9, 11, 10, 6),)	3jy0_ligand
((9, 12, 13, 17, 16, 15, 19, 14),)	3k3e_ligand
((9, 12, 13, 17, 16, 15, 19, 14),)	3k3h_ligand
((17, 8, 9, 10, 27, 11, 12, 28), (29, 10, 9, 8, 28, 11, 12, 27))	3k54_ligand
((11, 3, 4, 5, 0, 1, 34, 2), (25, 5, 4, 3, 2, 1, 34, 0))	3k5k_ligand
((9, 5, 4, 3, 0, 1, 17, 2),)	3kb7_ligand
((24, 12, 4, 5, 21, 18, 19, 23),)	3kc3_ligand
((6, 4, 11, 12, 0, 1, 2, 3),)	3kmm_ligand
((15, 3, 4, 5, 0, 1, 18, 2),)	3kr8_ligand
((23, 33, 34, 35, 31, 30, 18, 32),)	3kvx_ligand
((6, 1, 2, 3, 4, 5, 25, 0), (7, 3, 2, 1, 0, 5, 25, 4))	3kwz_ligand
((6, 3, 2, 1, 0, 5, 16, 4), (9, 1, 2, 3, 4, 5, 16, 0))	3kx1_ligand
((14, 29, 28, 27, 7, 26, 25, 10),)	3kxz_ligand
((0, 8, 11, 16, 5, 14, 17, 1), (9, 16, 11, 8, 1, 14, 17, 5))	3l13_ligand
((12, 4, 11, 8, 1, 0, 19, 5), (15, 8, 11, 4, 5, 0, 19, 1))	3l16_ligand
((8, 4, 5, 0, 1, 2, 15, 3), (9, 0, 5, 4, 3, 2, 15, 1), (21, 20, 15, 16, 17, 18, 22, 19))	3l17_ligand
((8, 7, 6, 5, 4, 2, 3, 0), (12, 5, 6, 7, 0, 2, 3, 4))	3lq5_ligand
((25, 10, 6, 7, 33, 12, 38, 34),)	3lzb_ligand
((6, 3, 4, 5, 0, 1, 20, 2), (19, 5, 4, 3, 2, 1, 20, 0))	3m5e_ligand
((1, 9, 16, 14, 13, 11, 12, 10), (15, 14, 16, 9, 10, 11, 12, 13))	3m8p_ligand
((0, 1, 6, 4, 3, 5, 16, 2),)	3m8q_ligand
((6, 3, 4, 5, 0, 1, 20, 2), (19, 5, 4, 3, 2, 1, 20, 0))	3mho_ligand
((6, 3, 4, 5, 0, 1, 13, 2), (12, 5, 4, 3, 2, 1, 13, 0))	3mo0_ligand
((9, 3, 4, 5, 0, 1, 20, 2), (13, 5, 4, 3, 2, 1, 20, 0))	3mo2_ligand
((9, 3, 4, 5, 0, 1, 20, 2), (13, 5, 4, 3, 2, 1, 20, 0))	3mo5_ligand
((6, 5, 7, 0, 1, 2, 3, 4),)	3n0h_ligand
((11, 6, 8, 10, 5, 4, 3, 7),)	3nif_ligand
((0, 1, 7, 6, 5, 3, 4, 2), (8, 6, 7, 1, 2, 3, 4, 5))	3nmq_ligand
((12, 2, 1, 0, 4, 5, 6, 3), (13, 0, 1, 2, 3, 5, 6, 4))	3nox_ligand
((9, 2, 3, 4, 5, 6, 7, 1), (17, 4, 3, 2, 1, 6, 7, 5))	3ns9_ligand
((6, 1, 0, 5, 4, 3, 15, 2), (17, 5, 0, 1, 2, 3, 15, 4))	3nww_ligand
((9, 5, 4, 3, 2, 1, 8, 0), (22, 3, 4, 5, 0, 1, 8, 2))	3nzc_ligand
((11, 4, 0, 10, 5, 7, 15, 1), (13, 10, 0, 4, 1, 7, 15, 5))	3nzs_ligand
((1, 2, 3, 6, 7, 8, 10, 9), (19, 6, 3, 2, 9, 8, 10, 7))	3nzu_ligand
((4, 11, 12, 13, 14, 15, 24, 10), (16, 13, 12, 11, 10, 15, 24, 14))	3o0u_ligand
((8, 4, 5, 0, 1, 2, 6, 3), (11, 0, 5, 4, 3, 2, 6, 1))	3o1g_ligand
((28, 27, 9, 24, 0, 25, 13, 26), (29, 24, 9, 27, 26, 25, 13, 0))	3o2m_ligand
((15, 14, 16, 21, 6, 10, 11, 13), (20, 21, 16, 14, 13, 10, 11, 6))	3oaf_ligand
((8, 5, 4, 3, 2, 1, 6, 0), (9, 3, 4, 5, 0, 1, 6, 2))	3oaw_ligand
((17, 8, 9, 10, 27, 11, 12, 28), (29, 10, 9, 8, 28, 11, 12, 27))	3oct_ligand
((10, 8, 7, 6, 5, 1, 0, 2), (17, 6, 7, 8, 2, 1, 0, 5))	3ot3_ligand
((9, 8, 7, 6, 5, 1, 0, 2), (10, 6, 7, 8, 2, 1, 0, 5))	3ot8_ligand
((9, 3, 10, 21, 16, 6, 20, 1),)	3piy_ligand
((6, 4, 11, 12, 0, 1, 2, 3),)	3pj1_ligand
((6, 5, 4, 3, 0, 1, 12, 2),)	3pj2_ligand
((8, 2, 1, 0, 5, 4, 20, 3), (12, 0, 1, 2, 3, 4, 20, 5))	3pj8_ligand
((18, 1, 0, 3, 13, 2, 4, 12),)	3pjc_ligand
((12, 22, 15, 16, 18, 19, 20, 21), (35, 45, 38, 39, 41, 42, 43, 44))	3pjt_ligand
((12, 22, 15, 16, 18, 19, 20, 21), (35, 45, 38, 39, 41, 42, 43, 44))	3pju_ligand
((8, 17, 16, 15, 2, 13, 0, 5), (14, 15, 16, 17, 5, 13, 0, 2))	3pn1_ligand
((3, 2, 4, 5, 7, 8, 0, 1), (6, 5, 4, 2, 1, 8, 0, 7))	3prz_ligand
((3, 2, 4, 5, 7, 8, 0, 1), (6, 5, 4, 2, 1, 8, 0, 7))	3ps6_ligand
((8, 9, 18, 13, 12, 11, 24, 10), (14, 13, 18, 9, 10, 11, 24, 12))	3q92_ligand
((7, 8, 17, 12, 11, 10, 23, 9), (13, 12, 17, 8, 9, 10, 23, 11))	3qa2_ligand
((8, 9, 18, 13, 12, 11, 24, 10), (14, 13, 18, 9, 10, 11, 24, 12))	3qai_ligand
((1, 24, 22, 26, 10, 28, 43, 13), (16, 26, 22, 24, 13, 28, 43, 10))	3qak_ligand
((16, 3, 4, 5, 0, 1, 15, 2),)	3qbn_ligand
((5, 7, 3, 8, 14, 10, 18, 13), (19, 8, 3, 7, 13, 10, 18, 14))	3qcq_ligand
((5, 7, 3, 8, 16, 10, 21, 15), (19, 8, 3, 7, 15, 10, 21, 16))	3qcs_ligand
((5, 7, 3, 8, 17, 10, 22, 16), (20, 8, 3, 7, 16, 10, 22, 17))	3qcx_ligand
((10, 13, 8, 14, 23, 16, 28, 22), (26, 14, 8, 13, 22, 16, 28, 23))	3qcy_ligand
((10, 13, 8, 14, 25, 16, 30, 24), (28, 14, 8, 13, 24, 16, 30, 25))	3qd0_ligand
((5, 7, 3, 8, 23, 10, 28, 22), (26, 8, 3, 7, 22, 10, 28, 23))	3qd3_ligand
((5, 7, 3, 8, 23, 10, 28, 22), (26, 8, 3, 7, 22, 10, 28, 23))	3qd4_ligand
((7, 6, 5, 4, 3, 1, 2, 0), (10, 4, 5, 6, 0, 1, 2, 3))	3qdd_ligand
((3, 12, 13, 14, 15, 17, 18, 16),)	3qgw_ligand
((3, 12, 13, 14, 15, 17, 18, 16),)	3qgy_ligand
((9, 12, 13, 17, 16, 15, 19, 14),)	3qi3_ligand
((14, 11, 10, 9, 8, 7, 6, 12), (15, 9, 10, 11, 12, 7, 6, 8))	3qin_ligand
((22, 18, 19, 20, 21, 11, 10, 17), (24, 20, 19, 18, 17, 11, 10, 21))	3qip_ligand
((3, 28, 27, 26, 25, 2, 1, 0),)	3qj9_ligand
((20, 9, 22, 10, 23, 24, 1, 21),)	3qk5_ligand
((4, 31, 0, 30, 9, 8, 13, 11),)	3qqu_ligand
((5, 4, 6, 11, 0, 1, 2, 3), (10, 11, 6, 4, 3, 1, 2, 0))	3qxt_ligand
((5, 4, 6, 11, 0, 1, 2, 3), (10, 11, 6, 4, 3, 1, 2, 0))	3qxv_ligand
((27, 3, 4, 5, 0, 1, 22, 2),)	3r0t_ligand
((12, 19, 28, 29, 16, 17, 8, 10),)	3r21_ligand
((23, 5, 21, 10, 20, 4, 19, 1),)	3r22_ligand
((13, 15, 16, 17, 18, 19, 21, 20),)	3r2b_ligand
((7, 8, 9, 10, 12, 13, 14, 15), (11, 10, 9, 8, 15, 13, 14, 12))	3r4m_ligand
((0, 1, 4, 10, 14, 11, 16, 5), (15, 10, 4, 1, 5, 11, 16, 14))	3r4n_ligand
((6, 14, 13, 16, 23, 17, 21, 22), (15, 16, 13, 14, 22, 17, 21, 23))	3r4o_ligand
((0, 24, 18, 22, 7, 23, 13, 11), (21, 22, 18, 24, 11, 23, 13, 7))	3r4p_ligand
((11, 0, 1, 6, 5, 3, 4, 2),)	3rhx_ligand
((11, 0, 1, 6, 5, 3, 4, 2),)	3ri1_ligand
((9, 3, 4, 5, 0, 1, 34, 2), (27, 5, 4, 3, 2, 1, 34, 0))	3rjw_ligand
((3, 2, 9, 11, 14, 12, 1, 0), (4, 11, 9, 2, 0, 12, 1, 14))	3rlp_ligand
((1, 15, 12, 6, 18, 16, 7, 0), (13, 6, 12, 15, 0, 16, 7, 18))	3rlq_ligand
((1, 14, 2, 13, 19, 15, 5, 0), (6, 13, 2, 14, 0, 15, 5, 19))	3rlr_ligand
((9, 8, 6, 12, 14, 7, 15, 17),)	3rr4_ligand
((10, 16, 22, 21, 20, 18, 23, 17), (14, 21, 22, 16, 17, 18, 23, 20))	3s2p_ligand
((6, 5, 7, 0, 1, 2, 3, 4),)	3s3v_ligand
((5, 4, 12, 13, 0, 1, 2, 3), (9, 13, 12, 4, 3, 1, 2, 0))	3s7a_ligand
((7, 3, 2, 1, 0, 5, 8, 4),)	3s8x_ligand
((10, 3, 4, 5, 0, 1, 6, 2), (11, 5, 4, 3, 2, 1, 6, 0))	3s9t_ligand
((10, 3, 4, 5, 0, 1, 6, 2), (11, 5, 4, 3, 2, 1, 6, 0))	3sbh_ligand
((4, 7, 8, 9, 10, 11, 13, 12), (19, 9, 8, 7, 12, 11, 13, 10))	3sd5_ligand
((11, 22, 23, 26, 18, 25, 24, 17),)	3shy_ligand
((11, 22, 23, 26, 18, 25, 24, 17),)	3shz_ligand
((11, 22, 23, 26, 18, 25, 24, 17),)	3sie_ligand
((5, 6, 19, 18, 17, 8, 9, 7),)	3srv_ligand
((6, 20, 19, 15, 16, 17, 4, 18),)	3tcp_ligand
((8, 6, 0, 2, 3, 4, 17, 5),)	3thb_ligand
((1, 5, 4, 9, 8, 7, 16, 6), (10, 9, 4, 5, 6, 7, 16, 8))	3tl5_ligand
((10, 4, 8, 11, 2, 0, 16, 6),)	3tti_ligand
((7, 0, 4, 6, 2, 8, 11, 5),)	3ttj_ligand
((10, 18, 19, 20, 21, 22, 24, 23), (29, 20, 19, 18, 23, 22, 24, 21))	3u4u_ligand
((9, 3, 4, 5, 0, 1, 14, 2), (13, 5, 4, 3, 2, 1, 14, 0))	3u78_ligand
((15, 3, 4, 5, 0, 1, 18, 2),)	3uh4_ligand
((13, 11, 10, 9, 8, 7, 4, 12), (17, 9, 10, 11, 12, 7, 4, 8))	3uix_ligand
((14, 12, 11, 10, 9, 8, 7, 13),)	3unj_ligand
((3, 12, 13, 14, 2, 11, 0, 1),)	3unk_ligand
((4, 13, 14, 15, 3, 12, 1, 2),)	3unz_ligand
((2, 6, 7, 4, 0, 5, 3, 1),)	3uo4_ligand
((14, 12, 11, 10, 9, 8, 7, 13),)	3uo5_ligand
((3, 12, 13, 14, 2, 11, 0, 1),)	3uo6_ligand
((2, 6, 7, 4, 0, 5, 3, 1),)	3uod_ligand
((4, 13, 14, 15, 3, 12, 1, 2),)	3uoh_ligand
((12, 11, 21, 22, 23, 9, 8, 10),)	3uoj_ligand
((7, 8, 9, 10, 11, 12, 13, 23),)	3uok_ligand
((7, 8, 9, 10, 11, 12, 13, 25),)	3uol_ligand
((2, 6, 7, 4, 0, 5, 3, 1),)	3up2_ligand
((3, 12, 13, 14, 2, 11, 0, 1),)	3up7_ligand
((14, 29, 28, 9, 7, 5, 30, 3),)	3uwl_ligand
((0, 10, 5, 6, 7, 8, 11, 9),)	3uyt_ligand
((0, 10, 5, 6, 7, 8, 11, 9),)	3uzp_ligand
((5, 6, 8, 9, 10, 11, 12, 7),)	3v6r_ligand
((5, 6, 8, 9, 10, 11, 12, 7),)	3v6s_ligand
((1, 23, 22, 20, 21, 25, 26, 24), (19, 20, 22, 23, 24, 25, 26, 21))	3vha_ligand
((5, 25, 24, 22, 23, 27, 28, 26), (21, 22, 24, 25, 26, 27, 28, 23))	3vhc_ligand
((0, 11, 12, 13, 14, 15, 17, 16), (26, 13, 12, 11, 16, 15, 17, 14))	3vhd_ligand
((27, 28, 29, 30, 31, 32, 37, 33),)	3vqs_ligand
((5, 1, 12, 11, 0, 3, 4, 2), (16, 11, 12, 1, 2, 3, 4, 0))	3w5e_ligand
((6, 7, 8, 16, 15, 11, 12, 10), (17, 16, 8, 7, 10, 11, 12, 15))	3wbl_ligand
((12, 4, 5, 0, 1, 2, 6, 3),)	3wd9_ligand
((0, 7, 8, 18, 17, 13, 14, 12), (11, 18, 8, 7, 12, 13, 14, 17))	3wi6_ligand
((6, 14, 10, 18, 27, 19, 21, 26),)	3wv1_ligand
((5, 10, 8, 12, 18, 13, 14, 17),)	3wv2_ligand
((21, 9, 6, 10, 16, 11, 12, 15),)	3wv3_ligand
((2, 9, 11, 5, 6, 7, 18, 8), (4, 5, 11, 9, 8, 7, 18, 6))	3zh8_ligand
((18, 19, 24, 23, 22, 21, 32, 20), (26, 23, 24, 19, 20, 21, 32, 22))	3zim_ligand
((13, 11, 10, 9, 8, 7, 6, 12), (24, 9, 10, 11, 12, 7, 6, 8))	3zmm_ligand
((10, 3, 4, 5, 0, 1, 16, 2),)	3ztx_ligand
((0, 1, 2, 3, 5, 10, 9, 11), (4, 3, 2, 1, 11, 10, 9, 5))	3zvv_ligand
((17, 27, 20, 21, 23, 24, 25, 26),)	3zy2_ligand
((7, 3, 4, 5, 0, 1, 6, 2),)	4a4l_ligand
((7, 5, 6, 2, 0, 1, 4, 3),)	4a4o_ligand
((3, 7, 8, 9, 10, 11, 20, 12), (13, 9, 8, 7, 12, 11, 20, 10))	4af3_ligand
((1, 0, 11, 10, 9, 8, 14, 7),)	4ajw_ligand
((10, 9, 18, 19, 21, 7, 6, 8),)	4alu_ligand
((18, 17, 26, 27, 29, 15, 14, 16),)	4alv_ligand
((11, 10, 19, 20, 22, 8, 7, 9),)	4alw_ligand
((11, 10, 19, 20, 7, 9, 8, 4),)	4anm_ligand
((18, 17, 23, 24, 26, 15, 11, 16),)	4ap0_ligand
((5, 6, 17, 16, 15, 8, 9, 7), (18, 16, 17, 6, 7, 8, 9, 15))	4ask_ligand
((25, 2, 1, 3, 5, 4, 26, 0),)	4at5_ligand
((20, 16, 17, 18, 19, 14, 13, 15),)	4bb4_ligand
((7, 8, 9, 10, 11, 12, 14, 13),)	4bbe_ligand
((12, 14, 19, 18, 17, 16, 20, 15),)	4bbf_ligand
((6, 7, 29, 28, 27, 9, 10, 8),)	4bcf_ligand
((6, 7, 26, 25, 24, 9, 10, 8),)	4bcg_ligand
((6, 7, 29, 28, 27, 9, 10, 8),)	4bch_ligand
((6, 7, 23, 22, 21, 9, 10, 8),)	4bci_ligand
((6, 7, 20, 19, 18, 9, 10, 8),)	4bcj_ligand
((6, 7, 23, 22, 21, 9, 10, 8),)	4bck_ligand
((6, 7, 29, 28, 27, 9, 10, 8),)	4bcm_ligand
((6, 7, 20, 19, 18, 9, 10, 8),)	4bcn_ligand
((6, 7, 29, 28, 27, 9, 10, 8),)	4bco_ligand
((6, 7, 26, 25, 24, 9, 10, 8),)	4bcp_ligand
((6, 7, 27, 26, 25, 9, 11, 8),)	4bcq_ligand
((1, 0, 11, 10, 9, 8, 13, 7),)	4bfr_ligand
((4, 5, 7, 9, 10, 11, 12, 6),)	4bgh_ligand
((2, 6, 7, 8, 9, 10, 12, 11),)	4bkj_ligand
((6, 3, 4, 5, 0, 1, 15, 2), (17, 5, 4, 3, 2, 1, 15, 0))	4bnu_ligand
((7, 8, 10, 15, 16, 17, 18, 9), (14, 15, 10, 8, 9, 17, 18, 16))	4bnx_ligand
((6, 5, 4, 3, 2, 1, 7, 0), (16, 3, 4, 5, 0, 1, 7, 2))	4bny_ligand
((13, 12, 17, 16, 15, 10, 9, 11), (20, 16, 17, 12, 11, 10, 9, 15))	4c61_ligand
((7, 8, 15, 13, 12, 10, 11, 9), (14, 13, 15, 8, 9, 10, 11, 12))	4cfm_ligand
((7, 8, 15, 13, 12, 10, 11, 9), (14, 13, 15, 8, 9, 10, 11, 12))	4cfu_ligand
((7, 6, 5, 4, 3, 1, 2, 0), (10, 4, 5, 6, 0, 1, 2, 3))	4cfv_ligand
((7, 6, 5, 4, 3, 1, 2, 0), (10, 4, 5, 6, 0, 1, 2, 3))	4cfw_ligand
((7, 6, 5, 4, 3, 1, 2, 0), (10, 4, 5, 6, 0, 1, 2, 3))	4cfx_ligand
((23, 22, 27, 28, 11, 10, 9, 21),)	4cjn_ligand
((9, 15, 10, 0, 16, 17, 18, 12),)	4crj_ligand
((7, 6, 0, 1, 2, 3, 4, 5),)	4d0w_ligand
((18, 19, 20, 21, 22, 23, 25, 24),)	4d0x_ligand
((20, 19, 18, 17, 16, 14, 13, 15),)	4d1s_ligand
((25, 24, 23, 22, 7, 21, 4, 9),)	4d2r_ligand
((25, 24, 23, 22, 7, 21, 4, 9),)	4d2s_ligand
((12, 9, 2, 3, 15, 13, 1, 4),)	4d8a_ligand
((6, 13, 11, 10, 12, 18, 9, 16),)	4d8z_ligand
((10, 6, 7, 1, 2, 3, 4, 5),)	4daf_ligand
((12, 13, 8, 9, 17, 15, 16, 14),)	4db7_ligand
((19, 18, 17, 16, 15, 13, 12, 14),)	4dce_ligand
((6, 15, 16, 17, 5, 14, 1, 3),)	4dea_ligand
((3, 12, 13, 14, 2, 11, 0, 1),)	4deb_ligand
((3, 14, 15, 16, 2, 13, 0, 1),)	4ded_ligand
((4, 12, 11, 14, 15, 16, 17, 13),)	4dhf_ligand
((14, 3, 4, 5, 0, 1, 19, 2), (17, 5, 4, 3, 2, 1, 19, 0))	4dli_ligand
((19, 3, 4, 5, 0, 1, 25, 2), (22, 5, 4, 3, 2, 1, 25, 0))	4dlj_ligand
((12, 22, 15, 16, 18, 19, 20, 21), (35, 45, 38, 39, 41, 42, 43, 44))	4dn0_ligand
((6, 3, 4, 5, 0, 1, 21, 2),)	4e4x_ligand
((1, 3, 4, 9, 8, 7, 11, 6),)	4e5i_ligand
((18, 16, 14, 12, 11, 10, 8, 17),)	4e5j_ligand
((0, 9, 3, 4, 6, 7, 10, 8),)	4e90_ligand
((28, 1, 0, 5, 4, 3, 6, 2),)	4e93_ligand
((12, 22, 15, 16, 18, 19, 20, 21), (35, 45, 38, 39, 41, 42, 43, 44))	4ef4_ligand
((37, 36, 30, 31, 32, 33, 34, 35),)	4elb_ligand
((34, 33, 27, 28, 29, 30, 31, 32),)	4ele_ligand
((37, 36, 30, 31, 32, 33, 34, 35),)	4elf_ligand
((0, 1, 2, 15, 16, 17, 18, 19),)	4elg_ligand
((35, 34, 28, 29, 30, 31, 32, 33),)	4elh_ligand
((12, 22, 15, 16, 18, 19, 20, 21), (35, 45, 38, 39, 41, 42, 43, 44))	4emt_ligand
((16, 15, 17, 20, 21, 0, 22, 14), (19, 20, 17, 15, 14, 0, 22, 21))	4eok_ligand
((16, 15, 17, 20, 21, 0, 22, 14), (19, 20, 17, 15, 14, 0, 22, 21))	4eor_ligand
((2, 22, 19, 20, 21, 24, 25, 23),)	4eqc_ligand
((0, 4, 3, 5, 6, 7, 10, 8), (14, 5, 3, 4, 8, 7, 10, 6))	4erk_ligand
((12, 22, 15, 16, 18, 19, 20, 21), (35, 45, 38, 39, 41, 42, 43, 44))	4etz_ligand
((12, 22, 15, 16, 18, 19, 20, 21), (35, 45, 38, 39, 41, 42, 43, 44))	4eu0_ligand
((12, 22, 15, 16, 18, 19, 20, 21), (35, 45, 38, 39, 41, 42, 43, 44))	4euv_ligand
((13, 12, 23, 16, 15, 10, 9, 11), (17, 16, 23, 12, 11, 10, 9, 15))	4ezj_ligand
((15, 23, 22, 21, 9, 24, 25, 7), (20, 21, 22, 23, 7, 24, 25, 9))	4ezk_ligand
((12, 13, 14, 16, 17, 18, 20, 19), (27, 16, 14, 13, 19, 18, 20, 17))	4ezl_ligand
((12, 22, 15, 16, 18, 19, 20, 21), (35, 45, 38, 39, 41, 42, 43, 44))	4f5y_ligand
((4, 5, 19, 18, 17, 7, 8, 6),)	4f63_ligand
((8, 9, 22, 21, 20, 11, 12, 10),)	4f64_ligand
((25, 14, 9, 7, 20, 15, 26, 22),)	4f65_ligand
((12, 22, 15, 16, 18, 19, 20, 21), (35, 45, 38, 39, 41, 42, 43, 44))	4f9g_ligand
((7, 8, 9, 15, 14, 11, 12, 10), (16, 15, 9, 8, 10, 11, 12, 14))	4fcq_ligand
((10, 11, 13, 19, 20, 21, 22, 12), (18, 19, 13, 11, 12, 21, 22, 20))	4fcr_ligand
((22, 21, 20, 25, 1, 3, 26, 0),)	4feq_ligand
((14, 13, 12, 20, 21, 22, 24, 23),)	4ff8_ligand
((19, 18, 17, 16, 15, 13, 12, 14),)	4fnz_ligand
((8, 4, 5, 3, 1, 0, 6, 2), (10, 3, 5, 4, 2, 0, 6, 1))	4fyo_ligand
((17, 16, 14, 12, 11, 10, 9, 15),)	4g11_ligand
((9, 10, 6, 4, 3, 2, 1, 11),)	4g2j_ligand
((23, 5, 4, 7, 24, 8, 18, 22),)	4g2l_ligand
((24, 23, 25, 28, 21, 20, 19, 22), (29, 28, 25, 23, 22, 20, 19, 21))	4g2w_ligand
((23, 22, 26, 27, 29, 20, 19, 21),)	4g2y_ligand
((6, 8, 11, 10, 21, 9, 20, 19),)	4g3e_ligand
((15, 14, 16, 21, 6, 10, 11, 13), (20, 21, 16, 14, 13, 10, 11, 6))	4g95_ligand
((7, 19, 18, 22, 11, 21, 27, 9), (13, 22, 18, 19, 9, 21, 27, 11))	4gb9_ligand
((5, 18, 6, 7, 15, 16, 19, 17), (8, 7, 6, 18, 17, 16, 19, 15))	4gee_ligand
((5, 6, 8, 9, 17, 18, 19, 7), (10, 9, 8, 6, 7, 18, 19, 17))	4gfn_ligand
((19, 0, 1, 2, 3, 20, 21, 4), (25, 2, 1, 0, 4, 20, 21, 3))	4gg7_ligand
((15, 14, 21, 22, 23, 12, 11, 13), (24, 22, 21, 14, 13, 12, 11, 23))	4ggl_ligand
((7, 8, 12, 13, 15, 16, 17, 9),)	4gh6_ligand
((6, 1, 3, 5, 8, 4, 7, 9), (14, 5, 3, 1, 9, 4, 7, 8))	4glw_ligand
((16, 15, 20, 21, 22, 13, 12, 14),)	4h58_ligand
((10, 21, 2, 1, 23, 0, 24, 22),)	4hgl_ligand
((18, 17, 19, 20, 21, 15, 14, 16), (22, 20, 19, 17, 16, 15, 14, 21))	4ht0_ligand
((18, 17, 19, 20, 21, 15, 14, 16), (22, 20, 19, 17, 16, 15, 14, 21))	4ht2_ligand
((22, 21, 20, 26, 25, 24, 28, 23), (27, 26, 20, 21, 23, 24, 28, 25))	4hwp_ligand
((5, 4, 6, 7, 2, 1, 0, 3), (8, 7, 6, 4, 3, 1, 0, 2))	4hws_ligand
((5, 17, 6, 7, 14, 15, 18, 16), (8, 7, 6, 17, 16, 15, 18, 14))	4hxw_ligand
((8, 7, 6, 13, 12, 11, 15, 10), (14, 13, 6, 7, 10, 11, 15, 12))	4hxz_ligand
((16, 15, 22, 13, 12, 11, 10, 14), (26, 13, 22, 15, 14, 11, 10, 12))	4hy1_ligand
((15, 14, 21, 22, 23, 12, 11, 13), (24, 22, 21, 14, 13, 12, 11, 23))	4hym_ligand
((6, 5, 4, 3, 0, 1, 7, 2),)	4hys_ligand
((7, 5, 4, 3, 2, 1, 0, 6),)	4hyu_ligand
((8, 7, 6, 13, 12, 11, 15, 10), (14, 13, 6, 7, 10, 11, 15, 12))	4hz5_ligand
((29, 28, 27, 18, 19, 16, 12, 17),)	4i10_ligand
((1, 11, 4, 5, 7, 8, 9, 10),)	4i47_ligand
((23, 24, 26, 27, 28, 29, 30, 25),)	4i5h_ligand
((1, 30, 37, 2, 0, 28, 27, 29),)	4i5m_ligand
((10, 16, 4, 5, 6, 18, 19, 17),)	4i5p_ligand
((8, 14, 4, 18, 17, 16, 19, 15),)	4i6f_ligand
((8, 14, 4, 18, 17, 16, 19, 15),)	4i6h_ligand
((7, 8, 3, 1, 0, 10, 11, 9),)	4i9i_ligand
((28, 27, 25, 23, 22, 20, 19, 21),)	4i9z_ligand
((27, 26, 24, 22, 21, 19, 18, 20),)	4ia0_ligand
((7, 10, 16, 15, 14, 12, 13, 11),)	4idt_ligand
((12, 11, 5, 4, 3, 1, 0, 2),)	4idv_ligand
((16, 20, 19, 25, 24, 22, 23, 21),)	4ijq_ligand
((3, 2, 1, 13, 12, 5, 6, 4), (14, 13, 1, 2, 4, 5, 6, 12))	4ikr_ligand
((13, 14, 15, 20, 19, 18, 22, 17), (21, 20, 15, 14, 17, 18, 22, 19))	4iks_ligand
((13, 14, 16, 18, 20, 21, 22, 15), (19, 18, 16, 14, 15, 21, 22, 20))	4ikt_ligand
((3, 2, 1, 13, 12, 5, 6, 4), (14, 13, 1, 2, 4, 5, 6, 12))	4iku_ligand
((10, 11, 13, 17, 18, 19, 20, 12),)	4im0_ligand
((6, 3, 4, 5, 0, 1, 16, 2),)	4izy_ligand
((26, 25, 8, 11, 5, 12, 15, 10),)	4j1p_ligand
((26, 25, 8, 11, 5, 12, 15, 10),)	4j3i_ligand
((20, 26, 12, 11, 10, 9, 8, 27),)	4j52_ligand
((30, 29, 23, 22, 21, 20, 19, 28),)	4j53_ligand
((26, 25, 24, 23, 22, 21, 20, 37),)	4j8m_ligand
((0, 4, 8, 7, 6, 5, 11, 3),)	4jik_ligand
((10, 4, 5, 6, 0, 1, 2, 3),)	4jit_ligand
((29, 30, 37, 35, 34, 32, 33, 31), (36, 35, 37, 30, 31, 32, 33, 34))	4jjf_ligand
((30, 31, 38, 36, 35, 33, 34, 32),)	4jjg_ligand
((23, 22, 24, 25, 20, 19, 18, 21), (26, 25, 24, 22, 21, 19, 18, 20))	4jlj_ligand
((25, 24, 26, 27, 22, 21, 20, 23), (28, 27, 26, 24, 23, 21, 20, 22))	4jlm_ligand
((26, 25, 27, 28, 23, 22, 21, 24), (29, 28, 27, 25, 24, 22, 21, 23))	4jln_ligand
((20, 0, 1, 2, 4, 21, 5, 6),)	4jls_ligand
((12, 11, 17, 18, 20, 9, 8, 10),)	4jvi_ligand
((10, 11, 13, 19, 20, 21, 22, 12), (18, 19, 13, 11, 12, 21, 22, 20))	4jx7_ligand
((18, 17, 16, 15, 14, 13, 9, 12), (19, 15, 16, 17, 12, 13, 9, 14))	4k0y_ligand
((6, 7, 8, 9, 10, 11, 13, 12), (26, 9, 8, 7, 12, 11, 13, 10))	4k18_ligand
((27, 24, 25, 26, 21, 22, 18, 23),)	4k1b_ligand
((3, 5, 6, 7, 8, 9, 11, 10), (16, 7, 6, 5, 10, 9, 11, 8))	4k6z_ligand
((12, 22, 15, 16, 18, 19, 20, 21), (35, 45, 38, 39, 41, 42, 43, 44))	4kby_ligand
((30, 29, 31, 32, 27, 26, 25, 28), (33, 32, 31, 29, 28, 26, 25, 27))	4kcg_ligand
((13, 12, 20, 21, 32, 10, 9, 11), (22, 21, 20, 12, 11, 10, 9, 32))	4kio_ligand
((12, 2, 3, 4, 5, 1, 13, 0), (14, 4, 3, 2, 0, 1, 13, 5))	4km0_ligand
((6, 5, 7, 0, 1, 2, 3, 4),)	4km2_ligand
((5, 4, 6, 11, 0, 1, 2, 3), (10, 11, 6, 4, 3, 1, 2, 0))	4kn0_ligand
((12, 27, 26, 8, 7, 5, 28, 3), (29, 8, 26, 27, 3, 5, 28, 7))	4kn1_ligand
((18, 17, 19, 20, 21, 15, 14, 16), (22, 20, 19, 17, 16, 15, 14, 21))	4kni_ligand
((18, 17, 19, 20, 21, 15, 14, 16), (22, 20, 19, 17, 16, 15, 14, 21))	4knm_ligand
((6, 5, 4, 12, 11, 10, 29, 9), (13, 12, 4, 5, 9, 10, 29, 11))	4knr_ligand
((4, 3, 2, 1, 7, 8, 10, 9),)	4l19_ligand
((4, 8, 7, 10, 17, 18, 19, 9), (11, 10, 7, 8, 9, 18, 19, 17))	4l23_ligand
((17, 16, 21, 22, 24, 14, 13, 15),)	4l70_ligand
((18, 17, 22, 23, 25, 15, 14, 16),)	4l7l_ligand
((20, 19, 24, 25, 27, 17, 16, 18),)	4l7n_ligand
((21, 20, 25, 26, 28, 18, 17, 19),)	4l7o_ligand
((13, 12, 17, 18, 20, 10, 9, 11),)	4l7r_ligand
((20, 19, 24, 25, 27, 17, 16, 18),)	4l7u_ligand
((16, 1, 2, 3, 22, 0, 23, 21),)	4li5_ligand
((15, 10, 11, 16, 17, 8, 7, 9),)	4li6_ligand
((2, 5, 4, 9, 8, 7, 10, 6),)	4li8_ligand
((0, 1, 10, 6, 5, 3, 4, 2), (7, 6, 10, 1, 2, 3, 4, 5))	4lkq_ligand
((4, 3, 8, 9, 11, 1, 0, 2),)	4llk_ligand
((0, 1, 2, 3, 5, 6, 7, 8), (4, 3, 2, 1, 8, 6, 7, 5))	4llx_ligand
((13, 11, 10, 9, 8, 7, 4, 12), (17, 9, 10, 11, 12, 7, 4, 8))	4lm5_ligand
((24, 14, 13, 18, 17, 16, 19, 15),)	4loo_ligand
((24, 14, 13, 18, 17, 16, 19, 15),)	4lop_ligand
((24, 14, 13, 18, 17, 16, 19, 15),)	4loq_ligand
((10, 9, 8, 7, 6, 5, 4, 18),)	4m3q_ligand
((8, 3, 4, 5, 0, 1, 7, 2),)	4m5g_ligand
((9, 6, 7, 1, 2, 3, 4, 5),)	4m5i_ligand
((9, 15, 10, 0, 16, 17, 18, 12),)	4m5j_ligand
((12, 13, 14, 20, 19, 17, 18, 16),)	4m5k_ligand
((21, 20, 13, 14, 16, 17, 18, 19),)	4m5l_ligand
((7, 8, 9, 10, 11, 12, 16, 13),)	4mbl_ligand
((0, 1, 2, 9, 5, 4, 8, 3), (10, 9, 2, 1, 3, 4, 8, 5))	4men_ligand
((0, 10, 16, 12, 8, 7, 9, 15), (13, 12, 16, 10, 15, 7, 9, 8))	4meq_ligand
((18, 17, 8, 7, 6, 5, 4, 26),)	4mh7_ligand
((24, 23, 8, 7, 6, 5, 4, 32),)	4mha_ligand
((13, 3, 17, 16, 0, 1, 15, 14),)	4mq1_ligand
((12, 3, 16, 15, 0, 1, 14, 13),)	4mq2_ligand
((23, 22, 8, 11, 5, 12, 14, 10),)	4mr3_ligand
((26, 25, 8, 11, 5, 12, 15, 10),)	4mr4_ligand
((23, 22, 8, 11, 5, 12, 14, 10),)	4mr5_ligand
((26, 25, 8, 11, 5, 12, 15, 10),)	4mr6_ligand
((0, 1, 2, 3, 5, 6, 7, 8), (4, 3, 2, 1, 8, 6, 7, 5))	4ms0_ligand
((7, 8, 3, 1, 0, 10, 11, 9),)	4msg_ligand
((7, 8, 3, 1, 0, 10, 11, 9),)	4msk_ligand
((16, 11, 12, 8, 7, 6, 5, 10),)	4mt9_ligand
((18, 0, 1, 2, 3, 17, 16, 4),)	4mxc_ligand
((14, 15, 2, 1, 19, 0, 21, 20), (18, 1, 2, 15, 20, 0, 21, 19))	4myq_ligand
((5, 4, 0, 13, 16, 2, 1, 3), (14, 13, 0, 4, 3, 2, 1, 16))	4n1t_ligand
((6, 5, 0, 14, 18, 3, 2, 4), (15, 14, 0, 5, 4, 3, 2, 18))	4n1u_ligand
((8, 7, 1, 2, 3, 4, 5, 6),)	4n3r_ligand
((5, 7, 8, 9, 10, 12, 13, 11),)	4n5d_ligand
((1, 2, 18, 19, 3, 4, 5, 20), (29, 19, 18, 2, 20, 4, 5, 3))	4nah_ligand
((13, 1, 14, 15, 17, 3, 4, 18), (16, 15, 14, 1, 18, 3, 4, 17))	4nat_ligand
((1, 2, 18, 19, 3, 4, 5, 20), (29, 19, 18, 2, 20, 4, 5, 3), (33, 17, 16, 15, 30, 29, 19, 32))	4nau_ligand
((8, 9, 10, 11, 12, 13, 15, 14),)	4ncm_ligand
((17, 18, 19, 20, 21, 23, 24, 22),)	4nk9_ligand
((22, 5, 4, 23, 24, 26, 27, 25),)	4nka_ligand
((11, 10, 9, 8, 7, 6, 5, 25),)	4nks_ligand
((37, 20, 17, 21, 36, 22, 12, 35), (39, 21, 17, 20, 35, 22, 12, 36))	4nwm_ligand
((6, 11, 13, 17, 21, 19, 24, 14), (22, 17, 13, 11, 14, 19, 24, 21))	4o0r_ligand
((13, 14, 15, 16, 17, 18, 20, 19),)	4o0t_ligand
((13, 14, 15, 16, 17, 18, 20, 19),)	4o0v_ligand
((12, 11, 21, 20, 19, 9, 8, 10), (24, 20, 21, 11, 10, 9, 8, 19))	4o2p_ligand
((17, 16, 25, 26, 14, 13, 12, 15), (27, 26, 25, 16, 15, 13, 12, 14))	4o3f_ligand
((22, 7, 5, 19, 20, 6, 23, 21),)	4o6e_ligand
((1, 18, 0, 17, 16, 15, 11, 14), (24, 17, 0, 18, 14, 15, 11, 16))	4o70_ligand
((1, 30, 37, 2, 0, 28, 27, 29),)	4o74_ligand
((7, 6, 1, 2, 3, 4, 27, 5),)	4o75_ligand
((14, 15, 20, 19, 18, 17, 22, 16),)	4o76_ligand
((1, 6, 5, 4, 17, 3, 0, 25),)	4o78_ligand
((14, 12, 11, 10, 9, 8, 7, 13),)	4o7b_ligand
((15, 13, 12, 11, 10, 9, 8, 14),)	4o7f_ligand
((12, 22, 15, 16, 18, 19, 20, 21), (35, 45, 38, 39, 41, 42, 43, 44))	4oaz_ligand
((5, 4, 6, 11, 0, 1, 2, 3), (10, 11, 6, 4, 3, 1, 2, 0))	4ocx_ligand
((3, 26, 23, 22, 17, 25, 24, 18), (11, 22, 23, 26, 18, 25, 24, 17))	4oew_ligand
((3, 25, 9, 20, 17, 24, 23, 18), (11, 20, 9, 25, 18, 24, 23, 17))	4oex_ligand
((1, 30, 37, 2, 0, 28, 27, 29),)	4ogi_ligand
((22, 21, 19, 18, 17, 15, 14, 16),)	4ogj_ligand
((15, 13, 12, 11, 10, 9, 5, 14),)	4p1u_ligand
((0, 2, 9, 7, 6, 4, 5, 3),)	4pax_ligand
((1, 2, 17, 16, 15, 14, 18, 13), (5, 4, 1, 0, 12, 10, 9, 11))	4ph4_ligand
((22, 23, 26, 25, 29, 24, 30, 28),)	4pis_ligand
((8, 9, 11, 15, 16, 17, 18, 10), (14, 15, 11, 9, 10, 17, 18, 16))	4pni_ligand
((4, 3, 8, 9, 11, 1, 0, 2),)	4pnl_ligand
((0, 2, 9, 7, 6, 4, 5, 3),)	4pnm_ligand
((1, 11, 16, 15, 14, 13, 0, 12),)	4pop_ligand
((1, 11, 16, 15, 14, 13, 0, 12),)	4pov_ligand
((22, 21, 19, 18, 17, 15, 14, 16),)	4ps5_ligand
((1, 2, 3, 4, 5, 6, 8, 7),)	4ptg_ligand
((38, 39, 40, 31, 30, 28, 29, 27),)	4pzv_ligand
((23, 24, 25, 30, 29, 27, 28, 26), (31, 30, 25, 24, 26, 27, 28, 29))	4q18_ligand
((23, 22, 24, 25, 20, 19, 18, 21), (26, 25, 24, 22, 21, 19, 18, 20))	4q19_ligand
((26, 25, 27, 28, 23, 22, 21, 24), (29, 28, 27, 25, 24, 22, 21, 23))	4q1a_ligand
((28, 27, 29, 30, 25, 24, 23, 26), (31, 30, 29, 27, 26, 24, 23, 25))	4q1b_ligand
((28, 27, 29, 30, 25, 24, 23, 26), (31, 30, 29, 27, 26, 24, 23, 25))	4q1c_ligand
((27, 26, 28, 29, 24, 23, 22, 25), (30, 29, 28, 26, 25, 23, 22, 24))	4q1d_ligand
((25, 24, 26, 27, 22, 21, 20, 23), (28, 27, 26, 24, 23, 21, 20, 22))	4q1e_ligand
((29, 28, 30, 31, 26, 25, 24, 27), (32, 31, 30, 28, 27, 25, 24, 26))	4q1f_ligand
((8, 9, 10, 11, 12, 13, 14, 15), (16, 11, 10, 9, 15, 13, 14, 12))	4qaa_ligand
((5, 6, 7, 12, 11, 9, 10, 8), (13, 12, 7, 6, 8, 9, 10, 11))	4qab_ligand
((6, 7, 8, 13, 12, 10, 11, 9), (14, 13, 8, 7, 9, 10, 11, 12))	4qac_ligand
((5, 6, 10, 11, 13, 14, 15, 7),)	4qge_ligand
((6, 4, 5, 0, 1, 2, 10, 3),)	4qq5_ligand
((6, 4, 5, 0, 1, 2, 10, 3),)	4qqc_ligand
((26, 25, 24, 33, 32, 29, 30, 28),)	4qsm_ligand
((31, 30, 23, 24, 25, 26, 27, 29),)	4qt0_ligand
((18, 19, 26, 24, 23, 21, 22, 20),)	4rab_ligand
((17, 18, 25, 23, 22, 20, 21, 19),)	4rac_ligand
((18, 19, 26, 24, 23, 21, 22, 20),)	4rad_ligand
((13, 14, 21, 19, 18, 16, 17, 15),)	4ran_ligand
((17, 18, 25, 23, 22, 20, 21, 19),)	4rhu_ligand
((21, 22, 29, 27, 26, 24, 25, 23),)	4rhx_ligand
((14, 7, 6, 2, 12, 5, 11, 13),)	4rj3_ligand
((17, 18, 19, 20, 21, 22, 24, 23),)	4rj4_ligand
((14, 7, 6, 2, 12, 5, 11, 13),)	4rj5_ligand
((14, 7, 6, 2, 12, 5, 11, 13),)	4rj6_ligand
((6, 7, 5, 0, 8, 1, 10, 9), (12, 0, 5, 7, 9, 1, 10, 8))	4rj7_ligand
((14, 7, 6, 2, 12, 5, 11, 13),)	4rj8_ligand
((19, 18, 17, 16, 15, 13, 12, 14),)	4rss_ligand
((12, 22, 15, 16, 18, 19, 20, 21), (35, 45, 38, 39, 41, 42, 43, 44))	4rt0_ligand
((12, 22, 15, 16, 18, 19, 20, 21), (35, 45, 38, 39, 41, 42, 43, 44))	4rt1_ligand
((24, 5, 3, 2, 21, 20, 19, 28),)	4rx9_ligand
((18, 5, 4, 6, 24, 8, 26, 23), (25, 6, 4, 5, 23, 8, 26, 24))	4tv3_ligand
((8, 7, 6, 4, 3, 1, 0, 2),)	4tx6_ligand
((23, 21, 20, 19, 18, 17, 16, 22),)	4ty1_ligand
((14, 13, 12, 11, 10, 8, 7, 9),)	4u6r_ligand
((14, 13, 12, 11, 10, 8, 7, 9),)	4u79_ligand
((19, 20, 26, 25, 24, 22, 23, 21), (27, 25, 26, 20, 21, 22, 23, 24))	4u93_ligand
((7, 8, 15, 16, 17, 10, 11, 9), (18, 16, 15, 8, 9, 10, 11, 17))	4uco_ligand
((11, 8, 9, 4, 3, 6, 5, 7),)	4uct_ligand
((7, 8, 15, 16, 17, 10, 11, 9), (18, 16, 15, 8, 9, 10, 11, 17))	4ufz_ligand
((9, 5, 6, 7, 2, 3, 15, 4),)	4urk_ligand
((8, 7, 1, 2, 3, 4, 5, 6),)	4v25_ligand
((2, 12, 13, 14, 15, 16, 18, 17), (23, 14, 13, 12, 17, 16, 18, 15))	4w7p_ligand
((8, 0, 1, 2, 10, 12, 11, 9), (17, 2, 1, 0, 9, 12, 11, 10))	4w7t_ligand
((19, 16, 17, 2, 26, 14, 13, 15), (20, 2, 17, 16, 15, 14, 13, 26))	4wno_ligand
((7, 6, 11, 12, 20, 21, 22, 29), (13, 12, 11, 6, 29, 21, 22, 20))	4wnp_ligand
((22, 0, 1, 2, 19, 20, 24, 21),)	4wx4_ligand
((19, 14, 15, 17, 18, 2, 12, 13),)	4x21_ligand
((9, 8, 6, 5, 4, 2, 1, 3),)	4x7j_ligand
((26, 28, 24, 33, 32, 30, 31, 29), (34, 33, 24, 28, 29, 30, 31, 32))	4x7o_ligand
((20, 19, 16, 15, 14, 13, 12, 18),)	4xcu_ligand
((8, 9, 10, 14, 16, 20, 21, 13),)	4xe0_ligand
((16, 19, 20, 6, 21, 7, 23, 22),)	4xj0_ligand
((17, 21, 20, 26, 25, 23, 24, 22), (27, 26, 20, 21, 22, 23, 24, 25))	4xnw_ligand
((6, 0, 5, 4, 3, 2, 7, 1), (8, 4, 5, 0, 1, 2, 7, 3))	4xs2_ligand
((7, 1, 3, 5, 4, 0, 6, 2),)	4xv2_ligand
((11, 10, 28, 29, 30, 8, 7, 9),)	4xv3_ligand
((2, 4, 5, 6, 17, 7, 8, 9), (11, 6, 5, 4, 9, 7, 8, 17))	4xy8_ligand
((2, 4, 5, 6, 17, 7, 8, 9), (11, 6, 5, 4, 9, 7, 8, 17))	4xy9_ligand
((1, 0, 11, 18, 9, 16, 17, 15), (10, 18, 11, 0, 15, 16, 17, 9))	4xya_ligand
((27, 12, 4, 25, 24, 13, 23, 29),)	4y46_ligand
((22, 26, 17, 16, 15, 14, 13, 27),)	4y5h_ligand
((25, 2, 1, 0, 23, 21, 8, 24),)	4y73_ligand
((13, 4, 5, 11, 1, 6, 7, 12),)	4ytf_ligand
((7, 6, 1, 2, 3, 4, 19, 5),)	4yth_ligand
((19, 6, 7, 8, 21, 9, 10, 20),)	4yti_ligand
((12, 11, 10, 36, 35, 20, 21, 19), (37, 36, 10, 11, 19, 20, 21, 35))	4yur_ligand
((5, 10, 7, 12, 17, 13, 19, 16), (18, 12, 7, 10, 16, 13, 19, 17))	4yuz_ligand
((30, 0, 1, 2, 3, 29, 28, 4),)	4yzm_ligand
((8, 0, 1, 2, 3, 13, 14, 4),)	4yzn_ligand
((4, 15, 23, 24, 25, 26, 28, 27),)	4z9l_ligand
((0, 1, 18, 21, 20, 19, 4, 15),)	4zo5_ligand
((6, 0, 5, 4, 3, 2, 7, 1),)	4ztl_ligand
((8, 1, 0, 13, 12, 2, 21, 11), (14, 13, 0, 1, 11, 2, 21, 12))	4zy4_ligand
((17, 9, 8, 2, 10, 1, 11, 0),)	4zy5_ligand
((17, 4, 15, 14, 13, 12, 11, 16),)	4zy6_ligand
((5, 6, 7, 8, 9, 10, 11, 27),)	5a14_ligand
((10, 23, 19, 18, 7, 17, 4, 12),)	5a4c_ligand
((7, 6, 19, 34, 35, 4, 3, 5), (22, 34, 19, 6, 5, 4, 3, 35))	5alb_ligand
((7, 6, 19, 34, 35, 4, 3, 5), (22, 34, 19, 6, 5, 4, 3, 35))	5alc_ligand
((7, 2, 1, 0, 5, 4, 6, 3),)	5alu_ligand
((7, 13, 4, 5, 6, 15, 16, 14),)	5ap0_ligand
((7, 13, 4, 5, 6, 15, 16, 14),)	5ap3_ligand
((3, 11, 12, 13, 14, 15, 17, 16),)	5ap7_ligand
((16, 14, 13, 12, 11, 10, 9, 15),)	5ar8_ligand
((17, 4, 15, 14, 13, 12, 11, 16),)	5bms_ligand
((18, 0, 1, 2, 4, 19, 5, 6),)	5bsk_ligand
((4, 23, 30, 28, 32, 2, 26, 25),)	5bvd_ligand
((20, 18, 28, 25, 32, 2, 22, 21),)	5bve_ligand
((1, 3, 4, 5, 22, 6, 31, 33),)	5bvf_ligand
((17, 8, 9, 10, 27, 11, 12, 28), (29, 10, 9, 8, 28, 11, 12, 27))	5bvw_ligand
((5, 6, 7, 0, 8, 1, 10, 2), (9, 0, 7, 6, 2, 1, 10, 8))	5c1w_ligand
((8, 0, 7, 5, 2, 1, 3, 6), (11, 5, 7, 0, 6, 1, 3, 2))	5c28_ligand
((13, 6, 10, 0, 9, 8, 1, 7), (14, 0, 10, 6, 7, 8, 1, 9))	5c29_ligand
((16, 8, 13, 0, 12, 11, 14, 9), (19, 0, 13, 8, 9, 11, 14, 12))	5c2a_ligand
((2, 0, 20, 13, 14, 18, 15, 19), (17, 13, 20, 0, 19, 18, 15, 14))	5c2e_ligand
((14, 10, 17, 0, 16, 15, 12, 11), (18, 0, 17, 10, 11, 15, 12, 16))	5c2h_ligand
((14, 7, 6, 2, 12, 5, 11, 13),)	5c8k_ligand
((13, 14, 15, 16, 17, 18, 20, 19),)	5c8m_ligand
((13, 14, 15, 16, 17, 18, 20, 19),)	5c8n_ligand
((13, 14, 15, 16, 17, 18, 20, 19),)	5cal_ligand
((13, 14, 15, 16, 17, 18, 20, 19),)	5can_ligand
((13, 14, 15, 16, 17, 18, 20, 19),)	5cao_ligand
((13, 14, 15, 16, 17, 18, 20, 19),)	5cap_ligand
((13, 14, 15, 16, 17, 18, 20, 19),)	5caq_ligand
((17, 18, 19, 20, 21, 22, 24, 23),)	5cas_ligand
((17, 18, 19, 20, 21, 22, 24, 23),)	5cau_ligand
((17, 18, 19, 20, 21, 22, 24, 23),)	5cav_ligand
((13, 14, 15, 17, 18, 19, 0, 26),)	5ci7_ligand
((12, 5, 7, 8, 24, 3, 23, 11), (25, 8, 7, 5, 11, 3, 23, 24))	5cyi_ligand
((11, 0, 1, 2, 3, 19, 20, 4), (12, 2, 1, 0, 4, 19, 20, 3))	5d10_ligand
((11, 0, 1, 2, 3, 19, 20, 4), (12, 2, 1, 0, 4, 19, 20, 3))	5d11_ligand
((10, 9, 19, 20, 7, 6, 5, 8), (21, 20, 19, 9, 8, 6, 5, 7))	5d12_ligand
((18, 1, 2, 16, 14, 0, 17, 15),)	5d9k_ligand
((19, 2, 3, 1, 16, 14, 15, 0),)	5e1s_ligand
((8, 6, 0, 2, 9, 3, 4, 10), (13, 2, 0, 6, 10, 3, 4, 9))	5edq_ligand
((9, 7, 0, 2, 10, 4, 5, 11), (14, 2, 0, 7, 11, 4, 5, 10))	5edr_ligand
((23, 24, 25, 26, 27, 28, 30, 29),)	5em6_ligand
