((33, 21, 20, 22, 23, 24, 27, 25, 26),)	11gs_ligand
((16, 15, 13, 11, 9, 8, 7, 10, 12),)	1a09_ligand
((15, 14, 13, 11, 9, 8, 7, 10, 12),)	1a1b_ligand
((15, 14, 13, 11, 9, 8, 7, 10, 12),)	1a1c_ligand
((15, 14, 13, 11, 9, 8, 7, 10, 12),)	1a1e_ligand
((10, 15, 16, 17, 19, 20, 27, 21, 22),)	1aj6_ligand
((10, 9, 6, 5, 4, 0, 1, 8, 7),)	1aj7_ligand
((22, 20, 19, 17, 15, 14, 13, 16, 18),)	1atl_ligand
((0, 6, 7, 8, 9, 10, 13, 11, 12),)	1au2_ligand
((22, 21, 20, 17, 16, 15, 14, 18, 19),)	1b6j_ligand
((35, 34, 33, 30, 29, 28, 27, 31, 32),)	1b6k_ligand
((22, 21, 20, 17, 16, 15, 14, 18, 19),)	1b6l_ligand
((29, 28, 27, 24, 23, 22, 21, 25, 26),)	1b6m_ligand
((34, 33, 32, 29, 28, 27, 26, 30, 31),)	1b6p_ligand
((20, 19, 16, 15, 14, 13, 12, 18, 17),)	1bjv_ligand
((40, 36, 21, 20, 19, 18, 17, 23, 22),)	1bkm_ligand
((17, 47, 11, 10, 9, 8, 7, 46, 12), (19, 49, 30, 29, 28, 27, 26, 32, 31))	1bl4_ligand
((24, 23, 22, 20, 18, 17, 16, 19, 21),)	1bm2_ligand
((26, 25, 24, 22, 20, 19, 16, 21, 23),)	1bm6_ligand
((39, 38, 37, 35, 33, 32, 31, 34, 36),)	1bmb_ligand
((21, 20, 5, 4, 3, 2, 1, 7, 6),)	1bn4_ligand
((23, 22, 7, 6, 5, 4, 21, 9, 8),)	1bnt_ligand
((14, 19, 5, 4, 3, 2, 16, 7, 6),)	1bqm_ligand
((14, 19, 5, 4, 3, 2, 16, 7, 6),)	1bqn_ligand
((7, 6, 3, 2, 1, 0, 9, 5, 4), (31, 30, 27, 26, 25, 24, 19, 29, 28))	1bqo_ligand
((23, 20, 15, 14, 13, 12, 11, 17, 16),)	1bzf_ligand
((40, 39, 38, 35, 34, 33, 32, 36, 37),)	1bzh_ligand
((23, 22, 19, 16, 15, 14, 13, 17, 18),)	1cj1_ligand
((48, 23, 22, 20, 18, 17, 16, 19, 21),)	1cpi_ligand
((17, 16, 13, 12, 11, 10, 7, 15, 14),)	1d3d_ligand
((25, 24, 22, 21, 20, 19, 9, 18, 23),)	1d3p_ligand
((17, 16, 13, 12, 11, 10, 7, 15, 14), (25, 24, 22, 21, 20, 19, 9, 18, 23))	1d3q_ligand
((50, 34, 33, 30, 29, 28, 27, 31, 32),)	1d4k_ligand
((23, 22, 21, 18, 17, 16, 15, 19, 20),)	1d4l_ligand
((41, 40, 39, 37, 35, 34, 33, 36, 38),)	1d4w_ligand
((7, 6, 3, 2, 1, 0, 8, 5, 4),)	1d5j_ligand
((10, 9, 3, 2, 1, 0, 6, 5, 4),)	1d7x_ligand
((10, 9, 6, 5, 4, 3, 0, 8, 7),)	1d8f_ligand
((7, 6, 3, 2, 1, 0, 8, 5, 4),)	1d8m_ligand
((22, 21, 5, 0, 1, 2, 6, 3, 4),)	1db4_ligand
((22, 21, 0, 1, 2, 3, 6, 4, 5),)	1db5_ligand
((19, 18, 7, 6, 3, 4, 5, 9, 8), (21, 20, 8, 7, 6, 3, 2, 4, 9))	1di8_ligand
((20, 19, 7, 6, 3, 4, 5, 9, 8), (22, 21, 8, 7, 6, 3, 2, 4, 9))	1di9_ligand
((17, 18, 7, 8, 9, 16, 10, 15, 14),)	1dx6_ligand
((0, 6, 12, 13, 14, 15, 22, 16, 17),)	1eef_ligand
((0, 13, 6, 7, 8, 9, 12, 10, 11),)	1efi_ligand
((26, 25, 22, 21, 20, 19, 17, 24, 23),)	1err_ligand
((26, 25, 24, 22, 20, 19, 16, 21, 23),)	1eub_ligand
((25, 24, 0, 1, 2, 3, 8, 4, 5), (27, 26, 1, 0, 5, 4, 6, 3, 2))	1eve_ligand
((20, 31, 30, 27, 26, 32, 17, 28, 29),)	1fax_ligand
((37, 36, 35, 33, 31, 30, 29, 32, 34),)	1fhr_ligand
((27, 26, 23, 22, 21, 20, 12, 25, 24),)	1fls_ligand
((36, 9, 8, 6, 4, 3, 2, 5, 7),)	1fm9_ligand
((14, 18, 2, 1, 0, 5, 9, 4, 3), (14, 19, 3, 2, 1, 0, 15, 5, 4))	1fv0_ligand
((15, 14, 13, 11, 9, 8, 7, 10, 12),)	1fyr_ligand
((7, 6, 3, 2, 1, 0, 8, 5, 4),)	1g05_ligand
((24, 23, 20, 19, 18, 17, 14, 22, 21),)	1g49_ligand
((17, 16, 13, 12, 11, 10, 6, 15, 14),)	1g4k_ligand
((9, 12, 3, 4, 5, 6, 10, 7, 8),)	1g7f_ligand
((22, 8, 0, 1, 2, 3, 6, 4, 5),)	1g7g_ligand
((10, 9, 6, 5, 4, 0, 1, 8, 7),)	1gaf_ligand
((16, 15, 14, 13, 12, 19, 20, 18, 17),)	1gi9_ligand
((15, 1, 0, 2, 4, 6, 9, 7, 8),)	1gsf_ligand
((9, 8, 7, 6, 4, 3, 1, 21, 20),)	1gsz_ligand
((15, 14, 8, 7, 6, 5, 12, 0, 13),)	1h00_ligand
((0, 19, 16, 12, 13, 15, 21, 18, 17),)	1h01_ligand
((0, 19, 16, 12, 13, 15, 21, 18, 17),)	1h08_ligand
((7, 20, 6, 5, 4, 3, 1, 16, 15),)	1h36_ligand
((8, 7, 6, 5, 4, 3, 1, 19, 18),)	1h37_ligand
((9, 10, 11, 12, 13, 17, 16, 18, 19),)	1h39_ligand
((7, 8, 9, 10, 11, 15, 14, 16, 17),)	1h3a_ligand
((9, 10, 11, 12, 13, 16, 15, 17, 18),)	1h3b_ligand
((9, 10, 11, 12, 13, 17, 16, 18, 19),)	1h3c_ligand
((3, 16, 9, 10, 11, 12, 17, 13, 14), (9, 16, 3, 2, 1, 0, 6, 5, 4))	1hk1_ligand
((3, 16, 9, 10, 11, 12, 17, 13, 14), (9, 16, 3, 2, 1, 0, 6, 5, 4))	1hk2_ligand
((3, 16, 9, 10, 11, 12, 17, 13, 14), (9, 16, 3, 2, 1, 0, 6, 5, 4))	1hk3_ligand
((3, 16, 9, 10, 11, 12, 17, 13, 14), (9, 16, 3, 2, 1, 0, 6, 5, 4))	1hk4_ligand
((3, 16, 9, 10, 11, 12, 17, 13, 14), (9, 16, 3, 2, 1, 0, 6, 5, 4))	1hk5_ligand
((27, 26, 23, 22, 21, 20, 17, 25, 24),)	1hy7_ligand
((41, 40, 39, 37, 35, 34, 33, 36, 38),)	1i3z_ligand
((11, 49, 5, 4, 9, 8, 0, 7, 6),)	1i6v_ligand
((15, 14, 11, 10, 9, 0, 1, 13, 12), (24, 23, 20, 19, 18, 17, 16, 22, 21))	1i7g_ligand
((15, 14, 11, 10, 9, 0, 1, 13, 12), (24, 23, 20, 19, 18, 17, 16, 22, 21))	1i7i_ligand
((29, 25, 24, 22, 21, 20, 18, 27, 26),)	1ih0_ligand
((29, 22, 26, 25, 24, 23, 4, 28, 27),)	1ijr_ligand
((15, 14, 11, 10, 9, 6, 5, 13, 12),)	1ikt_ligand
((26, 23, 14, 13, 18, 17, 20, 16, 15),)	1iky_ligand
((64, 63, 62, 60, 58, 57, 56, 59, 61),)	1irs_ligand
((16, 14, 13, 11, 9, 8, 7, 10, 12),)	1is0_ligand
((29, 23, 22, 19, 18, 17, 16, 20, 21),)	1j1a_ligand
((37, 36, 35, 33, 31, 30, 29, 32, 34),)	1j4k_ligand
((9, 8, 3, 2, 1, 0, 12, 5, 4),)	1j4r_ligand
((22, 21, 20, 0, 1, 2, 3, 18, 19),)	1j5i_ligand
((29, 28, 19, 18, 17, 16, 15, 21, 20),)	1jg0_ligand
((17, 16, 13, 12, 11, 10, 3, 15, 14),)	1jiz_ligand
((20, 21, 22, 18, 17, 16, 15, 24, 23),)	1jje_ligand
((10, 9, 8, 7, 6, 5, 4, 13, 12), (24, 23, 22, 21, 20, 19, 18, 27, 26))	1jjt_ligand
((16, 15, 0, 1, 2, 3, 6, 4, 5),)	1jqe_ligand
((7, 19, 12, 11, 10, 15, 0, 14, 13),)	1jr1_ligand
((23, 22, 21, 19, 17, 16, 15, 18, 20), (40, 39, 38, 36, 34, 33, 32, 35, 37))	1jyq_ligand
((34, 33, 27, 26, 25, 24, 21, 29, 28),)	1k1n_ligand
((7, 6, 5, 0, 1, 2, 12, 3, 4), (11, 10, 3, 2, 1, 0, 9, 5, 4))	1k3t_ligand
((45, 44, 41, 42, 43, 39, 38, 40, 47),)	1k6p_ligand
((45, 44, 41, 42, 43, 39, 38, 40, 47),)	1k6v_ligand
((14, 13, 10, 8, 4, 3, 0, 5, 9),)	1kjr_ligand
((37, 9, 8, 6, 4, 3, 2, 5, 7),)	1kkq_ligand
((16, 23, 10, 9, 14, 13, 24, 12, 11), (17, 24, 13, 12, 11, 10, 23, 9, 14))	1kmv_ligand
((9, 8, 3, 2, 1, 6, 14, 5, 4),)	1kpm_ligand
((31, 30, 6, 5, 4, 3, 2, 12, 11),)	1kv2_ligand
((21, 20, 19, 18, 17, 23, 24, 25, 26), (28, 27, 26, 19, 18, 17, 14, 23, 25))	1kz8_ligand
((6, 33, 8, 9, 10, 14, 13, 15, 16),)	1kzn_ligand
((17, 13, 8, 3, 0, 2, 7, 6, 12),)	1ld7_ligand
((16, 13, 8, 3, 0, 2, 7, 6, 12),)	1ld8_ligand
((39, 38, 34, 33, 32, 37, 14, 36, 35), (52, 47, 41, 42, 43, 44, 19, 45, 46))	1lf3_ligand
((21, 20, 10, 0, 1, 13, 14, 12, 11),)	1lhw_ligand
((42, 14, 13, 11, 9, 8, 7, 10, 12),)	1lkk_ligand
((38, 14, 13, 11, 9, 8, 7, 10, 12),)	1lkl_ligand
((13, 14, 10, 9, 8, 7, 4, 12, 11),)	1mkd_ligand
((42, 30, 29, 27, 25, 24, 23, 26, 28),)	1mtr_ligand
((15, 14, 13, 12, 11, 26, 8, 25, 24),)	1mzs_ligand
((15, 16, 17, 18, 25, 24, 26, 20, 19), (17, 16, 15, 10, 9, 8, 5, 12, 13))	1n46_ligand
((7, 8, 9, 10, 11, 12, 13, 14, 15), (9, 8, 7, 6, 5, 4, 3, 20, 19))	1nax_ligand
((3, 12, 9, 8, 7, 6, 14, 10, 11), (9, 12, 3, 2, 0, 1, 13, 5, 4))	1nhg_ligand
((7, 8, 9, 10, 11, 12, 17, 13, 14),)	1nl6_ligand
((2, 11, 12, 13, 14, 15, 16, 17, 18), (12, 11, 2, 1, 0, 5, 6, 4, 3))	1nnu_ligand
((14, 16, 34, 35, 36, 37, 52, 38, 39),)	1nny_ligand
((1, 18, 6, 4, 2, 0, 12, 10, 8), (6, 18, 1, 3, 5, 7, 19, 9, 11))	1nq0_ligand
((26, 11, 1, 0, 5, 4, 34, 3, 2),)	1nt1_ligand
((1, 2, 3, 4, 12, 13, 14, 18, 19),)	1ny0_ligand
((13, 12, 11, 10, 9, 8, 7, 30, 29),)	1nyx_ligand
((28, 27, 26, 24, 22, 21, 20, 23, 25), (53, 52, 51, 49, 47, 46, 45, 48, 50))	1nzl_ligand
((28, 27, 26, 24, 22, 21, 20, 23, 25), (52, 51, 50, 48, 46, 45, 44, 47, 49))	1nzv_ligand
((16, 15, 14, 13, 12, 19, 20, 18, 17),)	1o2t_ligand
((6, 29, 2, 1, 0, 5, 10, 4, 3),)	1o42_ligand
((7, 30, 3, 2, 1, 6, 11, 5, 4),)	1o45_ligand
((6, 27, 2, 1, 0, 5, 8, 4, 3),)	1o49_ligand
((10, 9, 4, 3, 2, 1, 6, 0, 5),)	1o4e_ligand
((38, 37, 36, 35, 34, 33, 32, 40, 39),)	1o5p_ligand
((9, 10, 12, 14, 15, 18, 17, 19, 20),)	1o6h_ligand
((7, 8, 9, 10, 11, 15, 14, 16, 17),)	1o6q_ligand
((9, 10, 11, 12, 13, 14, 15, 25, 26),)	1o6r_ligand
((20, 21, 22, 23, 24, 25, 30, 26, 27),)	1o79_ligand
((24, 23, 22, 19, 18, 17, 16, 20, 21),)	1oir_ligand
((19, 18, 3, 2, 1, 0, 6, 5, 4),)	1oyn_ligand
((15, 14, 13, 12, 11, 10, 9, 17, 16),)	1pf8_ligand
((36, 35, 33, 31, 29, 27, 23, 28, 34),)	1py2_ligand
((18, 38, 1, 0, 5, 4, 20, 3, 2),)	1pyn_ligand
((24, 23, 22, 18, 16, 15, 14, 19, 21),)	1q4x_ligand
((20, 19, 18, 16, 14, 13, 12, 15, 17),)	1q5k_ligand
((19, 18, 3, 2, 1, 0, 6, 5, 4),)	1q9m_ligand
((28, 27, 21, 20, 19, 17, 16, 18, 22),)	1qb9_ligand
((25, 24, 21, 20, 19, 18, 17, 23, 22),)	1qbo_ligand
((34, 33, 25, 24, 23, 22, 20, 27, 26),)	1qiw_ligand
((80, 79, 78, 76, 74, 73, 72, 75, 77),)	1qj1_ligand
((80, 79, 78, 76, 74, 73, 72, 75, 77),)	1qj6_ligand
((80, 79, 78, 76, 74, 73, 72, 75, 77),)	1qj7_ligand
((26, 25, 22, 21, 20, 19, 17, 24, 23),)	1qkn_ligand
((30, 65, 43, 44, 47, 48, 50, 46, 45),)	1qpl_ligand
((17, 18, 7, 8, 9, 16, 10, 15, 14),)	1qti_ligand
((19, 6, 1, 0, 5, 4, 21, 3, 2),)	1qxk_ligand
((9, 12, 13, 14, 15, 16, 19, 17, 18), (13, 12, 9, 7, 6, 4, 3, 5, 10))	1r6g_ligand
((40, 31, 30, 29, 28, 34, 35, 33, 32),)	1rek_ligand
((13, 12, 1, 0, 5, 4, 6, 3, 2),)	1rhr_ligand
((7, 6, 2, 1, 0, 5, 8, 4, 3),)	1rmz_ligand
((19, 18, 3, 2, 1, 0, 6, 5, 4),)	1ro6_ligand
((30, 29, 26, 25, 24, 23, 20, 28, 27),)	1ros_ligand
((20, 19, 18, 15, 11, 10, 9, 16, 17),)	1rv1_ligand
((30, 29, 26, 25, 24, 23, 21, 28, 27),)	1rwx_ligand
((71, 70, 69, 67, 65, 64, 63, 66, 68),)	1shc_ligand
((1, 2, 3, 4, 5, 6, 7, 8, 9), (25, 24, 21, 20, 19, 18, 1, 23, 22))	1sj0_ligand
((10, 9, 8, 5, 4, 3, 2, 6, 7),)	1skj_ligand
((1, 0, 7, 2, 3, 4, 13, 5, 6),)	1sqi_ligand
((14, 13, 5, 0, 1, 2, 6, 3, 4),)	1sqt_ligand
((0, 1, 2, 3, 4, 5, 8, 6, 7),)	1sv3_ligand
((4, 3, 2, 1, 9, 7, 8, 6, 5),)	1sve_ligand
((4, 3, 2, 1, 9, 7, 8, 6, 5),)	1svg_ligand
((4, 3, 2, 1, 9, 7, 8, 6, 5),)	1svh_ligand
((27, 26, 20, 19, 24, 23, 25, 22, 21),)	1ta6_ligand
((1, 0, 7, 2, 3, 4, 13, 5, 6),)	1tfz_ligand
((0, 3, 5, 6, 7, 8, 11, 9, 10),)	1ttm_ligand
((30, 29, 24, 19, 20, 21, 0, 22, 23),)	1ttv_ligand
((39, 38, 37, 35, 33, 32, 31, 34, 36),)	1tze_ligand
((14, 3, 9, 16, 12, 8, 0, 17, 18),)	1u65_ligand
((17, 16, 15, 14, 23, 20, 21, 19, 18), (22, 21, 20, 19, 18, 15, 16, 14, 23))	1u71_ligand
((21, 20, 19, 14, 15, 16, 23, 17, 18),)	1udt_ligand
((25, 24, 23, 22, 21, 20, 9, 28, 27),)	1udu_ligand
((7, 8, 9, 10, 11, 12, 15, 13, 14),)	1uom_ligand
((28, 11, 8, 7, 6, 5, 26, 10, 9),)	1uwh_ligand
((6, 5, 4, 2, 3, 11, 12, 10, 7),)	1uy6_ligand
((22, 21, 20, 17, 16, 15, 14, 18, 19),)	1uy7_ligand
((23, 22, 21, 17, 16, 15, 14, 18, 20),)	1uy9_ligand
((0, 2, 3, 1, 4, 5, 6, 8, 9), (7, 6, 5, 4, 1, 3, 2, 9, 8))	1uyc_ligand
((6, 5, 4, 2, 3, 11, 12, 10, 7), (9, 8, 7, 4, 2, 3, 27, 11, 10))	1uyd_ligand
((7, 6, 5, 2, 1, 12, 13, 11, 8), (10, 9, 8, 5, 2, 1, 0, 12, 11))	1uye_ligand
((7, 6, 5, 2, 1, 12, 13, 11, 8), (10, 9, 8, 5, 2, 1, 0, 12, 11))	1uyf_ligand
((0, 20, 12, 13, 14, 17, 19, 16, 15), (21, 19, 17, 14, 13, 12, 20, 15, 16))	1uyg_ligand
((0, 2, 3, 1, 4, 5, 6, 8, 9), (7, 6, 5, 4, 1, 3, 2, 9, 8))	1uyh_ligand
((20, 19, 18, 17, 24, 23, 25, 22, 21), (26, 25, 23, 22, 21, 18, 19, 17, 24))	1uyi_ligand
((23, 22, 21, 17, 16, 15, 14, 18, 20),)	1uyk_ligand
((6, 5, 4, 2, 3, 11, 12, 10, 7),)	1uym_ligand
((3, 5, 6, 7, 8, 11, 12, 10, 9), (13, 12, 11, 8, 7, 6, 5, 9, 10))	1uys_ligand
((13, 22, 15, 12, 8, 9, 21, 16, 14),)	1v1k_ligand
((12, 14, 23, 22, 21, 17, 16, 18, 24),)	1v7a_ligand
((4, 3, 2, 1, 9, 7, 8, 6, 5),)	1veb_ligand
((22, 21, 20, 19, 18, 17, 9, 28, 27),)	1vjb_ligand
((9, 25, 24, 17, 18, 16, 8, 26, 27), (29, 28, 27, 24, 17, 18, 19, 16, 26))	1w0y_ligand
((26, 25, 24, 21, 20, 19, 8, 27, 28),)	1w2k_ligand
((9, 8, 7, 6, 4, 3, 1, 21, 20),)	1w6j_ligand
((33, 32, 29, 26, 25, 24, 13, 31, 30),)	1w7x_ligand
((40, 39, 35, 30, 31, 32, 36, 33, 34),)	1wv7_ligand
((39, 38, 37, 34, 33, 42, 43, 41, 40),)	1xdd_ligand
((27, 26, 25, 24, 23, 22, 21, 37, 35),)	1xkk_ligand
((16, 15, 14, 13, 12, 11, 8, 18, 17),)	1xlx_ligand
((12, 11, 10, 9, 8, 7, 5, 14, 13),)	1xlz_ligand
((16, 15, 14, 13, 12, 11, 9, 18, 17),)	1xm4_ligand
((12, 11, 10, 9, 8, 7, 5, 14, 13),)	1xm6_ligand
((10, 9, 8, 7, 6, 5, 4, 16, 13),)	1xmu_ligand
((19, 18, 3, 2, 1, 0, 6, 5, 4),)	1xmy_ligand
((13, 12, 9, 8, 7, 6, 5, 11, 10),)	1xn0_ligand
((16, 15, 14, 13, 12, 11, 8, 18, 17),)	1xom_ligand
((16, 15, 14, 13, 12, 11, 9, 18, 17),)	1xon_ligand
((10, 9, 8, 7, 6, 5, 4, 16, 13),)	1xoq_ligand
((13, 14, 10, 9, 8, 7, 4, 12, 11),)	1xor_ligand
((21, 20, 19, 14, 15, 16, 23, 17, 18),)	1xos_ligand
((25, 24, 23, 22, 21, 20, 9, 28, 27),)	1xoz_ligand
((1, 2, 3, 4, 5, 6, 7, 8, 9), (25, 24, 21, 20, 19, 18, 1, 23, 22))	1xp1_ligand
((1, 2, 3, 4, 5, 6, 7, 8, 9), (25, 24, 21, 20, 19, 18, 1, 23, 22))	1xp6_ligand
((1, 2, 3, 4, 5, 6, 7, 8, 9), (25, 24, 21, 20, 19, 18, 1, 23, 22))	1xp9_ligand
((1, 2, 3, 4, 5, 6, 7, 8, 9), (25, 24, 21, 20, 19, 18, 1, 23, 22))	1xpc_ligand
((0, 3, 23, 22, 21, 20, 19, 25, 24),)	1xpz_ligand
((0, 3, 5, 6, 7, 8, 11, 9, 10),)	1xq0_ligand
((1, 20, 6, 4, 2, 0, 12, 10, 8), (6, 20, 1, 3, 5, 7, 19, 9, 11))	1xzx_ligand
((3, 16, 9, 10, 11, 12, 17, 13, 14), (9, 16, 3, 2, 1, 0, 6, 5, 4))	1y0x_ligand
((19, 18, 15, 14, 13, 12, 9, 17, 16),)	1y2d_ligand
((25, 26, 21, 20, 19, 18, 17, 23, 22),)	1y3x_ligand
((10, 9, 8, 7, 6, 5, 1, 12, 11),)	1y6a_ligand
((15, 14, 13, 10, 9, 8, 1, 11, 12),)	1y6b_ligand
((3, 2, 5, 6, 7, 10, 11, 8, 9),)	1ya4_ligand
((20, 33, 18, 13, 14, 15, 12, 16, 17),)	1ybg_ligand
((3, 4, 5, 1, 0, 8, 9, 7, 6),)	1yc1_ligand
((7, 6, 2, 1, 0, 5, 8, 4, 3),)	1ycm_ligand
((6, 7, 0, 1, 2, 3, 20, 4, 5),)	1yei_ligand
((6, 7, 0, 1, 2, 3, 24, 4, 5),)	1yej_ligand
((1, 2, 3, 4, 12, 13, 14, 18, 19),)	1yms_ligand
((6, 7, 8, 9, 10, 13, 14, 12, 11), (8, 7, 6, 3, 2, 1, 0, 4, 5), (15, 14, 13, 10, 9, 8, 7, 11, 12))	1you_ligand
((25, 26, 21, 20, 19, 18, 17, 23, 22),)	1ypj_ligand
((10, 26, 7, 9, 8, 5, 0, 6, 25),)	1yvf_ligand
((61, 60, 59, 57, 55, 54, 53, 56, 58),)	1yvh_ligand
((5, 20, 19, 3, 4, 2, 1, 17, 18),)	1z1h_ligand
((5, 19, 18, 3, 4, 2, 1, 16, 17),)	1z1r_ligand
((7, 6, 2, 1, 0, 5, 8, 4, 3),)	1z3j_ligand
((15, 14, 3, 2, 1, 0, 7, 5, 4),)	1z4u_ligand
((13, 12, 2, 1, 0, 5, 6, 4, 3),)	1z6p_ligand
((0, 6, 7, 8, 9, 10, 13, 11, 12), (7, 6, 0, 1, 2, 3, 31, 4, 5))	1z6q_ligand
((6, 20, 3, 2, 1, 0, 19, 5, 4),)	1z9h_ligand
((18, 17, 1, 0, 5, 4, 8, 3, 2),)	1zeo_ligand
((30, 29, 28, 26, 24, 23, 22, 25, 27),)	1zfp_ligand
((15, 14, 2, 1, 0, 5, 6, 4, 3),)	1zp5_ligand
((0, 1, 2, 3, 4, 5, 8, 6, 7),)	1zp8_ligand
((27, 26, 23, 22, 21, 20, 17, 25, 24),)	1zpa_ligand
((7, 6, 3, 2, 1, 0, 8, 5, 4),)	1zs0_ligand
((7, 6, 3, 2, 1, 0, 8, 5, 4),)	1zvx_ligand
((3, 4, 5, 6, 7, 8, 11, 9, 10),)	1zxc_ligand
((16, 15, 12, 11, 10, 9, 8, 14, 13),)	1zyj_ligand
((21, 25, 26, 27, 28, 29, 32, 30, 31),)	1zz2_ligand
((6, 15, 3, 2, 4, 7, 17, 8, 5),)	2a4z_ligand
((17, 16, 13, 12, 11, 10, 7, 15, 14),)	2a8h_ligand
((17, 16, 15, 3, 4, 12, 7, 13, 14), (19, 20, 21, 22, 26, 25, 29, 24, 23))	2ath_ligand
((14, 13, 12, 8, 6, 5, 4, 7, 11),)	2ay3_ligand
((12, 15, 16, 6, 8, 11, 25, 9, 20), (29, 25, 11, 8, 6, 16, 15, 20, 9))	2ayr_ligand
((0, 1, 2, 3, 4, 32, 8, 33, 34), (36, 35, 34, 2, 3, 4, 5, 32, 33))	2bak_ligand
((15, 14, 13, 8, 9, 10, 16, 11, 12),)	2bgd_ligand
((22, 21, 20, 19, 18, 17, 9, 28, 27),)	2bj4_ligand
((17, 18, 35, 30, 31, 32, 36, 33, 34), (26, 25, 23, 22, 21, 20, 15, 19, 24))	2bks_ligand
((23, 24, 10, 11, 12, 13, 38, 14, 15), (32, 31, 29, 28, 27, 26, 21, 25, 30))	2bkt_ligand
((34, 6, 0, 1, 2, 3, 18, 4, 5),)	2bmg_ligand
((0, 1, 2, 3, 4, 7, 8, 6, 5), (26, 25, 24, 23, 22, 21, 20, 28, 27))	2br1_ligand
((23, 3, 4, 1, 0, 7, 8, 6, 5),)	2brc_ligand
((7, 6, 3, 2, 1, 0, 12, 5, 4), (31, 33, 16, 15, 14, 19, 13, 18, 17))	2brp_ligand
((12, 11, 10, 9, 2, 1, 0, 15, 14),)	2bz6_ligand
((15, 17, 20, 21, 22, 23, 29, 24, 25),)	2c4f_ligand
((8, 9, 10, 11, 12, 13, 19, 14, 15), (37, 36, 11, 10, 15, 14, 16, 13, 12))	2c6e_ligand
((0, 1, 2, 3, 4, 5, 8, 6, 7),)	2c8w_ligand
((0, 1, 2, 3, 4, 6, 11, 7, 9),)	2c8x_ligand
((0, 1, 2, 3, 4, 6, 11, 7, 9),)	2c93_ligand
((3, 16, 9, 10, 11, 12, 17, 13, 14), (9, 16, 3, 2, 1, 0, 6, 5, 4))	2ceo_ligand
((3, 4, 5, 6, 10, 9, 16, 8, 7), (21, 20, 19, 15, 14, 16, 9, 17, 18))	2cgu_ligand
((25, 24, 23, 12, 11, 15, 16, 21, 22),)	2chx_ligand
((33, 32, 31, 29, 27, 26, 25, 28, 30),)	2cia_ligand
((7, 6, 0, 1, 2, 3, 11, 4, 5),)	2cle_ligand
((7, 6, 0, 1, 2, 3, 11, 4, 5),)	2clf_ligand
((7, 6, 0, 1, 2, 3, 11, 4, 5),)	2cli_ligand
((7, 6, 0, 1, 2, 3, 11, 4, 5),)	2cll_ligand
((7, 6, 0, 1, 2, 3, 11, 4, 5),)	2clm_ligand
((8, 7, 1, 0, 5, 4, 6, 3, 2),)	2e9u_ligand
((21, 20, 1, 0, 5, 4, 7, 3, 2),)	2e9v_ligand
((6, 5, 4, 2, 3, 11, 12, 10, 7),)	2etm_ligand
((20, 19, 18, 13, 12, 11, 10, 24, 23),)	2ew5_ligand
((26, 25, 24, 21, 20, 19, 7, 22, 23),)	2ewp_ligand
((31, 30, 29, 26, 25, 24, 23, 27, 28),)	2f1g_ligand
((10, 9, 8, 0, 1, 2, 3, 6, 7),)	2f2h_ligand
((22, 21, 20, 13, 12, 17, 9, 18, 19), (24, 25, 26, 27, 31, 30, 34, 29, 28))	2f4b_ligand
((4, 29, 26, 25, 3, 2, 1, 28, 27),)	2fb8_ligand
((46, 45, 44, 42, 40, 39, 38, 41, 43), (84, 83, 82, 80, 78, 77, 76, 79, 81))	2fci_ligand
((35, 30, 25, 21, 18, 15, 13, 19, 22), (44, 43, 39, 36, 31, 26, 23, 32, 37))	2fdd_ligand
((35, 30, 25, 21, 18, 15, 13, 19, 22), (44, 43, 39, 36, 31, 26, 23, 32, 37))	2fde_ligand
((22, 21, 14, 13, 12, 17, 18, 16, 15),)	2fie_ligand
((22, 21, 14, 13, 12, 17, 18, 16, 15),)	2fix_ligand
((2, 3, 8, 9, 10, 11, 14, 12, 13),)	2fm5_ligand
((11, 13, 12, 14, 15, 16, 20, 17, 18),)	2fv5_ligand
((22, 21, 20, 15, 16, 17, 24, 18, 19),)	2fvd_ligand
((22, 21, 20, 19, 18, 26, 27, 25, 24), (22, 23, 24, 20, 19, 18, 17, 26, 25))	2fwy_ligand
((22, 21, 20, 19, 18, 26, 27, 25, 24), (22, 23, 24, 20, 19, 18, 17, 26, 25))	2fwz_ligand
((24, 23, 22, 20, 19, 18, 17, 26, 25),)	2fxs_ligand
((17, 16, 12, 11, 10, 15, 5, 14, 13),)	2g1r_ligand
((16, 15, 11, 10, 9, 14, 5, 13, 12),)	2g1y_ligand
((5, 10, 9, 15, 16, 17, 22, 18, 19),)	2g5p_ligand
((3, 6, 0, 1, 7, 8, 13, 9, 10), (12, 11, 1, 0, 10, 9, 16, 8, 7))	2gd8_ligand
((12, 18, 26, 25, 24, 23, 29, 28, 27),)	2ggx_ligand
((17, 16, 4, 3, 2, 1, 18, 0, 5), (19, 18, 1, 0, 5, 4, 16, 3, 2))	2gmx_ligand
((15, 1, 0, 2, 4, 6, 9, 7, 8),)	2gss_ligand
((21, 20, 19, 14, 15, 16, 23, 17, 18),)	2h42_ligand
((0, 1, 2, 3, 4, 7, 8, 6, 5),)	2h44_ligand
((6, 7, 8, 9, 10, 18, 19, 34, 35), (24, 25, 26, 22, 21, 29, 30, 28, 27))	2h8h_ligand
((16, 15, 4, 3, 2, 1, 17, 0, 5), (18, 17, 1, 0, 5, 4, 15, 3, 2))	2h96_ligand
((4, 3, 2, 1, 10, 9, 11, 8, 7),)	2hai_ligand
((34, 33, 32, 30, 28, 27, 26, 29, 31),)	2hdx_ligand
((39, 38, 37, 34, 33, 32, 30, 35, 36),)	2hfp_ligand
((35, 34, 33, 30, 29, 28, 27, 31, 32),)	2hh5_ligand
((35, 34, 33, 30, 29, 28, 27, 31, 32),)	2hhn_ligand
((9, 8, 5, 4, 3, 2, 1, 7, 6),)	2hjb_ligand
((41, 40, 39, 37, 35, 34, 33, 36, 38),)	2hmh_ligand
((11, 49, 5, 4, 9, 8, 0, 7, 6),)	2hw2_ligand
((6, 23, 21, 4, 3, 2, 20, 22, 5),)	2hzn_ligand
((42, 41, 40, 39, 38, 37, 34, 44, 43),)	2i0a_ligand
((8, 7, 6, 5, 4, 3, 1, 10, 9),)	2i0d_ligand
((15, 14, 13, 1, 2, 3, 11, 4, 12),)	2i0g_ligand
((15, 14, 13, 1, 2, 3, 11, 4, 12),)	2i0j_ligand
((0, 1, 2, 3, 4, 26, 7, 27, 28), (30, 29, 28, 2, 3, 4, 5, 26, 27))	2i40_ligand
((30, 29, 26, 25, 24, 23, 20, 28, 27),)	2i47_ligand
((20, 19, 18, 17, 16, 15, 14, 22, 21), (32, 31, 30, 29, 28, 27, 26, 38, 37))	2i4d_ligand
((2, 7, 8, 9, 10, 13, 14, 12, 11),)	2i4j_ligand
((2, 7, 8, 9, 10, 13, 14, 12, 11),)	2i4p_ligand
((32, 31, 30, 29, 28, 27, 24, 34, 33),)	2i4u_ligand
((32, 31, 30, 29, 28, 27, 24, 34, 33),)	2i4v_ligand
((9, 2, 8, 7, 6, 5, 4, 19, 18), (36, 35, 34, 33, 32, 31, 28, 38, 37))	2i4w_ligand
((9, 2, 8, 7, 6, 5, 4, 19, 18), (36, 35, 34, 33, 32, 31, 28, 38, 37))	2i4x_ligand
((2, 7, 8, 9, 10, 13, 14, 12, 11),)	2i4z_ligand
((18, 9, 8, 7, 17, 12, 13, 11, 10),)	2i5j_ligand
((41, 42, 43, 6, 5, 33, 2, 34, 7),)	2il2_ligand
((31, 30, 20, 19, 18, 23, 15, 22, 21),)	2iog_ligand
((8, 9, 10, 11, 12, 17, 18, 16, 15), (14, 13, 11, 10, 15, 16, 21, 17, 12))	2ito_ligand
((8, 9, 10, 11, 12, 17, 18, 16, 15), (14, 13, 11, 10, 15, 16, 21, 17, 12))	2ity_ligand
((8, 9, 10, 11, 12, 17, 18, 16, 15), (14, 13, 11, 10, 15, 16, 21, 17, 12))	2itz_ligand
((7, 8, 9, 10, 16, 15, 20, 14, 11), (13, 12, 11, 9, 10, 16, 17, 15, 14))	2ivu_ligand
((24, 23, 20, 0, 19, 13, 18, 22, 21),)	2iw6_ligand
((1, 17, 6, 4, 2, 0, 12, 10, 8), (6, 17, 1, 3, 5, 7, 18, 9, 11))	2j4a_ligand
((6, 32, 5, 4, 11, 10, 34, 8, 7), (9, 33, 8, 7, 5, 4, 3, 11, 10))	2jbl_ligand
((24, 23, 18, 17, 16, 21, 22, 20, 19),)	2jfh_ligand
((5, 4, 3, 2, 1, 0, 23, 12, 11),)	2jj3_ligand
((7, 6, 2, 1, 0, 5, 8, 4, 3),)	2jnp_ligand
((7, 6, 2, 1, 0, 5, 8, 4, 3),)	2jsd_ligand
((12, 17, 9, 4, 5, 18, 3, 6, 7),)	2jt6_ligand
((0, 1, 2, 3, 4, 5, 8, 6, 7),)	2kp8_ligand
((9, 10, 13, 3, 5, 15, 16, 6, 4),)	2l1r_ligand
((29, 31, 23, 22, 21, 26, 28, 25, 24), (30, 32, 24, 23, 22, 21, 34, 26, 25), (35, 42, 22, 21, 26, 25, 27, 24, 23))	2l65_ligand
((43, 42, 41, 39, 37, 36, 35, 38, 40), (81, 80, 79, 77, 75, 74, 73, 76, 78))	2lct_ligand
((44, 43, 42, 40, 38, 37, 36, 39, 41),)	2lnw_ligand
((77, 76, 75, 73, 71, 70, 69, 72, 74),)	2mc1_ligand
((68, 67, 66, 64, 62, 61, 60, 63, 65), (84, 83, 82, 80, 78, 77, 76, 79, 81))	2mpm_ligand
((48, 47, 46, 44, 42, 41, 40, 43, 45),)	2nmb_ligand
((7, 11, 5, 3, 32, 28, 27, 2, 4), (9, 33, 4, 2, 28, 32, 31, 3, 5))	2o8h_ligand
((36, 33, 14, 13, 12, 9, 8, 10, 15), (38, 37, 18, 17, 16, 7, 6, 20, 19))	2ofu_ligand
((21, 22, 23, 8, 9, 24, 25, 7, 33), (23, 22, 21, 10, 34, 18, 17, 19, 20))	2oh4_ligand
((16, 15, 14, 9, 10, 11, 23, 12, 13),)	2ohu_ligand
((6, 5, 4, 0, 1, 10, 13, 2, 3),)	2oi0_ligand
((17, 16, 4, 15, 3, 2, 1, 5, 19),)	2oqi_ligand
((24, 22, 13, 8, 15, 16, 7, 9, 14),)	2ot1_ligand
((9, 10, 11, 12, 0, 16, 17, 2, 15), (14, 13, 12, 0, 16, 2, 1, 15, 11), (20, 21, 4, 22, 23, 8, 24, 25, 26))	2ovv_ligand
((9, 10, 11, 12, 2, 15, 14, 0, 16), (18, 17, 16, 0, 15, 2, 1, 12, 11))	2ovy_ligand
((5, 6, 7, 8, 9, 12, 13, 11, 10),)	2ow1_ligand
((0, 1, 2, 3, 4, 7, 8, 6, 5),)	2ow2_ligand
((12, 3, 0, 1, 2, 19, 22, 20, 21),)	2p16_ligand
((16, 15, 0, 1, 2, 3, 6, 4, 5),)	2p2h_ligand
((28, 23, 5, 0, 1, 2, 21, 3, 4),)	2p2i_ligand
((13, 12, 5, 0, 1, 2, 6, 3, 4), (25, 24, 19, 18, 17, 22, 23, 21, 20), (39, 38, 35, 34, 32, 33, 9, 37, 36))	2p4y_ligand
((22, 21, 20, 19, 18, 17, 9, 28, 27),)	2p7z_ligand
((17, 18, 7, 8, 9, 16, 10, 15, 14),)	2ph9_ligand
((19, 18, 17, 16, 15, 27, 28, 26, 25),)	2q15_ligand
((1, 13, 0, 5, 18, 10, 22, 11, 12),)	2q70_ligand
((28, 29, 30, 15, 14, 31, 39, 16, 17),)	2q7m_ligand
((72, 71, 70, 68, 66, 65, 64, 67, 69),)	2q8y_ligand
((2, 1, 0, 4, 5, 6, 9, 7, 8),)	2qci_ligand
((2, 1, 0, 4, 5, 6, 9, 7, 8),)	2qd6_ligand
((2, 1, 0, 4, 5, 6, 9, 7, 8),)	2qd7_ligand
((2, 1, 0, 4, 5, 6, 9, 7, 8),)	2qd8_ligand
((5, 4, 3, 2, 1, 0, 23, 12, 11),)	2qe4_ligand
((12, 13, 14, 15, 16, 17, 20, 18, 19),)	2qe5_ligand
((36, 35, 34, 31, 30, 29, 26, 32, 33),)	2qi7_ligand
((13, 12, 11, 2, 3, 5, 6, 7, 9), (15, 16, 17, 18, 19, 22, 23, 21, 20))	2qm9_ligand
((0, 1, 2, 3, 4, 7, 8, 6, 5),)	2qrg_ligand
((5, 4, 3, 2, 1, 0, 25, 16, 15),)	2qtu_ligand
((2, 3, 4, 5, 6, 7, 10, 8, 9),)	2qu3_ligand
((5, 10, 11, 12, 13, 14, 19, 15, 16),)	2qu5_ligand
((9, 22, 17, 12, 13, 14, 23, 15, 16),)	2qu6_ligand
((6, 7, 8, 9, 10, 11, 12, 24, 25),)	2r4b_ligand
((8, 27, 5, 6, 7, 24, 4, 26, 25),)	2r6w_ligand
((17, 16, 15, 8, 7, 6, 12, 13, 14),)	2r6y_ligand
((0, 1, 2, 3, 6, 7, 8, 23, 24), (5, 4, 3, 2, 24, 23, 22, 7, 6))	2r7b_ligand
((23, 24, 14, 25, 15, 12, 31, 13, 26), (28, 27, 26, 13, 12, 15, 29, 25, 14), (31, 32, 9, 11, 35, 36, 37, 10, 33))	2rfn_ligand
((23, 24, 25, 26, 27, 28, 31, 29, 30),)	2rjp_ligand
((0, 1, 2, 3, 4, 7, 8, 6, 5),)	2rjs_ligand
((9, 10, 11, 12, 13, 14, 20, 15, 16), (33, 21, 5, 0, 1, 2, 6, 3, 4), (34, 22, 0, 1, 2, 3, 9, 4, 5))	2rl5_ligand
((3, 16, 9, 10, 11, 12, 17, 13, 14), (9, 16, 3, 2, 1, 0, 6, 5, 4))	2rox_ligand
((24, 23, 18, 17, 16, 21, 22, 20, 19),)	2uuo_ligand
((8, 9, 10, 11, 12, 15, 16, 14, 13),)	2uup_ligand
((14, 13, 12, 6, 5, 20, 21, 19, 18), (22, 21, 20, 5, 6, 12, 13, 18, 19))	2uvm_ligand
((0, 1, 2, 3, 4, 7, 8, 6, 5),)	2uwd_ligand
((13, 12, 11, 6, 7, 8, 14, 9, 10),)	2v0z_ligand
((7, 6, 10, 9, 8, 13, 14, 12, 11),)	2v10_ligand
((8, 7, 6, 5, 4, 3, 2, 10, 9),)	2v5x_ligand
((21, 18, 8, 6, 9, 12, 7, 15, 13),)	2vd0_ligand
((2, 3, 4, 5, 7, 8, 12, 9, 10),)	2vio_ligand
((18, 17, 16, 14, 13, 12, 10, 23, 21),)	2vip_ligand
((0, 25, 26, 4, 5, 6, 23, 7, 8), (2, 23, 6, 5, 4, 26, 25, 8, 7), (18, 17, 16, 14, 13, 12, 10, 24, 21))	2viq_ligand
((21, 20, 19, 17, 16, 15, 13, 26, 24),)	2viv_ligand
((22, 21, 20, 17, 16, 15, 13, 27, 25), (30, 29, 10, 8, 7, 6, 0, 28, 11))	2viw_ligand
((6, 7, 8, 9, 10, 13, 14, 12, 11),)	2vj8_ligand
((10, 11, 12, 13, 14, 15, 21, 16, 17),)	2vle_ligand
((8, 9, 10, 11, 17, 16, 21, 15, 12), (14, 13, 12, 10, 11, 17, 18, 16, 15))	2vrx_ligand
((8, 9, 10, 11, 12, 15, 16, 14, 13),)	2vtd_ligand
((8, 9, 11, 10, 13, 14, 17, 15, 12),)	2vte_ligand
((0, 1, 2, 3, 4, 20, 19, 21, 22), (10, 11, 12, 8, 7, 15, 16, 14, 13), (24, 23, 22, 2, 3, 4, 5, 20, 21))	2vwu_ligand
((0, 1, 2, 3, 4, 5, 6, 26, 27), (20, 19, 18, 15, 14, 13, 12, 24, 21))	2vwv_ligand
((15, 16, 17, 13, 12, 20, 21, 19, 18), (29, 28, 27, 2, 3, 4, 5, 23, 24))	2vww_ligand
((9, 10, 11, 7, 6, 14, 15, 13, 12),)	2vwx_ligand
((10, 11, 12, 8, 7, 15, 16, 14, 13),)	2vwy_ligand
((10, 11, 12, 8, 7, 15, 16, 14, 13),)	2vwz_ligand
((6, 5, 4, 3, 2, 1, 0, 9, 8),)	2vx0_ligand
((10, 11, 12, 8, 7, 15, 16, 14, 13),)	2vx1_ligand
((17, 16, 13, 12, 11, 10, 3, 15, 14),)	2w0d_ligand
((16, 15, 14, 11, 10, 9, 8, 20, 17),)	2w9h_ligand
((4, 3, 2, 1, 5, 6, 9, 7, 8),)	2waj_ligand
((0, 3, 21, 20, 19, 25, 15, 23, 22),)	2wd3_ligand
((25, 24, 5, 0, 1, 2, 21, 3, 4),)	2weq_ligand
((5, 4, 3, 2, 8, 9, 10, 7, 6), (20, 19, 18, 17, 16, 15, 14, 22, 21), (24, 23, 21, 18, 17, 16, 11, 15, 22))	2wey_ligand
((23, 22, 21, 18, 17, 16, 15, 19, 20),)	2wi5_ligand
((24, 23, 22, 16, 15, 17, 18, 19, 20),)	2wi7_ligand
((22, 9, 8, 5, 2, 1, 0, 6, 7),)	2wnj_ligand
((33, 32, 31, 2, 3, 4, 5, 27, 28),)	2wot_ligand
((6, 7, 8, 9, 10, 13, 14, 12, 11),)	2wwj_ligand
((15, 3, 2, 1, 0, 6, 7, 5, 4),)	2x2l_ligand
((25, 24, 23, 12, 11, 15, 16, 21, 22),)	2x6i_ligand
((18, 17, 16, 14, 13, 12, 11, 20, 19),)	2x7s_ligand
((26, 25, 24, 18, 17, 19, 13, 20, 21),)	2x7t_ligand
((6, 8, 0, 3, 4, 5, 13, 9, 10), (12, 11, 3, 0, 10, 9, 15, 5, 4))	2x7u_ligand
((0, 1, 2, 3, 4, 7, 8, 6, 5),)	2xb8_ligand
((0, 1, 2, 3, 4, 7, 8, 6, 5),)	2xb9_ligand
((37, 36, 25, 16, 17, 21, 13, 35, 31),)	2xc0_ligand
((8, 7, 6, 5, 4, 11, 12, 10, 9),)	2xcs_ligand
((12, 11, 10, 9, 8, 23, 24, 22, 20),)	2xhr_ligand
((22, 21, 20, 3, 4, 5, 6, 17, 19),)	2xjg_ligand
((16, 15, 14, 11, 10, 9, 8, 20, 17),)	2xk4_ligand
((15, 14, 13, 10, 9, 8, 7, 19, 16),)	2xk7_ligand
((15, 14, 13, 10, 9, 8, 7, 19, 16),)	2xk8_ligand
((25, 24, 23, 20, 19, 17, 16, 18, 26),)	2xkc_ligand
((24, 23, 22, 19, 18, 16, 15, 17, 25),)	2xkd_ligand
((27, 26, 25, 2, 3, 4, 5, 21, 22),)	2xkf_ligand
((30, 43, 36, 37, 38, 39, 44, 40, 41), (36, 43, 30, 29, 28, 27, 33, 32, 31))	2xn6_ligand
((3, 16, 9, 10, 11, 12, 17, 13, 14), (9, 16, 3, 2, 1, 0, 6, 5, 4))	2xn7_ligand
((14, 13, 12, 11, 10, 9, 8, 22, 21),)	2xnm_ligand
((4, 5, 6, 7, 8, 9, 10, 33, 34),)	2xno_ligand
((14, 13, 12, 11, 10, 9, 8, 22, 21),)	2xnp_ligand
((9, 10, 11, 12, 13, 18, 19, 17, 16),)	2xpc_ligand
((30, 29, 28, 26, 24, 23, 22, 25, 27),)	2y1n_ligand
((16, 34, 17, 18, 19, 22, 23, 21, 20),)	2y67_ligand
((23, 22, 21, 16, 17, 18, 31, 19, 20),)	2yac_ligand
((38, 25, 27, 17, 18, 30, 24, 31, 21),)	2yak_ligand
((15, 23, 19, 18, 17, 16, 4, 22, 21),)	2ydi_ligand
((15, 14, 13, 12, 11, 10, 17, 9, 16),)	2yek_ligand
((9, 8, 6, 5, 10, 12, 13, 16, 7),)	2yfe_ligand
((20, 18, 8, 7, 6, 5, 3, 10, 9),)	2yi0_ligand
((20, 18, 8, 7, 6, 5, 3, 10, 9),)	2yi5_ligand
((20, 18, 8, 7, 6, 5, 3, 10, 9),)	2yi7_ligand
((2, 17, 18, 19, 20, 21, 24, 22, 23), (18, 17, 2, 1, 0, 5, 6, 4, 3))	2yig_ligand
((6, 5, 4, 3, 2, 1, 0, 8, 7),)	2yit_ligand
((6, 32, 5, 4, 11, 10, 34, 8, 7), (9, 33, 8, 7, 5, 4, 3, 11, 10))	2yiu_ligand
((8, 7, 4, 3, 2, 1, 0, 6, 5),)	2ylo_ligand
((6, 5, 4, 3, 2, 1, 0, 24, 23),)	2ylq_ligand
((19, 18, 17, 12, 13, 14, 22, 15, 16), (21, 20, 15, 14, 13, 12, 11, 17, 16))	2ywp_ligand
((1, 13, 0, 5, 18, 10, 22, 11, 12),)	2z4b_ligand
((2, 1, 0, 4, 5, 6, 9, 7, 8),)	2z4o_ligand
((13, 12, 11, 7, 5, 4, 1, 8, 10),)	2za0_ligand
((7, 6, 2, 1, 0, 5, 29, 4, 3),)	2za5_ligand
((21, 20, 10, 9, 8, 6, 3, 12, 11),)	2zdx_ligand
((11, 25, 26, 8, 16, 17, 20, 18, 19), (26, 25, 11, 9, 24, 14, 13, 15, 10))	2zdz_ligand
((40, 39, 35, 30, 31, 32, 36, 33, 34),)	2zzu_ligand
((6, 13, 0, 1, 2, 3, 15, 4, 5),)	3a29_ligand
((25, 24, 23, 20, 19, 18, 17, 21, 22),)	3a2c_ligand
((10, 9, 8, 1, 2, 3, 5, 6, 4),)	3a2o_ligand
((17, 16, 15, 9, 8, 12, 11, 13, 14),)	3a4p_ligand
((20, 19, 18, 14, 13, 12, 11, 16, 17),)	3acl_ligand
((15, 17, 21, 10, 9, 19, 18, 11, 20),)	3acx_ligand
((6, 20, 3, 2, 1, 0, 19, 5, 4),)	3ads_ligand
((0, 9, 11, 3, 4, 13, 8, 14, 6),)	3adu_ligand
((15, 14, 13, 9, 8, 10, 5, 11, 12),)	3anr_ligand
((7, 8, 4, 3, 2, 1, 9, 0, 5),)	3ao1_ligand
((7, 8, 4, 3, 2, 1, 9, 0, 5),)	3ao2_ligand
((7, 8, 4, 3, 2, 1, 9, 0, 5),)	3ao4_ligand
((7, 8, 4, 3, 2, 1, 9, 0, 5),)	3ao5_ligand
((1, 2, 5, 3, 7, 9, 12, 10, 11), (1, 4, 3, 5, 11, 10, 14, 9, 7), (23, 6, 21, 20, 19, 17, 18, 16, 22))	3arv_ligand
((20, 19, 13, 14, 15, 9, 5, 10, 16), (24, 23, 21, 0, 1, 2, 7, 3, 22), (24, 25, 22, 3, 2, 1, 4, 0, 21))	3arw_ligand
((1, 2, 5, 3, 7, 9, 12, 10, 11), (1, 4, 3, 5, 11, 10, 14, 9, 7), (23, 6, 21, 20, 19, 17, 18, 16, 22))	3as0_ligand
((20, 19, 13, 14, 15, 9, 5, 10, 16), (24, 23, 21, 0, 1, 2, 7, 3, 22), (24, 25, 22, 3, 2, 1, 4, 0, 21))	3as1_ligand
((11, 6, 3, 2, 1, 0, 7, 5, 4),)	3ayd_ligand
((5, 6, 7, 8, 9, 10, 17, 11, 12),)	3az9_ligand
((6, 7, 8, 9, 10, 11, 18, 12, 13),)	3aza_ligand
((6, 7, 8, 9, 10, 11, 18, 12, 13),)	3azb_ligand
((24, 15, 10, 9, 7, 8, 4, 12, 11),)	3b1m_ligand
((9, 8, 7, 0, 1, 3, 4, 5, 6),)	3b5r_ligand
((15, 16, 17, 18, 19, 20, 21, 23, 24),)	3b65_ligand
((10, 9, 8, 0, 1, 2, 3, 6, 7),)	3b66_ligand
((19, 20, 21, 22, 24, 26, 27, 28, 30),)	3b67_ligand
((11, 10, 9, 6, 5, 4, 3, 7, 8),)	3b68_ligand
((11, 10, 0, 1, 2, 3, 9, 4, 5), (22, 21, 18, 17, 12, 13, 14, 20, 19), (24, 23, 19, 18, 17, 12, 11, 13, 20))	3b8q_ligand
((11, 10, 0, 1, 2, 3, 9, 4, 5), (23, 22, 19, 18, 17, 12, 11, 13, 20), (24, 21, 18, 17, 12, 13, 14, 20, 19))	3b8r_ligand
((4, 26, 7, 8, 9, 10, 13, 11, 12), (7, 26, 4, 3, 2, 1, 23, 6, 5))	3b8z_ligand
((6, 5, 4, 0, 1, 10, 13, 2, 3),)	3b92_ligand
((14, 13, 12, 11, 10, 9, 8, 24, 22),)	3bbt_ligand
((6, 8, 0, 3, 4, 5, 13, 9, 10), (12, 11, 3, 0, 10, 9, 16, 5, 4))	3bet_ligand
((7, 6, 5, 4, 3, 16, 15, 17, 12),)	3br9_ligand
((7, 6, 5, 4, 3, 12, 11, 13, 8),)	3bsc_ligand
((19, 15, 11, 5, 1, 4, 10, 9, 14), (19, 18, 14, 9, 4, 1, 0, 5, 11), (24, 22, 20, 16, 12, 8, 3, 13, 17))	3bti_ligand
((75, 74, 73, 71, 69, 68, 67, 70, 72),)	3bu6_ligand
((36, 35, 34, 32, 30, 29, 28, 31, 33),)	3bum_ligand
((28, 27, 26, 24, 22, 21, 20, 23, 25),)	3bun_ligand
((57, 56, 55, 53, 51, 50, 49, 52, 54),)	3buo_ligand
((44, 43, 42, 40, 38, 37, 36, 39, 41),)	3buw_ligand
((50, 49, 48, 46, 44, 43, 42, 45, 47),)	3bux_ligand
((19, 18, 17, 14, 13, 12, 11, 15, 16),)	3bxs_ligand
((15, 13, 11, 10, 9, 8, 6, 7, 12),)	3bym_ligand
((7, 24, 6, 1, 2, 3, 0, 4, 5),)	3c1x_ligand
((15, 14, 4, 3, 2, 1, 25, 0, 5),)	3c6u_ligand
((10, 1, 4, 5, 7, 8, 15, 9, 11),)	3c7p_ligand
((5, 14, 4, 3, 2, 1, 10, 13, 12),)	3caj_ligand
((13, 14, 15, 11, 12, 17, 8, 10, 16),)	3cd8_ligand
((17, 18, 19, 0, 8, 7, 23, 21, 20),)	3ce3_ligand
((6, 7, 8, 9, 10, 13, 14, 12, 11),)	3cho_ligand
((16, 17, 4, 1, 0, 3, 19, 18, 5),)	3chp_ligand
((6, 7, 8, 9, 10, 13, 14, 12, 11),)	3chq_ligand
((14, 13, 10, 9, 8, 7, 6, 12, 11),)	3chr_ligand
((17, 16, 13, 12, 11, 10, 9, 15, 14),)	3chs_ligand
((12, 29, 11, 15, 16, 2, 0, 10, 26),)	3cjf_ligand
((6, 19, 0, 1, 2, 3, 8, 4, 5), (16, 20, 10, 11, 12, 13, 18, 14, 15))	3cr4_ligand
((6, 19, 0, 1, 2, 3, 8, 4, 5), (16, 20, 10, 11, 12, 13, 18, 14, 15))	3cr5_ligand
((4, 31, 13, 14, 15, 16, 19, 17, 18),)	3cs7_ligand
((27, 17, 26, 14, 25, 11, 8, 16, 15),)	3cso_ligand
((13, 26, 12, 3, 2, 11, 22, 7, 15),)	3cth_ligand
((22, 21, 20, 16, 15, 14, 13, 18, 19),)	3ctj_ligand
((17, 25, 2, 3, 4, 1, 6, 16, 15),)	3ctq_ligand
((45, 64, 35, 34, 33, 32, 31, 37, 36), (46, 54, 6, 5, 4, 9, 10, 8, 7), (47, 56, 34, 33, 32, 37, 38, 36, 35), (48, 65, 42, 41, 40, 39, 38, 44, 43), (49, 62, 27, 26, 25, 30, 31, 29, 28), (50, 60, 20, 19, 18, 23, 3, 22, 21), (51, 55, 7, 6, 5, 4, 3, 9, 8), (52, 59, 41, 40, 39, 44, 24, 43, 42), (53, 57, 13, 12, 11, 16, 17, 15, 14), (77, 63, 28, 27, 26, 25, 24, 30, 29), (81, 58, 14, 13, 12, 11, 10, 16, 15), (100, 61, 21, 20, 19, 18, 17, 23, 22))	3cyu_ligand
((17, 16, 15, 14, 13, 12, 10, 19, 18),)	3d04_ligand
((7, 14, 6, 3, 4, 16, 10, 17, 18),)	3d1g_ligand
((14, 25, 9, 6, 31, 10, 32, 28, 26),)	3da6_ligand
((3, 25, 9, 11, 13, 15, 16, 14, 12),)	3dct_ligand
((5, 14, 4, 3, 2, 1, 10, 13, 12),)	3dcw_ligand
((5, 14, 4, 3, 2, 1, 10, 13, 12),)	3dd0_ligand
((20, 19, 18, 14, 13, 15, 9, 16, 17),)	3dd8_ligand
((15, 1, 0, 2, 4, 6, 9, 7, 8),)	3dgq_ligand
((2, 1, 0, 3, 4, 5, 8, 6, 7),)	3djk_ligand
((2, 1, 0, 3, 4, 5, 8, 6, 7),)	3dk1_ligand
((5, 6, 7, 1, 0, 10, 11, 9, 8),)	3dng_ligand
((0, 1, 2, 3, 4, 7, 8, 6, 5),)	3dp1_ligand
((18, 17, 15, 14, 13, 1, 0, 2, 16),)	3drp_ligand
((18, 17, 15, 14, 13, 1, 0, 2, 16),)	3drr_ligand
((18, 17, 15, 14, 13, 1, 0, 2, 16),)	3drs_ligand
((29, 28, 27, 25, 20, 13, 6, 21, 26),)	3dtc_ligand
((19, 24, 9, 10, 11, 12, 26, 13, 14),)	3e01_ligand
((30, 29, 9, 8, 7, 12, 15, 11, 10),)	3e8n_ligand
((18, 13, 0, 4, 17, 14, 12, 15, 16),)	3e8r_ligand
((15, 20, 19, 11, 12, 13, 1, 10, 21), (17, 18, 11, 12, 13, 10, 23, 21, 19), (23, 24, 25, 26, 8, 29, 5, 9, 28))	3efj_ligand
((3, 24, 25, 8, 26, 9, 29, 28, 10), (7, 17, 5, 4, 20, 21, 3, 22, 6), (19, 18, 4, 5, 6, 22, 0, 21, 20))	3efk_ligand
((20, 21, 22, 23, 9, 25, 26, 8, 24),)	3efw_ligand
((16, 15, 12, 11, 10, 9, 1, 14, 13),)	3ehy_ligand
((12, 23, 9, 10, 11, 8, 20, 21, 22),)	3eid_ligand
((7, 6, 0, 1, 2, 3, 8, 4, 5),)	3elm_ligand
((26, 25, 8, 7, 21, 20, 19, 22, 9),)	3eoc_ligand
((22, 21, 20, 19, 18, 17, 9, 28, 27),)	3ert_ligand
((13, 14, 15, 16, 17, 24, 25, 23, 18),)	3ewh_ligand
((20, 8, 3, 1, 21, 18, 17, 4, 19),)	3f15_ligand
((18, 17, 14, 13, 12, 11, 8, 16, 15),)	3f16_ligand
((12, 11, 1, 0, 5, 4, 9, 3, 2), (15, 10, 0, 1, 2, 3, 6, 4, 5))	3f5p_ligand
((0, 23, 2, 3, 4, 7, 1, 6, 5), (12, 11, 10, 9, 15, 16, 17, 14, 13))	3f7z_ligand
((12, 31, 11, 3, 2, 10, 28, 7, 14),)	3f82_ligand
((22, 21, 20, 0, 1, 2, 19, 3, 4),)	3f88_ligand
((32, 1, 0, 2, 3, 4, 7, 5, 6),)	3f8c_ligand
((10, 9, 8, 6, 7, 14, 15, 12, 11),)	3f8e_ligand
((12, 11, 10, 8, 7, 6, 5, 16, 13),)	3fal_ligand
((27, 26, 25, 24, 23, 22, 21, 29, 28),)	3fdn_ligand
((16, 18, 17, 11, 9, 6, 7, 13, 21),)	3fei_ligand
((16, 18, 17, 11, 9, 6, 7, 13, 21),)	3fej_ligand
((14, 13, 12, 9, 8, 7, 6, 10, 11),)	3fh5_ligand
((6, 7, 8, 9, 10, 13, 14, 12, 11), (8, 7, 6, 0, 1, 2, 3, 4, 5), (15, 14, 13, 10, 9, 8, 7, 11, 12))	3fh7_ligand
((6, 7, 8, 9, 10, 13, 14, 12, 11),)	3fh8_ligand
((14, 13, 12, 9, 8, 7, 6, 10, 11),)	3fhe_ligand
((2, 30, 20, 18, 34, 15, 28, 10, 19),)	3fi2_ligand
((34, 33, 32, 29, 28, 6, 27, 2, 35),)	3fi3_ligand
((16, 15, 14, 11, 10, 9, 8, 20, 17),)	3fl9_ligand
((16, 15, 14, 13, 2, 1, 21, 20, 17), (19, 18, 17, 14, 13, 2, 12, 1, 20))	3fpd_ligand
((31, 26, 11, 14, 18, 17, 20, 19, 15),)	3fqs_ligand
((5, 6, 7, 8, 9, 10, 13, 11, 12),)	3fui_ligand
((6, 7, 8, 9, 16, 15, 14, 11, 10),)	3fuj_ligand
((10, 11, 12, 13, 20, 19, 18, 15, 14),)	3fuk_ligand
((15, 14, 12, 11, 10, 8, 1, 9, 13),)	3ful_ligand
((15, 14, 2, 1, 0, 5, 6, 4, 3),)	3fum_ligand
((20, 19, 16, 15, 14, 13, 1, 18, 17),)	3fun_ligand
((21, 20, 16, 14, 13, 12, 11, 19, 17),)	3fur_ligand
((35, 23, 22, 19, 5, 20, 12, 6, 21),)	3fxv_ligand
((11, 17, 5, 0, 1, 6, 18, 3, 2),)	3fyk_ligand
((11, 17, 5, 0, 1, 6, 18, 3, 2),)	3fz1_ligand
((31, 30, 6, 5, 4, 3, 2, 12, 11),)	3fzs_ligand
((14, 13, 10, 9, 8, 7, 6, 12, 11),)	3g42_ligand
((19, 18, 3, 2, 1, 0, 6, 5, 4),)	3g4k_ligand
((10, 9, 8, 7, 6, 5, 4, 16, 13),)	3g4l_ligand
((6, 45, 2, 1, 0, 5, 44, 4, 3),)	3g6g_ligand
((6, 5, 4, 2, 3, 11, 12, 10, 7),)	3g6h_ligand
((31, 30, 29, 26, 25, 24, 23, 27, 28), (32, 33, 34, 35, 37, 38, 39, 40, 41))	3g6z_ligand
((13, 14, 15, 16, 17, 23, 24, 21, 18),)	3g8i_ligand
((15, 16, 17, 7, 8, 9, 10, 11, 12),)	3g90_ligand
((13, 14, 15, 16, 17, 23, 24, 21, 18),)	3g9e_ligand
((15, 16, 17, 7, 8, 9, 10, 11, 12),)	3g9l_ligand
((15, 16, 17, 7, 8, 9, 10, 11, 12),)	3g9n_ligand
((28, 11, 8, 7, 6, 5, 26, 10, 9),)	3gcs_ligand
((22, 21, 18, 17, 16, 15, 14, 20, 19),)	3gen_ligand
((8, 7, 6, 5, 4, 3, 1, 11, 10),)	3gi4_ligand
((45, 44, 43, 39, 38, 37, 34, 40, 41),)	3gi5_ligand
((8, 7, 6, 5, 4, 3, 1, 10, 9),)	3gi6_ligand
((13, 1, 11, 9, 7, 6, 5, 8, 10),)	3gm0_ligand
((5, 4, 3, 2, 1, 14, 15, 13, 12),)	3gnv_ligand
((37, 36, 33, 32, 30, 29, 13, 35, 34),)	3gnw_ligand
((35, 21, 20, 22, 24, 26, 29, 27, 28),)	3gss_ligand
((1, 20, 6, 4, 2, 0, 12, 10, 8), (6, 20, 1, 3, 5, 7, 19, 9, 11))	3gws_ligand
((11, 10, 7, 6, 5, 4, 1, 9, 8),)	3gwv_ligand
((11, 10, 7, 6, 5, 4, 1, 9, 8),)	3gww_ligand
((6, 19, 0, 1, 2, 3, 8, 4, 5), (16, 20, 10, 11, 12, 13, 18, 14, 15))	3gy3_ligand
((3, 4, 5, 6, 7, 12, 13, 10, 8), (24, 25, 26, 27, 28, 31, 32, 30, 29))	3gz9_ligand
((18, 19, 20, 0, 24, 1, 25, 21, 5), (35, 36, 8, 9, 11, 13, 14, 12, 10))	3h0a_ligand
((6, 10, 0, 1, 2, 3, 7, 5, 9), (20, 19, 18, 13, 14, 15, 25, 16, 17))	3h0b_ligand
((7, 8, 2, 11, 4, 15, 6, 14, 12),)	3h0s_ligand
((6, 20, 3, 2, 1, 0, 19, 5, 4),)	3h1x_ligand
((10, 9, 8, 5, 4, 3, 1, 6, 7),)	3h23_ligand
((1, 0, 2, 3, 4, 5, 8, 6, 7),)	3h5b_ligand
((8, 9, 10, 3, 13, 12, 16, 2, 11), (15, 14, 3, 10, 11, 2, 21, 12, 13))	3h9o_ligand
((15, 35, 25, 20, 5, 9, 34, 7, 26),)	3ha6_ligand
((28, 11, 8, 7, 6, 5, 26, 10, 9),)	3heg_ligand
((3, 4, 5, 6, 14, 13, 15, 8, 7),)	3hhk_ligand
((6, 19, 0, 1, 2, 3, 8, 4, 5), (16, 20, 10, 11, 12, 13, 18, 14, 15))	3hii_ligand
((15, 1, 0, 2, 4, 6, 9, 7, 8),)	3hjo_ligand
((25, 24, 11, 10, 8, 9, 6, 12, 23),)	3hkw_ligand
((25, 24, 11, 10, 8, 9, 6, 12, 23),)	3hky_ligand
((7, 6, 5, 4, 3, 10, 11, 9, 8),)	3hp9_ligand
((7, 8, 3, 6, 11, 12, 13, 10, 9), (25, 24, 23, 2, 4, 21, 20, 0, 22))	3hqw_ligand
((3, 16, 17, 18, 5, 20, 21, 0, 19),)	3hqy_ligand
((6, 16, 5, 2, 4, 18, 19, 0, 17),)	3hqz_ligand
((23, 22, 20, 1, 21, 19, 18, 0, 6),)	3hr1_ligand
((7, 8, 9, 10, 11, 14, 15, 13, 12),)	3hv6_ligand
((15, 16, 5, 6, 7, 14, 8, 13, 12),)	3i6m_ligand
((38, 37, 0, 1, 2, 3, 6, 4, 5),)	3i6o_ligand
((15, 16, 5, 6, 7, 14, 8, 13, 12),)	3i6z_ligand
((32, 31, 30, 29, 28, 27, 24, 34, 33),)	3i7e_ligand
((19, 20, 10, 9, 8, 7, 12, 6, 11),)	3iad_ligand
((12, 11, 10, 9, 8, 7, 6, 14, 13),)	3ig7_ligand
((21, 8, 20, 18, 16, 15, 14, 17, 19),)	3igg_ligand
((0, 9, 12, 5, 11, 14, 15, 6, 13), (1, 10, 13, 6, 14, 11, 7, 5, 12))	3igp_ligand
((0, 7, 8, 2, 4, 10, 6, 9, 5),)	3imc_ligand
((0, 7, 8, 2, 4, 10, 6, 9, 5),)	3img_ligand
((3, 4, 5, 6, 7, 9, 13, 10, 11),)	3imy_ligand
((12, 2, 11, 3, 6, 8, 13, 9, 10),)	3ine_ligand
((13, 2, 12, 3, 6, 8, 14, 10, 11),)	3inf_ligand
((21, 7, 18, 17, 16, 14, 8, 20, 19),)	3inh_ligand
((0, 2, 3, 6, 9, 18, 4, 19, 20), (21, 5, 20, 3, 6, 9, 11, 18, 19))	3ion_ligand
((0, 2, 3, 6, 9, 18, 4, 19, 20), (21, 5, 20, 3, 6, 9, 11, 18, 19))	3iop_ligand
((29, 33, 47, 39, 16, 37, 31, 17, 40), (30, 34, 48, 41, 18, 38, 32, 19, 42))	3ipb_ligand
((25, 9, 24, 21, 20, 19, 1, 22, 23), (31, 12, 32, 33, 34, 37, 5, 36, 35))	3ipe_ligand
((9, 10, 11, 12, 13, 14, 17, 15, 16),)	3ips_ligand
((14, 10, 1, 0, 5, 4, 8, 3, 2),)	3ipu_ligand
((0, 18, 31, 24, 9, 27, 23, 11, 30),)	3irx_ligand
((26, 1, 4, 2, 0, 9, 12, 7, 6), (27, 3, 14, 15, 16, 17, 12, 18, 19))	3is9_ligand
((0, 11, 13, 5, 6, 16, 10, 15, 7),)	3isj_ligand
((0, 15, 18, 7, 8, 22, 14, 21, 10),)	3iub_ligand
((4, 18, 21, 11, 12, 25, 1, 24, 14),)	3iue_ligand
((4, 16, 20, 8, 11, 26, 1, 24, 12),)	3ivc_ligand
((4, 18, 20, 9, 12, 26, 1, 24, 13),)	3ivg_ligand
((4, 18, 21, 10, 13, 27, 1, 25, 14),)	3ivx_ligand
((18, 24, 32, 11, 10, 29, 23, 14, 33),)	3iw5_ligand
((3, 4, 5, 1, 0, 8, 9, 7, 6),)	3jq9_ligand
((5, 6, 7, 8, 9, 12, 13, 11, 10),)	3jqg_ligand
((21, 20, 19, 14, 15, 16, 23, 17, 18),)	3jwq_ligand
((1, 18, 6, 4, 2, 0, 12, 10, 8), (6, 18, 1, 3, 5, 7, 19, 9, 11))	3jzc_ligand
((0, 3, 4, 8, 12, 16, 1, 18, 19),)	3k23_ligand
((6, 26, 28, 12, 4, 3, 2, 11, 29), (15, 27, 29, 11, 3, 4, 5, 12, 28))	3k5k_ligand
((1, 4, 5, 6, 7, 8, 11, 9, 10),)	3k5v_ligand
((25, 24, 23, 18, 19, 20, 26, 21, 22),)	3kb7_ligand
((13, 12, 2, 1, 0, 5, 15, 4, 3),)	3kc1_ligand
((8, 7, 4, 3, 2, 1, 0, 6, 5),)	3kdu_ligand
((32, 31, 25, 26, 27, 28, 24, 29, 30),)	3kec_ligand
((20, 17, 16, 15, 14, 13, 2, 19, 18),)	3kmm_ligand
((11, 2, 0, 5, 7, 8, 15, 9, 10),)	3kmx_ligand
((4, 23, 24, 25, 26, 27, 30, 28, 29), (24, 23, 4, 3, 2, 1, 0, 6, 5), (31, 30, 27, 26, 25, 24, 23, 29, 28))	3kry_ligand
((11, 23, 7, 22, 4, 18, 17, 19, 24), (26, 25, 24, 7, 22, 4, 20, 18, 19))	3kwj_ligand
((20, 19, 16, 15, 14, 13, 1, 12, 17),)	3l0v_ligand
((0, 1, 2, 3, 4, 5, 10, 6, 7),)	3l1s_ligand
((26, 2, 25, 13, 10, 23, 28, 12, 14),)	3l38_ligand
((31, 2, 22, 13, 11, 20, 24, 12, 14),)	3l3a_ligand
((3, 4, 5, 6, 7, 8, 12, 9, 10),)	3l8v_ligand
((18, 17, 14, 12, 10, 9, 4, 11, 13),)	3lc3_ligand
((13, 29, 19, 2, 0, 7, 6, 1, 3),)	3lco_ligand
((4, 17, 20, 8, 11, 26, 1, 24, 12),)	3le8_ligand
((20, 19, 16, 15, 14, 13, 1, 12, 17),)	3le9_ligand
((31, 30, 27, 26, 25, 24, 20, 23, 28),)	3lea_ligand
((15, 14, 8, 11, 10, 6, 2, 9, 12),)	3ljt_ligand
((15, 14, 8, 11, 10, 6, 2, 9, 12),)	3ljz_ligand
((14, 13, 12, 11, 10, 9, 6, 16, 15),)	3lk8_ligand
((10, 2, 6, 4, 0, 9, 3, 11, 8),)	3lka_ligand
((20, 19, 15, 7, 1, 5, 3, 14, 23), (21, 17, 10, 8, 4, 9, 22, 13, 11), (21, 18, 11, 10, 8, 4, 2, 9, 13))	3lle_ligand
((13, 14, 15, 16, 17, 18, 19, 22, 23),)	3lm1_ligand
((21, 20, 13, 12, 10, 11, 5, 15, 14),)	3lmp_ligand
((3, 15, 16, 17, 18, 19, 22, 20, 21),)	3lp2_ligand
((30, 29, 24, 23, 22, 21, 14, 26, 25),)	3lpb_ligand
((9, 13, 14, 15, 16, 17, 21, 18, 19), (11, 10, 0, 1, 2, 3, 6, 4, 5), (22, 12, 1, 0, 5, 4, 9, 3, 2))	3lq8_ligand
((13, 12, 8, 1, 0, 16, 17, 15, 14),)	3ly2_ligand
((12, 31, 28, 27, 26, 25, 32, 30, 29),)	3m3c_ligand
((12, 31, 28, 27, 26, 25, 32, 30, 29),)	3m3e_ligand
((12, 31, 28, 27, 26, 25, 32, 30, 29),)	3m3o_ligand
((1, 0, 5, 4, 12, 11, 10, 7, 6), (2, 3, 4, 5, 6, 7, 8, 11, 12))	3m67_ligand
((9, 1, 0, 2, 4, 5, 25, 6, 7),)	3m8p_ligand
((1, 0, 7, 8, 9, 10, 15, 11, 12),)	3m8q_ligand
((5, 14, 4, 3, 2, 1, 10, 13, 12),)	3mdz_ligand
((4, 3, 2, 1, 0, 7, 8, 6, 5),)	3mg6_ligand
((35, 34, 31, 30, 29, 7, 26, 33, 32),)	3mg7_ligand
((7, 6, 0, 1, 2, 3, 19, 4, 5),)	3mj2_ligand
((20, 21, 16, 15, 14, 13, 12, 18, 17),)	3mj5_ligand
((26, 25, 21, 20, 19, 24, 15, 23, 22),)	3ml2_ligand
((60, 59, 58, 56, 54, 53, 52, 55, 57),)	3ml4_ligand
((33, 11, 7, 6, 3, 4, 5, 9, 8), (34, 10, 8, 7, 6, 3, 2, 4, 9))	3mo0_ligand
((12, 11, 7, 6, 9, 3, 2, 4, 8), (27, 10, 6, 7, 8, 4, 5, 3, 9))	3mo2_ligand
((12, 11, 7, 6, 9, 3, 2, 4, 8), (27, 10, 6, 7, 8, 4, 5, 3, 9))	3mo5_ligand
((24, 16, 21, 20, 19, 18, 17, 23, 22),)	3mrx_ligand
((10, 9, 6, 5, 4, 3, 2, 8, 7),)	3mss_ligand
((16, 15, 14, 12, 10, 9, 8, 11, 13),)	3mxc_ligand
((16, 19, 0, 1, 2, 3, 6, 4, 5),)	3mxd_ligand
((16, 15, 14, 12, 10, 9, 8, 11, 13),)	3mxy_ligand
((16, 15, 14, 11, 10, 9, 8, 20, 17),)	3n0h_ligand
((30, 16, 29, 23, 27, 25, 3, 26, 28),)	3n2u_ligand
((13, 12, 9, 8, 7, 6, 1, 11, 10),)	3n3g_ligand
((14, 13, 11, 10, 9, 2, 3, 1, 12),)	3n3l_ligand
((17, 16, 6, 5, 10, 9, 11, 8, 7),)	3n4c_ligand
((3, 4, 5, 6, 7, 9, 13, 10, 11),)	3nee_ligand
((24, 23, 22, 18, 16, 15, 14, 19, 21),)	3neo_ligand
((3, 4, 5, 6, 7, 9, 13, 10, 11),)	3nes_ligand
((24, 23, 22, 18, 16, 15, 14, 19, 21),)	3nex_ligand
((20, 19, 18, 17, 16, 4, 5, 3, 22),)	3nf6_ligand
((21, 22, 14, 13, 12, 11, 10, 16, 15),)	3nf7_ligand
((22, 23, 14, 13, 12, 11, 10, 16, 15),)	3nf8_ligand
((21, 22, 14, 13, 12, 11, 10, 16, 15),)	3nf9_ligand
((9, 5, 4, 3, 2, 0, 1, 7, 6),)	3np9_ligand
((31, 30, 6, 5, 4, 3, 2, 12, 11),)	3npc_ligand
((19, 18, 15, 14, 13, 12, 1, 17, 16),)	3nx7_ligand
((6, 23, 30, 16, 15, 26, 24, 18, 28), (19, 24, 26, 15, 16, 30, 23, 28, 18))	3nzc_ligand
((19, 18, 15, 14, 13, 12, 11, 17, 16),)	3nzw_ligand
((19, 18, 15, 14, 13, 12, 11, 17, 16),)	3nzx_ligand
((1, 6, 12, 10, 8, 7, 15, 9, 11), (12, 6, 1, 0, 2, 4, 17, 5, 3))	3o0j_ligand
((0, 1, 2, 3, 4, 5, 8, 6, 7),)	3o9a_ligand
((0, 1, 2, 4, 5, 6, 9, 7, 8),)	3o9c_ligand
((0, 1, 2, 3, 4, 5, 8, 6, 7),)	3o9f_ligand
((0, 1, 2, 4, 5, 6, 9, 7, 8),)	3o9h_ligand
((7, 4, 2, 1, 3, 6, 10, 9, 5), (11, 12, 13, 14, 16, 18, 19, 17, 15))	3o9l_ligand
((17, 18, 19, 20, 21, 22, 27, 23, 24),)	3oad_ligand
((17, 18, 19, 20, 21, 22, 27, 23, 24),)	3oag_ligand
((55, 54, 53, 51, 49, 48, 47, 50, 52),)	3ob1_ligand
((57, 56, 55, 53, 51, 50, 49, 52, 54),)	3ob2_ligand
((0, 2, 1, 3, 4, 6, 7, 19, 20), (22, 21, 20, 1, 3, 4, 5, 6, 19))	3oc0_ligand
((9, 8, 7, 4, 3, 0, 1, 5, 6),)	3oev_ligand
((32, 23, 30, 35, 33, 29, 25, 34, 36),)	3of8_ligand
((26, 25, 24, 18, 17, 19, 13, 20, 21),)	3oik_ligand
((3, 7, 4, 0, 10, 9, 14, 8, 6),)	3oil_ligand
((3, 7, 4, 0, 10, 9, 14, 8, 6),)	3oim_ligand
((24, 22, 25, 13, 14, 26, 19, 27, 16),)	3oj8_ligand
((38, 37, 0, 1, 2, 3, 6, 4, 5),)	3ok9_ligand
((25, 15, 19, 6, 18, 20, 21, 7, 17),)	3oku_ligand
((25, 15, 19, 6, 18, 20, 21, 7, 17),)	3okv_ligand
((19, 7, 16, 15, 14, 13, 8, 18, 17),)	3ooz_ligand
((14, 15, 1, 0, 17, 23, 3, 16, 2),)	3opm_ligand
((15, 14, 13, 11, 9, 8, 7, 10, 12),)	3ov1_ligand
((15, 14, 13, 11, 9, 8, 7, 10, 12),)	3ove_ligand
((18, 17, 9, 8, 7, 6, 5, 11, 10),)	3ovz_ligand
((0, 1, 2, 3, 4, 7, 8, 6, 5),)	3owb_ligand
((15, 14, 13, 12, 11, 10, 17, 9, 16),)	3p5o_ligand
((36, 35, 32, 31, 30, 29, 24, 28, 33),)	3p8n_ligand
((35, 34, 32, 31, 30, 29, 24, 28, 33),)	3p8o_ligand
((38, 26, 27, 28, 34, 36, 37, 35, 29),)	3p9h_ligand
((3, 12, 9, 8, 7, 6, 14, 10, 11), (9, 12, 3, 2, 0, 1, 13, 5, 4))	3p9t_ligand
((0, 15, 19, 5, 4, 18, 14, 8, 20),)	3pb7_ligand
((0, 15, 19, 5, 4, 18, 14, 8, 20),)	3pbb_ligand
((23, 14, 18, 10, 22, 21, 11, 9, 17),)	3pcu_ligand
((28, 27, 26, 25, 24, 23, 20, 37, 32),)	3peq_ligand
((31, 26, 11, 14, 18, 17, 20, 19, 15),)	3piy_ligand
((20, 17, 16, 15, 14, 13, 2, 19, 18),)	3pj1_ligand
((8, 10, 11, 29, 30, 31, 34, 32, 33), (20, 19, 16, 15, 14, 13, 12, 18, 17))	3pj2_ligand
((19, 6, 21, 22, 23, 24, 28, 25, 26),)	3pka_ligand
((0, 10, 13, 6, 12, 15, 16, 7, 14), (1, 11, 14, 7, 15, 12, 8, 6, 13))	3po6_ligand
((20, 21, 8, 22, 24, 7, 26, 9, 25),)	3poz_ligand
((16, 11, 10, 9, 8, 6, 7, 5, 12),)	3pxy_ligand
((16, 11, 10, 9, 8, 6, 7, 5, 12),)	3pxz_ligand
((15, 14, 13, 12, 11, 10, 9, 17, 16),)	3py0_ligand
((15, 14, 13, 12, 11, 10, 9, 17, 16),)	3py1_ligand
((36, 9, 30, 31, 32, 33, 3, 34, 35),)	3pz1_ligand
((36, 9, 30, 31, 32, 33, 3, 34, 35),)	3pz2_ligand
((0, 34, 41, 17, 20, 44, 53, 21, 18), (37, 35, 42, 15, 12, 39, 28, 13, 16))	3pz3_ligand
((36, 9, 30, 31, 32, 33, 3, 34, 35),)	3pz4_ligand
((21, 32, 7, 2, 8, 6, 22, 9, 3),)	3q32_ligand
((0, 2, 3, 6, 8, 10, 12, 22, 23),)	3q43_ligand
((20, 7, 19, 18, 17, 16, 15, 28, 27),)	3q44_ligand
((1, 32, 31, 5, 30, 6, 28, 29, 7),)	3q96_ligand
((38, 37, 0, 1, 2, 3, 6, 4, 5),)	3qaa_ligand
((12, 18, 20, 9, 7, 19, 15, 8, 10),)	3qbn_ligand
((25, 24, 19, 18, 17, 16, 22, 21, 20),)	3qc4_ligand
((28, 27, 24, 23, 22, 21, 14, 26, 25),)	3qcj_ligand
((17, 16, 15, 14, 19, 20, 23, 21, 22),)	3qi1_ligand
((20, 19, 2, 1, 0, 5, 6, 4, 3),)	3qin_ligand
((5, 25, 8, 9, 10, 13, 14, 12, 11),)	3qj0_ligand
((7, 6, 3, 2, 1, 0, 15, 5, 4),)	3qkk_ligand
((0, 5, 6, 7, 13, 12, 14, 11, 10),)	3qkl_ligand
((13, 12, 1, 6, 7, 9, 8, 11, 10),)	3qkv_ligand
((11, 12, 13, 14, 15, 16, 24, 17, 18), (20, 19, 18, 13, 14, 15, 21, 16, 17))	3qpn_ligand
((12, 10, 0, 1, 2, 5, 6, 4, 3), (25, 11, 1, 0, 3, 4, 9, 5, 2))	3qpo_ligand
((24, 22, 0, 1, 2, 5, 6, 4, 3), (25, 23, 1, 0, 3, 4, 9, 5, 2))	3qpp_ligand
((14, 31, 18, 17, 16, 21, 29, 20, 19),)	3qri_ligand
((14, 31, 18, 17, 16, 21, 29, 20, 19),)	3qrj_ligand
((17, 19, 24, 7, 8, 25, 15, 29, 13),)	3que_ligand
((28, 27, 26, 23, 22, 21, 19, 24, 25),)	3r2b_ligand
((10, 12, 15, 8, 17, 22, 18, 23, 19), (10, 13, 19, 15, 8, 17, 14, 22, 23))	3r6c_ligand
((0, 7, 11, 5, 10, 13, 9, 6, 12), (1, 8, 12, 6, 13, 10, 2, 5, 11))	3r88_ligand
((31, 23, 27, 11, 9, 26, 20, 10, 12),)	3r8i_ligand
((20, 21, 8, 22, 24, 7, 26, 9, 25),)	3rcd_ligand
((27, 8, 21, 22, 23, 24, 6, 25, 26),)	3rey_ligand
((6, 28, 30, 10, 4, 3, 2, 9, 31), (17, 29, 31, 9, 3, 4, 5, 10, 30))	3rjw_ligand
((13, 15, 7, 8, 4, 5, 16, 6, 10),)	3rlp_ligand
((5, 19, 14, 4, 3, 2, 20, 13, 10),)	3rlq_ligand
((17, 20, 10, 8, 6, 11, 21, 7, 12),)	3rlr_ligand
((14, 2, 12, 0, 4, 6, 3, 8, 10),)	3rm4_ligand
((5, 33, 35, 32, 30, 29, 27, 28, 34), (43, 23, 22, 20, 18, 17, 16, 19, 21), (46, 61, 64, 62, 66, 65, 68, 67, 63))	3rul_ligand
((43, 18, 19, 22, 20, 17, 15, 21, 23), (46, 71, 70, 68, 66, 65, 63, 67, 69))	3rum_ligand
((37, 55, 58, 56, 60, 59, 62, 61, 57), (40, 22, 21, 18, 16, 15, 13, 17, 20))	3run_ligand
((15, 14, 0, 4, 8, 16, 17, 11, 13),)	3s1h_ligand
((16, 15, 14, 11, 10, 9, 8, 20, 17),)	3s3v_ligand
((26, 28, 30, 18, 21, 34, 11, 32, 24),)	3s7a_ligand
((15, 14, 13, 11, 9, 8, 7, 10, 12),)	3s8l_ligand
((15, 14, 13, 11, 9, 8, 7, 10, 12),)	3s8n_ligand
((15, 14, 13, 11, 9, 8, 7, 10, 12),)	3s8o_ligand
((23, 17, 24, 12, 9, 20, 0, 21, 15), (24, 17, 23, 13, 10, 22, 16, 11, 14))	3sgt_ligand
((21, 13, 20, 23, 24, 25, 26, 27, 29),)	3sgv_ligand
((27, 22, 28, 13, 18, 32, 23, 33, 20),)	3sgx_ligand
((12, 19, 21, 8, 7, 20, 29, 9, 24),)	3shy_ligand
((12, 19, 21, 8, 7, 20, 29, 9, 24),)	3shz_ligand
((12, 19, 21, 8, 7, 20, 29, 9, 24),)	3sie_ligand
((0, 12, 15, 7, 6, 14, 9, 18, 20),)	3sk2_ligand
((39, 38, 37, 35, 33, 32, 29, 34, 36),)	3st5_ligand
((28, 29, 37, 8, 34, 21, 35, 7, 26),)	3sud_ligand
((28, 29, 37, 8, 34, 21, 35, 7, 26),)	3sue_ligand
((28, 29, 37, 8, 34, 21, 35, 7, 26),)	3suf_ligand
((28, 29, 37, 8, 34, 21, 35, 7, 26),)	3sug_ligand
((14, 22, 23, 8, 10, 27, 13, 26, 12),)	3sx9_ligand
((16, 18, 19, 10, 12, 23, 15, 22, 14),)	3sxf_ligand
((0, 14, 20, 11, 8, 17, 4, 12, 19),)	3t03_ligand
((0, 15, 19, 9, 11, 21, 16, 20, 12), (1, 16, 21, 11, 9, 19, 15, 12, 20))	3t0m_ligand
((6, 21, 22, 8, 10, 26, 13, 25, 12),)	3t3u_ligand
((6, 17, 18, 10, 12, 22, 15, 21, 14),)	3t3v_ligand
((33, 19, 30, 29, 28, 27, 26, 32, 31),)	3t8v_ligand
((14, 17, 26, 10, 8, 23, 18, 12, 21),)	3tkm_ligand
((27, 26, 25, 23, 21, 20, 19, 22, 24),)	3tkz_ligand
((28, 27, 26, 24, 22, 21, 20, 23, 25),)	3tl0_ligand
((8, 7, 6, 4, 3, 13, 14, 10, 9), (12, 11, 10, 9, 6, 4, 5, 3, 13))	3tt0_ligand
((30, 3, 27, 26, 25, 14, 11, 29, 28),)	3ttj_ligand
((0, 1, 2, 3, 4, 5, 16, 6, 7), (34, 33, 4, 3, 2, 7, 8, 6, 5))	3twd_ligand
((24, 35, 17, 8, 3, 11, 18, 16, 10),)	3ty0_ligand
((3, 4, 5, 1, 0, 8, 9, 7, 6),)	3tzm_ligand
((24, 6, 3, 2, 1, 0, 7, 5, 4),)	3u1y_ligand
((41, 40, 39, 37, 35, 34, 33, 36, 38),)	3u3z_ligand
((6, 10, 11, 12, 16, 15, 17, 14, 13), (39, 38, 0, 7, 4, 5, 6, 9, 8))	3u6i_ligand
((12, 11, 7, 6, 9, 3, 2, 4, 8), (21, 10, 6, 7, 8, 4, 5, 3, 9))	3u78_ligand
((23, 11, 5, 4, 3, 8, 0, 7, 6),)	3u8d_ligand
((29, 23, 22, 19, 18, 17, 16, 20, 21),)	3u8h_ligand
((14, 13, 10, 9, 8, 7, 4, 12, 11), (28, 27, 24, 23, 22, 21, 16, 26, 25))	3udd_ligand
((0, 21, 28, 11, 32, 31, 19, 10, 29), (13, 22, 29, 10, 31, 32, 30, 11, 28), (35, 1, 23, 9, 27, 25, 5, 8, 24))	3ue4_ligand
((10, 9, 6, 5, 4, 3, 1, 8, 7),)	3uf9_ligand
((8, 9, 10, 11, 12, 17, 18, 16, 15), (14, 13, 11, 10, 15, 16, 21, 17, 12))	3ug2_ligand
((23, 22, 20, 19, 18, 17, 13, 16, 21),)	3ugc_ligand
((16, 23, 7, 0, 2, 6, 18, 4, 1),)	3ui7_ligand
((0, 1, 2, 3, 4, 5, 8, 6, 7),)	3uli_ligand
((14, 13, 12, 7, 8, 9, 17, 10, 11),)	3umw_ligand
((16, 18, 19, 10, 12, 23, 15, 22, 14),)	3uqf_ligand
((3, 4, 5, 10, 8, 2, 0, 9, 11),)	3utu_ligand
((16, 22, 7, 0, 2, 5, 19, 4, 1),)	3uuo_ligand
((22, 25, 31, 13, 14, 33, 20, 37, 18),)	3uvq_ligand
((25, 22, 2, 1, 0, 5, 12, 4, 3), (26, 23, 3, 2, 1, 0, 6, 5, 4))	3v3q_ligand
((24, 23, 22, 18, 17, 19, 14, 20, 21),)	3v51_ligand
((0, 1, 2, 3, 4, 7, 8, 6, 5),)	3v5l_ligand
((23, 22, 21, 19, 18, 17, 16, 25, 24),)	3v5p_ligand
((29, 28, 27, 23, 22, 24, 19, 25, 26),)	3v5t_ligand
((6, 5, 4, 2, 3, 9, 10, 8, 7),)	3v7x_ligand
((7, 6, 0, 1, 2, 3, 15, 4, 5),)	3v9b_ligand
((0, 1, 2, 3, 7, 6, 11, 5, 4),)	3vbd_ligand
((1, 3, 4, 5, 6, 7, 8, 9, 10),)	3vbx_ligand
((1, 0, 2, 3, 4, 5, 8, 6, 7),)	3vf5_ligand
((1, 0, 2, 3, 4, 5, 8, 6, 7),)	3vf7_ligand
((1, 2, 3, 4, 10, 8, 9, 7, 5),)	3vf8_ligand
((1, 0, 2, 3, 4, 5, 8, 6, 7),)	3vfa_ligand
((1, 0, 2, 3, 4, 5, 8, 6, 7),)	3vfb_ligand
((42, 11, 12, 13, 14, 18, 19, 17, 16), (45, 70, 69, 67, 65, 64, 62, 66, 68), (84, 44, 43, 42, 41, 40, 37, 46, 45))	3vfj_ligand
((8, 7, 6, 0, 1, 2, 3, 4, 5),)	3vha_ligand
((4, 10, 11, 12, 13, 14, 17, 15, 16),)	3vhe_ligand
((7, 6, 0, 1, 2, 3, 11, 4, 5),)	3vhv_ligand
((0, 10, 13, 5, 6, 15, 12, 14, 7),)	3vi2_ligand
((6, 5, 4, 3, 2, 1, 0, 22, 21),)	3vnt_ligand
((35, 34, 22, 21, 20, 19, 18, 24, 23),)	3vqs_ligand
((22, 21, 18, 17, 16, 15, 14, 20, 19),)	3vry_ligand
((9, 8, 7, 6, 5, 4, 3, 16, 15),)	3vs3_ligand
((0, 6, 7, 8, 13, 12, 21, 11, 10), (7, 6, 0, 1, 2, 3, 22, 4, 5))	3vvz_ligand
((18, 17, 16, 15, 14, 20, 13, 21, 22),)	3w1f_ligand
((20, 21, 8, 22, 24, 7, 26, 9, 25),)	3w2o_ligand
((7, 6, 3, 2, 1, 0, 33, 5, 4),)	3w2p_ligand
((25, 37, 17, 4, 3, 14, 33, 8, 19), (29, 38, 18, 7, 13, 12, 16, 6, 15))	3w2q_ligand
((14, 37, 15, 4, 2, 13, 32, 7, 16),)	3w2r_ligand
((14, 37, 15, 4, 2, 13, 32, 7, 16),)	3w2s_ligand
((11, 33, 12, 4, 2, 10, 28, 6, 13),)	3w32_ligand
((12, 32, 13, 3, 1, 11, 28, 6, 15),)	3w33_ligand
((25, 24, 23, 20, 19, 18, 17, 21, 22),)	3wbl_ligand
((17, 21, 9, 2, 0, 6, 13, 4, 8),)	3wff_ligand
((16, 22, 10, 3, 0, 8, 13, 6, 9),)	3wfg_ligand
((9, 13, 14, 15, 16, 17, 18, 19, 20), (14, 13, 9, 7, 6, 5, 4, 12, 10))	3wgw_ligand
((24, 29, 19, 11, 8, 16, 27, 17, 13),)	3wi2_ligand
((18, 17, 9, 0, 1, 2, 3, 11, 10),)	3wig_ligand
((22, 29, 5, 2, 0, 4, 6, 1, 3),)	3wke_ligand
((24, 23, 4, 3, 1, 0, 11, 2, 6),)	3wzu_ligand
((30, 29, 28, 26, 25, 24, 23, 32, 31),)	3zcw_ligand
((11, 14, 15, 16, 17, 25, 24, 26, 27),)	3zep_ligand
((8, 9, 10, 11, 12, 13, 14, 16, 17),)	3zlr_ligand
((12, 11, 10, 1, 2, 3, 4, 8, 9),)	3zm4_ligand
((28, 40, 20, 9, 4, 19, 32, 15, 21), (29, 42, 22, 10, 5, 16, 34, 6, 11), (30, 43, 23, 12, 7, 17, 34, 8, 13))	3zso_ligand
((22, 36, 15, 7, 4, 14, 26, 11, 16), (24, 38, 17, 8, 5, 12, 30, 6, 9))	3zsq_ligand
((22, 36, 10, 5, 4, 9, 24, 7, 11),)	3zsw_ligand
((22, 32, 16, 10, 9, 15, 25, 12, 17),)	3zsx_ligand
((19, 30, 10, 5, 4, 9, 23, 7, 11),)	3zsy_ligand
((14, 27, 10, 5, 4, 9, 19, 7, 11),)	3zsz_ligand
((20, 30, 15, 7, 4, 14, 24, 11, 16), (21, 32, 17, 8, 5, 12, 22, 6, 9))	3zt1_ligand
((17, 21, 10, 5, 3, 7, 14, 8, 11),)	3zt2_ligand
((16, 20, 10, 5, 3, 7, 13, 8, 11),)	3zt3_ligand
((17, 21, 10, 5, 3, 7, 14, 8, 11),)	3zt4_ligand
((27, 26, 24, 23, 22, 18, 17, 19, 25),)	3zxv_ligand
((0, 11, 12, 13, 14, 15, 18, 16, 17),)	3zyf_ligand
((23, 22, 21, 18, 17, 16, 15, 19, 20),)	3zyu_ligand
((0, 6, 7, 8, 9, 10, 13, 11, 12), (7, 6, 0, 1, 2, 3, 27, 4, 5))	456c_ligand
((5, 4, 3, 2, 15, 11, 12, 7, 6),)	4a23_ligand
((30, 29, 28, 26, 24, 23, 22, 25, 27),)	4a4c_ligand
((22, 21, 16, 15, 20, 19, 27, 18, 17),)	4a4l_ligand
((22, 14, 10, 8, 12, 13, 15, 11, 9),)	4a4o_ligand
((15, 14, 13, 12, 5, 6, 7, 10, 16),)	4a4v_ligand
((14, 13, 11, 10, 15, 17, 18, 21, 12),)	4a4w_ligand
((10, 9, 8, 7, 6, 13, 14, 12, 11),)	4a95_ligand
((7, 6, 5, 4, 1, 0, 12, 9, 8),)	4a9c_ligand
((16, 2, 19, 20, 21, 22, 13, 23, 24), (19, 2, 16, 15, 14, 12, 8, 18, 17))	4a9r_ligand
((18, 2, 15, 14, 13, 12, 8, 17, 16),)	4a9s_ligand
((24, 2, 15, 14, 13, 12, 8, 17, 16),)	4a9t_ligand
((24, 2, 15, 14, 13, 12, 8, 17, 16),)	4a9u_ligand
((0, 1, 2, 3, 4, 7, 14, 8, 9), (6, 5, 4, 3, 2, 9, 10, 8, 7))	4aa7_ligand
((0, 1, 2, 3, 4, 7, 18, 8, 9), (6, 5, 4, 3, 2, 9, 10, 8, 7))	4aaw_ligand
((0, 6, 7, 8, 9, 10, 15, 11, 12), (7, 6, 0, 1, 2, 3, 13, 4, 5))	4abu_ligand
((0, 6, 7, 8, 9, 10, 15, 11, 12), (7, 6, 0, 1, 2, 3, 13, 4, 5))	4abv_ligand
((0, 1, 2, 3, 4, 7, 14, 8, 9), (6, 5, 4, 3, 2, 9, 10, 8, 7))	4ac3_ligand
((3, 4, 5, 6, 7, 10, 11, 9, 8),)	4acf_ligand
((30, 29, 26, 25, 24, 23, 11, 28, 27),)	4acx_ligand
((15, 22, 11, 2, 0, 9, 12, 1, 3),)	4afj_ligand
((10, 12, 0, 1, 2, 5, 6, 4, 3),)	4ahr_ligand
((8, 13, 4, 0, 2, 5, 14, 3, 1),)	4aje_ligand
((0, 1, 2, 3, 4, 5, 10, 6, 7),)	4aji_ligand
((18, 34, 9, 0, 2, 7, 19, 3, 1),)	4al4_ligand
((23, 22, 21, 18, 17, 16, 15, 19, 20),)	4alg_ligand
((0, 1, 2, 3, 4, 7, 8, 6, 5), (34, 33, 32, 31, 30, 29, 28, 36, 35))	4anv_ligand
((5, 4, 3, 2, 15, 11, 12, 7, 6),)	4ara_ligand
((5, 4, 3, 2, 15, 11, 12, 7, 6),)	4arb_ligand
((28, 11, 8, 7, 6, 5, 26, 10, 9),)	4asd_ligand
((9, 10, 11, 12, 17, 13, 18, 14, 15), (30, 19, 5, 0, 1, 2, 6, 3, 4), (31, 20, 0, 1, 2, 3, 9, 4, 5))	4ase_ligand
((16, 15, 10, 8, 9, 7, 6, 11, 12), (24, 23, 20, 18, 19, 17, 16, 21, 22))	4at5_ligand
((20, 19, 18, 17, 16, 15, 14, 22, 21),)	4att_ligand
((19, 18, 17, 16, 15, 14, 13, 21, 20),)	4auj_ligand
((19, 18, 17, 16, 15, 14, 13, 21, 20),)	4auy_ligand
((20, 19, 18, 17, 16, 15, 14, 22, 21),)	4av0_ligand
((16, 15, 12, 11, 10, 9, 8, 14, 13),)	4avj_ligand
((36, 35, 34, 29, 28, 30, 31, 32, 33),)	4aw5_ligand
((21, 22, 17, 16, 15, 14, 13, 19, 18),)	4aze_ligand
((21, 22, 17, 16, 15, 14, 13, 19, 18),)	4azf_ligand
((8, 7, 6, 1, 2, 3, 10, 4, 5),)	4b1d_ligand
((25, 24, 21, 20, 19, 18, 17, 23, 22),)	4b6c_ligand
((5, 14, 11, 10, 9, 8, 1, 13, 12),)	4b6f_ligand
((0, 1, 2, 3, 4, 7, 8, 6, 5),)	4b6o_ligand
((0, 1, 2, 3, 4, 7, 8, 6, 5),)	4b6r_ligand
((17, 16, 13, 12, 11, 10, 6, 15, 14),)	4b72_ligand
((0, 1, 2, 3, 4, 7, 8, 6, 5),)	4b77_ligand
((0, 1, 2, 3, 4, 5, 8, 6, 7),)	4b78_ligand
((3, 8, 9, 10, 11, 12, 15, 13, 14),)	4b7p_ligand
((19, 18, 17, 16, 15, 14, 13, 21, 20),)	4bdk_ligand
((13, 12, 11, 10, 9, 8, 6, 15, 14),)	4bek_ligand
((35, 34, 33, 32, 31, 30, 29, 37, 36),)	4bfp_ligand
((19, 22, 25, 10, 13, 29, 26, 27, 14),)	4bfy_ligand
((4, 5, 6, 7, 8, 11, 12, 10, 9),)	4bfz_ligand
((5, 4, 3, 2, 9, 8, 10, 7, 6),)	4bgg_ligand
((8, 7, 6, 5, 4, 3, 1, 18, 14),)	4bib_ligand
((0, 1, 2, 3, 4, 6, 7, 9, 10), (8, 7, 6, 4, 3, 2, 1, 10, 9))	4bo1_ligand
((15, 13, 11, 2, 1, 10, 12, 0, 9),)	4bqg_ligand
((20, 21, 22, 18, 17, 16, 14, 24, 23),)	4bqh_ligand
((19, 18, 7, 6, 3, 4, 5, 9, 8), (21, 20, 8, 7, 6, 3, 2, 4, 9))	4btk_ligand
((10, 9, 8, 5, 4, 3, 2, 6, 7),)	4btl_ligand
((28, 27, 26, 22, 21, 23, 17, 24, 25),)	4c2v_ligand
((0, 1, 2, 3, 4, 5, 10, 6, 7),)	4c4e_ligand
((6, 5, 4, 2, 3, 11, 12, 10, 7),)	4c7t_ligand
((24, 40, 15, 7, 4, 14, 28, 11, 16), (25, 41, 17, 8, 5, 12, 26, 6, 9))	4ceb_ligand
((16, 17, 18, 19, 20, 21, 24, 22, 23),)	4cfe_ligand
((15, 29, 10, 5, 4, 9, 18, 6, 11),)	4cgi_ligand
((15, 29, 10, 5, 4, 9, 18, 6, 11),)	4cgj_ligand
((28, 27, 26, 24, 22, 21, 20, 23, 25), (52, 51, 50, 48, 46, 45, 44, 47, 49), (68, 67, 66, 64, 62, 61, 60, 63, 65))	4ch2_ligand
((20, 19, 18, 16, 14, 13, 12, 15, 17),)	4ch8_ligand
((22, 36, 17, 8, 5, 12, 23, 6, 9),)	4cig_ligand
((13, 26, 9, 1, 0, 8, 16, 7, 10),)	4cj4_ligand
((13, 26, 9, 3, 2, 8, 16, 7, 10),)	4cjp_ligand
((16, 30, 12, 5, 3, 9, 20, 8, 13),)	4cjq_ligand
((20, 32, 14, 7, 9, 13, 26, 8, 15), (20, 33, 15, 8, 13, 9, 18, 7, 14), (22, 34, 16, 5, 2, 11, 24, 3, 6))	4cjr_ligand
((13, 12, 9, 8, 7, 6, 5, 11, 10),)	4ck3_ligand
((26, 28, 29, 30, 31, 32, 36, 33, 38),)	4ckr_ligand
((15, 22, 8, 0, 1, 10, 24, 3, 7),)	4cnh_ligand
((8, 14, 5, 4, 22, 21, 20, 7, 6),)	4crj_ligand
((18, 17, 16, 13, 12, 11, 10, 14, 15),)	4css_ligand
((1, 2, 13, 14, 15, 16, 19, 17, 18),)	4cst_ligand
((22, 21, 18, 17, 16, 15, 14, 20, 19),)	4cwp_ligand
((3, 4, 5, 1, 0, 8, 9, 7, 6),)	4cwq_ligand
((23, 22, 19, 18, 17, 16, 15, 21, 20),)	4cwr_ligand
((23, 24, 25, 21, 20, 19, 18, 27, 26),)	4cws_ligand
((27, 26, 23, 22, 21, 20, 19, 25, 24),)	4cwt_ligand
((8, 2, 14, 15, 16, 17, 4, 18, 19),)	4d2r_ligand
((8, 2, 14, 15, 16, 17, 4, 18, 19),)	4d2s_ligand
((6, 5, 4, 3, 2, 1, 0, 22, 21),)	4dbn_ligand
((6, 5, 4, 2, 3, 11, 12, 10, 7),)	4dce_ligand
((14, 13, 11, 10, 9, 2, 3, 1, 12),)	4ddh_ligand
((7, 8, 9, 5, 4, 3, 1, 11, 10),)	4ddk_ligand
((0, 1, 2, 3, 9, 8, 13, 7, 4), (6, 5, 4, 2, 3, 9, 10, 8, 7))	4ddl_ligand
((23, 22, 21, 18, 17, 16, 15, 19, 20),)	4dem_ligand
((14, 19, 7, 0, 5, 6, 12, 1, 8), (15, 20, 8, 1, 6, 5, 10, 0, 7))	4dff_ligand
((1, 0, 2, 3, 4, 5, 8, 6, 7),)	4dfg_ligand
((24, 23, 22, 18, 17, 19, 14, 20, 21),)	4dgg_ligand
((35, 36, 37, 33, 32, 31, 30, 39, 38),)	4dh6_ligand
((0, 1, 2, 3, 4, 7, 8, 6, 5),)	4djo_ligand
((38, 37, 36, 33, 32, 31, 28, 34, 35),)	4djp_ligand
((10, 9, 8, 5, 4, 3, 1, 6, 7),)	4djq_ligand
((19, 18, 17, 16, 15, 14, 13, 23, 20),)	4drk_ligand
((31, 30, 29, 28, 27, 25, 24, 26, 32),)	4drm_ligand
((31, 30, 29, 28, 27, 25, 24, 26, 32),)	4drn_ligand
((31, 30, 29, 28, 27, 25, 24, 26, 32),)	4dro_ligand
((31, 30, 29, 28, 27, 25, 24, 26, 32),)	4drp_ligand
((27, 26, 25, 24, 23, 30, 31, 29, 28),)	4dru_ligand
((0, 16, 26, 27, 28, 29, 4, 30, 31),)	4dum_ligand
((0, 1, 2, 3, 4, 5, 9, 6, 7),)	4e1k_ligand
((20, 19, 16, 15, 14, 11, 9, 18, 17),)	4e1n_ligand
((17, 16, 14, 13, 12, 11, 10, 9, 15),)	4e5d_ligand
((3, 4, 5, 6, 10, 9, 12, 8, 7),)	4e8w_ligand
((3, 4, 5, 6, 10, 9, 12, 8, 7),)	4e8y_ligand
((5, 10, 8, 11, 13, 15, 29, 27, 28),)	4e8z_ligand
((11, 13, 16, 7, 9, 18, 14, 10, 8), (17, 14, 18, 9, 7, 16, 13, 8, 10))	4e9u_ligand
((18, 38, 19, 6, 12, 15, 33, 7, 13), (19, 38, 18, 3, 2, 17, 35, 8, 21))	4eev_ligand
((10, 12, 0, 1, 2, 5, 6, 4, 3),)	4ef6_ligand
((2, 3, 4, 5, 9, 10, 11, 13, 15), (12, 11, 10, 9, 5, 4, 3, 15, 13))	4ehm_ligand
((23, 22, 21, 20, 38, 28, 29, 27, 24),)	4elb_ligand
((20, 19, 18, 17, 35, 25, 26, 24, 21),)	4ele_ligand
((23, 22, 21, 20, 38, 28, 29, 27, 24),)	4elf_ligand
((11, 10, 9, 6, 5, 4, 3, 14, 12),)	4elg_ligand
((21, 20, 19, 18, 36, 26, 27, 25, 22),)	4elh_ligand
((4, 5, 6, 7, 8, 11, 12, 10, 9),)	4ewh_ligand
((21, 20, 17, 16, 15, 14, 13, 19, 18),)	4eyj_ligand
((22, 21, 18, 17, 16, 15, 14, 20, 19),)	4eym_ligand
((0, 15, 19, 5, 4, 18, 14, 8, 20),)	4f9u_ligand
((0, 15, 19, 5, 4, 18, 14, 8, 20),)	4f9v_ligand
((0, 15, 19, 5, 4, 18, 14, 8, 20),)	4fai_ligand
((0, 15, 19, 5, 4, 18, 14, 8, 20),)	4fbe_ligand
((18, 17, 11, 10, 9, 8, 7, 13, 12),)	4fcb_ligand
((24, 23, 18, 17, 6, 5, 4, 20, 19),)	4fcd_ligand
((0, 1, 2, 3, 10, 8, 9, 7, 4), (6, 5, 4, 2, 3, 10, 11, 8, 7))	4fcr_ligand
((20, 18, 1, 0, 5, 4, 6, 3, 2), (28, 29, 14, 13, 12, 7, 6, 17, 16))	4fhh_ligand
((20, 18, 1, 0, 5, 4, 6, 3, 2), (28, 29, 14, 13, 12, 7, 6, 17, 16))	4fhi_ligand
((0, 1, 2, 3, 9, 8, 13, 7, 4), (6, 5, 4, 2, 3, 9, 10, 8, 7), (13, 14, 15, 16, 21, 19, 20, 18, 17))	4fny_ligand
((6, 5, 4, 2, 3, 11, 12, 10, 7),)	4fnz_ligand
((10, 9, 8, 5, 4, 3, 1, 6, 7), (16, 17, 18, 19, 20, 23, 24, 22, 21))	4fqo_ligand
((0, 1, 2, 3, 4, 7, 8, 6, 5),)	4fri_ligand
((13, 14, 15, 16, 17, 18, 19, 21, 22), (15, 14, 13, 10, 9, 8, 7, 11, 12), (20, 19, 18, 17, 16, 15, 14, 22, 21))	4frj_ligand
((11, 12, 13, 14, 15, 16, 17, 22, 23), (13, 12, 11, 8, 7, 6, 5, 9, 10), (18, 17, 16, 15, 14, 13, 12, 23, 22))	4frk_ligand
((21, 30, 11, 2, 0, 6, 13, 1, 3),)	4fsl_ligand
((36, 34, 22, 15, 14, 18, 10, 32, 30),)	4fyo_ligand
((21, 24, 9, 10, 11, 12, 15, 13, 14),)	4g16_ligand
((3, 5, 6, 7, 8, 11, 12, 10, 9), (13, 12, 11, 8, 7, 6, 5, 9, 10))	4g2r_ligand
((16, 15, 14, 13, 12, 10, 7, 11, 19),)	4g2w_ligand
((16, 15, 14, 13, 12, 10, 7, 11, 19),)	4g2y_ligand
((28, 27, 1, 0, 5, 7, 19, 2, 8),)	4gdy_ligand
((15, 27, 8, 1, 0, 4, 11, 7, 2),)	4ge4_ligand
((15, 32, 16, 7, 11, 9, 24, 6, 13),)	4ge7_ligand
((7, 21, 22, 23, 24, 26, 27, 8, 25),)	4ge9_ligand
((28, 27, 26, 25, 24, 23, 22, 30, 29),)	4gh6_ligand
((28, 19, 10, 6, 5, 3, 0, 11, 14),)	4gj7_ligand
((15, 14, 13, 11, 9, 8, 7, 10, 12),)	4gpl_ligand
((24, 23, 4, 3, 1, 0, 11, 2, 6),)	4gs6_ligand
((7, 9, 10, 11, 12, 15, 16, 14, 13), (45, 44, 43, 42, 41, 40, 37, 47, 46))	4gtm_ligand
((0, 1, 2, 3, 4, 7, 8, 6, 5), (39, 38, 37, 34, 33, 32, 31, 35, 36))	4gto_ligand
((0, 1, 2, 3, 4, 7, 8, 6, 5),)	4gtp_ligand
((0, 1, 2, 3, 4, 7, 8, 6, 5), (39, 38, 37, 34, 33, 32, 31, 35, 36))	4gtq_ligand
((5, 7, 8, 9, 10, 13, 14, 12, 11), (43, 42, 41, 40, 39, 38, 35, 45, 44))	4gtr_ligand
((0, 1, 2, 3, 4, 7, 8, 6, 5),)	4gts_ligand
((0, 1, 2, 3, 4, 7, 8, 6, 5), (39, 38, 37, 34, 33, 32, 31, 35, 36))	4gtt_ligand
((5, 7, 8, 9, 10, 13, 14, 12, 11), (43, 42, 41, 40, 39, 38, 35, 45, 44))	4gtv_ligand
((66, 65, 64, 62, 60, 59, 58, 61, 63),)	4gvc_ligand
((21, 22, 17, 16, 15, 14, 13, 19, 18),)	4gw8_ligand
((5, 33, 18, 10, 11, 19, 20, 16, 12),)	4h1j_ligand
((12, 11, 10, 4, 5, 6, 7, 8, 9),)	4h38_ligand
((15, 14, 13, 10, 9, 8, 6, 11, 12),)	4h3a_ligand
((9, 7, 4, 3, 2, 1, 6, 0, 5),)	4h4m_ligand
((23, 22, 21, 18, 17, 16, 15, 19, 20),)	4h5c_ligand
((23, 22, 21, 18, 17, 16, 15, 19, 20),)	4h5d_ligand
((38, 37, 0, 1, 2, 3, 6, 4, 5),)	4hdb_ligand
((38, 37, 0, 1, 2, 3, 6, 4, 5),)	4hdf_ligand
((38, 37, 0, 1, 2, 3, 6, 4, 5),)	4hdp_ligand
((38, 37, 0, 1, 2, 3, 6, 4, 5),)	4he9_ligand
((38, 37, 0, 1, 2, 3, 6, 4, 5),)	4heg_ligand
((13, 14, 15, 16, 17, 20, 21, 19, 18),)	4heu_ligand
((17, 16, 15, 12, 11, 10, 9, 13, 14),)	4hf4_ligand
((22, 21, 20, 13, 12, 11, 10, 14, 19),)	4hg7_ligand
((14, 22, 23, 2, 1, 0, 26, 25, 24),)	4hgs_ligand
((14, 22, 23, 2, 1, 0, 26, 25, 24),)	4hgt_ligand
((0, 1, 2, 3, 4, 7, 8, 6, 5),)	4hl5_ligand
((6, 5, 4, 2, 3, 9, 10, 8, 7),)	4htx_ligand
((0, 1, 2, 3, 4, 5, 10, 6, 7),)	4hva_ligand
((15, 16, 17, 18, 19, 21, 22, 23, 25),)	4hw2_ligand
((14, 15, 16, 17, 18, 20, 21, 22, 24),)	4hw3_ligand
((31, 30, 26, 25, 22, 23, 24, 28, 27),)	4hyh_ligand
((18, 17, 12, 11, 10, 0, 3, 14, 13),)	4i0r_ligand
((23, 24, 25, 26, 27, 28, 31, 29, 30),)	4i7f_ligand
((7, 6, 3, 2, 1, 0, 31, 5, 4), (30, 29, 1, 0, 5, 4, 28, 3, 2))	4i9h_ligand
((22, 20, 19, 2, 15, 16, 21, 17, 18),)	4i9u_ligand
((16, 15, 14, 13, 12, 10, 8, 11, 19),)	4i9z_ligand
((16, 15, 14, 13, 12, 10, 7, 11, 18),)	4ia0_ligand
((30, 31, 32, 28, 27, 26, 25, 35, 33),)	4ibg_ligand
((32, 33, 34, 30, 29, 28, 27, 37, 35),)	4ibi_ligand
((3, 4, 5, 1, 0, 9, 10, 8, 6),)	4ibk_ligand
((36, 35, 24, 23, 22, 21, 26, 20, 25),)	4ish_ligand
((11, 14, 15, 16, 18, 21, 6, 20, 19), (30, 29, 4, 3, 2, 1, 8, 0, 7))	4iti_ligand
((20, 19, 13, 12, 11, 10, 9, 15, 14),)	4j08_ligand
((20, 19, 14, 13, 12, 11, 16, 10, 15),)	4j0a_ligand
((1, 0, 2, 3, 4, 8, 11, 25, 26), (20, 9, 19, 17, 16, 15, 12, 24, 22))	4j1p_ligand
((22, 21, 20, 13, 12, 11, 10, 14, 19),)	4j3e_ligand
((1, 0, 2, 3, 4, 8, 11, 25, 26), (20, 9, 19, 17, 16, 15, 12, 24, 22))	4j3i_ligand
((16, 15, 12, 11, 10, 9, 7, 14, 13),)	4j51_ligand
((14, 13, 12, 11, 10, 15, 16, 17, 18),)	4j53_ligand
((4, 5, 6, 7, 8, 11, 12, 10, 9),)	4jbo_ligand
((8, 9, 10, 11, 12, 15, 16, 14, 13),)	4jbp_ligand
((10, 9, 8, 7, 6, 15, 16, 12, 11), (34, 33, 32, 29, 28, 26, 24, 27, 35))	4jfi_ligand
((11, 10, 9, 7, 8, 14, 15, 13, 12), (16, 15, 14, 8, 7, 9, 10, 12, 13))	4jfj_ligand
((5, 23, 29, 11, 10, 27, 25, 14, 30), (17, 25, 27, 10, 11, 29, 23, 30, 14))	4jfk_ligand
((5, 22, 28, 11, 10, 26, 24, 14, 29), (17, 24, 26, 10, 11, 28, 22, 29, 14))	4jfl_ligand
((6, 5, 4, 2, 3, 9, 10, 8, 7), (11, 10, 9, 3, 2, 4, 5, 7, 8))	4jfm_ligand
((0, 1, 2, 3, 4, 7, 8, 6, 5),)	4jfs_ligand
((0, 1, 2, 3, 4, 7, 8, 6, 5),)	4jft_ligand
((57, 56, 55, 53, 51, 50, 49, 52, 54),)	4jfx_ligand
((26, 25, 24, 21, 20, 19, 18, 30, 27),)	4jg8_ligand
((25, 26, 27, 23, 22, 21, 20, 29, 28),)	4jhz_ligand
((0, 1, 2, 3, 4, 7, 8, 6, 5),)	4jia_ligand
((20, 19, 13, 12, 11, 10, 9, 15, 14),)	4jjs_ligand
((20, 19, 13, 12, 11, 10, 9, 15, 14),)	4jju_ligand
((8, 7, 6, 4, 5, 11, 12, 10, 9),)	4jlj_ligand
((8, 7, 6, 4, 5, 11, 12, 10, 9),)	4jlm_ligand
((8, 7, 6, 4, 5, 11, 12, 10, 9),)	4jln_ligand
((19, 18, 17, 15, 13, 12, 11, 14, 16),)	4jmg_ligand
((31, 30, 29, 27, 25, 24, 23, 26, 28), (47, 46, 45, 43, 41, 40, 39, 42, 44))	4jmh_ligand
((2, 6, 7, 8, 9, 10, 29, 11, 12), (7, 6, 2, 1, 0, 5, 16, 4, 3), (39, 38, 35, 34, 33, 32, 30, 37, 36))	4jmu_ligand
((8, 9, 1, 0, 5, 4, 17, 3, 2),)	4joo_ligand
((7, 6, 3, 2, 1, 0, 10, 5, 4),)	4jp9_ligand
((7, 6, 3, 2, 1, 0, 14, 5, 4),)	4jpc_ligand
((13, 19, 20, 21, 22, 23, 26, 24, 25), (20, 19, 13, 12, 11, 10, 9, 15, 14))	4ju3_ligand
((20, 19, 13, 12, 11, 10, 9, 15, 14),)	4ju4_ligand
((20, 19, 13, 12, 11, 10, 9, 15, 14),)	4ju6_ligand
((20, 19, 13, 12, 11, 10, 9, 15, 14),)	4ju7_ligand
((23, 22, 21, 18, 17, 16, 15, 19, 20),)	4jvb_ligand
((2, 6, 7, 8, 9, 10, 29, 11, 12), (7, 6, 2, 1, 0, 5, 16, 4, 3), (39, 38, 35, 34, 33, 32, 30, 37, 36))	4jvq_ligand
((15, 16, 17, 18, 19, 20, 21, 24, 25), (28, 30, 31, 32, 33, 34, 35, 38, 39))	4jyt_ligand
((13, 30, 28, 12, 29, 6, 5, 8, 27),)	4jyu_ligand
((28, 25, 4, 1, 2, 3, 8, 6, 5),)	4jyv_ligand
((12, 13, 14, 15, 16, 17, 18, 21, 22), (25, 27, 28, 29, 30, 31, 32, 35, 36))	4jz1_ligand
((13, 14, 15, 16, 17, 18, 19, 22, 23), (25, 26, 27, 28, 29, 30, 31, 34, 35))	4jzi_ligand
((37, 36, 33, 32, 31, 30, 28, 35, 34),)	4k43_ligand
((8, 7, 6, 1, 2, 3, 9, 4, 5),)	4k4e_ligand
((8, 23, 2, 9, 13, 14, 10, 15, 16),)	4k5y_ligand
((3, 5, 6, 7, 8, 9, 10, 12, 13),)	4k8s_ligand
((38, 37, 0, 1, 2, 3, 6, 4, 5),)	4kb9_ligand
((12, 11, 10, 8, 9, 15, 16, 14, 13),)	4kcg_ligand
((3, 5, 6, 7, 8, 9, 10, 12, 13),)	4ke0_ligand
((3, 5, 6, 7, 8, 9, 10, 12, 13),)	4ke1_ligand
((0, 1, 2, 3, 4, 5, 6, 10, 11),)	4kju_ligand
((0, 1, 2, 3, 4, 5, 6, 13, 14),)	4kjv_ligand
((2, 6, 15, 14, 13, 11, 3, 9, 16),)	4klv_ligand
((16, 15, 14, 11, 10, 9, 8, 20, 17),)	4km2_ligand
((11, 49, 5, 4, 9, 8, 0, 7, 6),)	4kmu_ligand
((11, 44, 5, 4, 9, 8, 0, 7, 6),)	4kn4_ligand
((11, 44, 5, 4, 9, 8, 0, 7, 6),)	4kn7_ligand
((0, 1, 2, 3, 4, 5, 9, 6, 7),)	4knr_ligand
((0, 1, 2, 3, 4, 5, 13, 6, 7), (9, 8, 7, 2, 3, 4, 16, 5, 6))	4knx_ligand
((8, 33, 21, 3, 4, 22, 34, 7, 5), (21, 33, 8, 2, 1, 20, 28, 23, 18))	4ksp_ligand
((4, 5, 6, 7, 8, 9, 10, 19, 20), (6, 5, 4, 3, 2, 1, 0, 24, 23))	4ksq_ligand
((6, 20, 3, 2, 1, 0, 19, 5, 4),)	4kyk_ligand
((0, 1, 2, 3, 4, 7, 8, 6, 5),)	4l10_ligand
((3, 4, 5, 1, 0, 8, 9, 7, 6),)	4l2k_ligand
((8, 9, 10, 11, 18, 14, 15, 13, 12), (10, 9, 8, 1, 2, 3, 4, 6, 7))	4l6q_ligand
((1, 2, 3, 4, 5, 6, 7, 21, 22),)	4l6s_ligand
((19, 27, 34, 11, 12, 36, 23, 40, 16),)	4l8m_ligand
((11, 15, 20, 6, 3, 18, 14, 7, 21), (12, 14, 18, 3, 6, 20, 15, 21, 7))	4l9i_ligand
((27, 26, 9, 8, 7, 6, 0, 11, 10),)	4lh5_ligand
((8, 7, 24, 4, 26, 5, 27, 25, 6),)	4li5_ligand
((10, 5, 1, 0, 2, 6, 11, 9, 4),)	4li7_ligand
((27, 26, 25, 21, 20, 19, 10, 23, 24),)	4lk6_ligand
((16, 3, 13, 12, 11, 10, 2, 15, 14),)	4lk7_ligand
((27, 46, 43, 42, 41, 40, 38, 45, 44),)	4lkd_ligand
((19, 38, 35, 34, 33, 32, 30, 37, 36),)	4lke_ligand
((36, 55, 52, 51, 50, 49, 47, 54, 53),)	4lkf_ligand
((7, 6, 5, 4, 3, 2, 1, 11, 10),)	4lm2_ligand
((7, 6, 3, 1, 0, 2, 10, 4, 5),)	4lm3_ligand
((1, 20, 6, 4, 2, 0, 12, 10, 8), (6, 20, 1, 3, 5, 7, 19, 9, 11))	4lnw_ligand
((9, 11, 12, 13, 21, 20, 22, 19, 18), (23, 22, 20, 19, 18, 12, 11, 13, 21))	4lrr_ligand
((14, 15, 16, 17, 18, 19, 22, 20, 21),)	4luz_ligand
((17, 16, 12, 11, 10, 9, 8, 20, 13), (19, 18, 11, 10, 9, 20, 21, 13, 12))	4lys_ligand
((17, 16, 12, 11, 10, 9, 8, 20, 13), (19, 18, 11, 10, 9, 20, 21, 13, 12))	4lzr_ligand
((24, 23, 18, 17, 16, 15, 11, 20, 19),)	4m0f_ligand
((23, 22, 20, 19, 18, 17, 15, 16, 21),)	4m0z_ligand
((23, 22, 20, 19, 18, 17, 15, 16, 21),)	4m12_ligand
((23, 22, 20, 19, 18, 17, 15, 16, 21),)	4m13_ligand
((23, 22, 20, 19, 18, 17, 15, 16, 21),)	4m14_ligand
((8, 14, 5, 4, 22, 21, 20, 7, 6),)	4m5j_ligand
((9, 2, 8, 7, 6, 5, 4, 19, 18), (36, 35, 34, 33, 32, 31, 28, 38, 37))	4m8x_ligand
((9, 2, 8, 7, 6, 5, 4, 19, 18), (36, 35, 34, 33, 32, 31, 28, 38, 37))	4m8y_ligand
((30, 62, 28, 10, 5, 24, 49, 19, 15),)	4man_ligand
((23, 22, 21, 18, 17, 16, 15, 27, 24),)	4mao_ligand
((32, 31, 30, 27, 26, 25, 24, 28, 29),)	4mdn_ligand
((64, 32, 31, 30, 29, 28, 25, 34, 33),)	4mex_ligand
((13, 12, 11, 8, 7, 6, 5, 9, 10),)	4mho_ligand
((0, 15, 19, 5, 4, 18, 14, 8, 20),)	4mhy_ligand
((0, 15, 19, 5, 4, 18, 14, 8, 20),)	4mhz_ligand
((22, 21, 3, 2, 1, 0, 27, 5, 4),)	4mib_ligand
((13, 14, 15, 16, 22, 19, 20, 18, 17),)	4mk0_ligand
((11, 10, 3, 2, 1, 0, 12, 5, 4),)	4mk7_ligand
((27, 26, 2, 1, 0, 5, 6, 4, 3),)	4mk8_ligand
((21, 20, 3, 2, 1, 0, 26, 5, 4),)	4mk9_ligand
((34, 33, 17, 16, 21, 20, 22, 19, 18),)	4mka_ligand
((11, 15, 20, 6, 3, 18, 14, 7, 21), (12, 14, 18, 3, 6, 20, 15, 21, 7))	4mm4_ligand
((11, 10, 7, 6, 5, 4, 1, 9, 8),)	4mm8_ligand
((1, 0, 2, 3, 4, 8, 11, 22, 23),)	4mr3_ligand
((1, 0, 2, 3, 4, 8, 11, 25, 26), (20, 9, 19, 17, 16, 15, 12, 24, 22))	4mr4_ligand
((1, 0, 2, 3, 4, 8, 11, 22, 23),)	4mr5_ligand
((1, 0, 2, 3, 4, 8, 11, 25, 26), (20, 9, 19, 17, 16, 15, 12, 24, 22))	4mr6_ligand
((8, 9, 10, 11, 12, 17, 16, 18, 19),)	4msc_ligand
((11, 10, 5, 4, 3, 8, 9, 7, 6),)	4mse_ligand
((22, 23, 24, 25, 26, 27, 30, 28, 29),)	4mt9_ligand
((13, 14, 15, 16, 17, 18, 19, 31, 32),)	4muw_ligand
((16, 15, 14, 13, 12, 11, 1, 29, 28),)	4mvh_ligand
((7, 6, 5, 4, 3, 1, 0, 2, 14),)	4mw6_ligand
((4, 3, 2, 1, 6, 7, 8, 9, 10),)	4mw7_ligand
((9, 8, 7, 3, 2, 1, 0, 12, 13),)	4mwe_ligand
((29, 28, 27, 23, 22, 24, 19, 25, 26),)	4mx9_ligand
((14, 22, 23, 8, 10, 27, 13, 26, 12),)	4mxa_ligand
((0, 18, 19, 20, 22, 25, 26, 24, 23),)	4mxc_ligand
((13, 12, 9, 8, 7, 6, 0, 11, 10),)	4n00_ligand
((9, 25, 4, 3, 0, 1, 23, 6, 5),)	4ng9_ligand
((6, 26, 3, 1, 2, 0, 7, 5, 4),)	4nga_ligand
((23, 22, 21, 20, 16, 17, 13, 25, 24),)	4nj9_ligand
((23, 22, 21, 20, 16, 17, 13, 25, 24),)	4nja_ligand
((16, 17, 18, 13, 12, 11, 10, 14, 19),)	4nka_ligand
((23, 22, 20, 19, 18, 17, 7, 16, 21),)	4nld_ligand
((15, 12, 7, 3, 1, 2, 6, 5, 10), (16, 14, 10, 5, 2, 1, 4, 3, 7))	4npv_ligand
((6, 19, 5, 4, 3, 2, 11, 14, 16), (18, 17, 16, 5, 4, 3, 15, 2, 14))	4nvq_ligand
((26, 25, 24, 21, 20, 19, 18, 28, 27),)	4nw5_ligand
((6, 5, 4, 2, 3, 11, 12, 10, 7),)	4nw6_ligand
((49, 48, 16, 15, 7, 8, 4, 18, 17),)	4nwk_ligand
((6, 16, 5, 0, 1, 2, 25, 3, 4),)	4o12_ligand
((17, 16, 12, 11, 10, 9, 8, 20, 13), (19, 18, 11, 10, 9, 20, 21, 13, 12))	4o2b_ligand
((20, 19, 18, 17, 16, 25, 26, 24, 21), (23, 22, 21, 18, 17, 16, 15, 25, 24))	4o3f_ligand
((35, 34, 33, 30, 29, 28, 27, 39, 36),)	4o75_ligand
((12, 29, 11, 15, 16, 2, 0, 10, 26),)	4o78_ligand
((2, 20, 7, 11, 24, 22, 15, 10, 21), (26, 28, 29, 9, 35, 8, 32, 31, 30))	4o9v_ligand
((4, 17, 16, 2, 0, 1, 5, 14, 15),)	4obz_ligand
((6, 24, 3, 4, 5, 1, 0, 21, 22), (7, 25, 4, 3, 22, 21, 23, 1, 5))	4oc6_ligand
((1, 4, 5, 6, 7, 10, 11, 9, 8),)	4od0_ligand
((14, 32, 11, 10, 31, 30, 15, 12, 29), (38, 35, 18, 9, 8, 7, 6, 25, 17))	4od9_ligand
((12, 19, 21, 8, 7, 20, 29, 9, 24),)	4oew_ligand
((12, 19, 22, 7, 6, 21, 28, 8, 23),)	4oex_ligand
((9, 8, 7, 0, 1, 2, 3, 5, 6),)	4og3_ligand
((9, 8, 7, 0, 1, 2, 3, 5, 6),)	4og4_ligand
((9, 8, 7, 0, 1, 2, 3, 5, 6),)	4og5_ligand
((22, 23, 24, 25, 26, 27, 28, 30, 31),)	4og6_ligand
((11, 10, 9, 0, 1, 2, 3, 7, 8),)	4og7_ligand
((9, 8, 7, 0, 1, 2, 3, 5, 6),)	4og8_ligand
((6, 7, 8, 9, 10, 13, 14, 12, 11),)	4ogj_ligand
((5, 6, 7, 2, 1, 11, 12, 10, 8),)	4ojr_ligand
((8, 7, 6, 5, 4, 3, 1, 9, 10),)	4ok6_ligand
((10, 9, 8, 5, 4, 3, 1, 6, 7),)	4oks_ligand
((1, 2, 3, 4, 9, 7, 8, 6, 5),)	4ona_ligand
((25, 35, 26, 13, 15, 27, 36, 16, 14),)	4oq5_ligand
((13, 1, 0, 2, 4, 5, 8, 6, 7),)	4or0_ligand
((0, 21, 28, 11, 32, 31, 19, 10, 29), (13, 22, 29, 10, 31, 32, 30, 11, 28), (35, 1, 23, 9, 27, 25, 5, 8, 24))	4otw_ligand
((3, 19, 20, 2, 1, 0, 23, 22, 21),)	4p74_ligand
((22, 21, 20, 19, 18, 17, 16, 24, 23),)	4p7s_ligand
((7, 27, 26, 5, 4, 3, 20, 2, 6),)	4pf3_ligand
((1, 17, 0, 5, 21, 22, 7, 15, 16), (10, 25, 11, 26, 12, 27, 13, 34, 35))	4phu_ligand
((16, 15, 14, 13, 12, 11, 1, 29, 28),)	4phw_ligand
((16, 15, 14, 13, 12, 0, 21, 19, 17),)	4pl3_ligand
((10, 18, 17, 16, 11, 15, 14, 9, 22),)	4pmp_ligand
((13, 12, 10, 9, 8, 7, 6, 2, 11),)	4pnc_ligand
((22, 21, 20, 19, 23, 24, 27, 25, 26),)	4pni_ligand
((13, 1, 0, 2, 4, 5, 8, 6, 7),)	4po0_ligand
((6, 7, 8, 9, 10, 13, 14, 12, 11),)	4ps5_ligand
((37, 36, 35, 30, 29, 28, 27, 33, 34),)	4pv0_ligand
((9, 16, 15, 14, 6, 12, 11, 13, 17), (10, 11, 12, 6, 14, 15, 16, 17, 13))	4py1_ligand
((3, 6, 7, 8, 13, 12, 18, 11, 10),)	4pzw_ligand
((3, 6, 7, 8, 13, 12, 18, 11, 10),)	4pzx_ligand
((10, 9, 8, 6, 7, 13, 14, 12, 11),)	4q18_ligand
((0, 1, 2, 3, 4, 8, 9, 7, 6),)	4q19_ligand
((8, 7, 6, 4, 5, 11, 12, 10, 9),)	4q1a_ligand
((8, 7, 6, 4, 5, 13, 14, 12, 11),)	4q1c_ligand
((8, 7, 6, 4, 5, 11, 12, 10, 9),)	4q1d_ligand
((8, 7, 6, 4, 5, 11, 12, 10, 9),)	4q1e_ligand
((12, 11, 10, 8, 9, 15, 16, 14, 13),)	4q1f_ligand
((8, 7, 6, 0, 1, 2, 3, 4, 5), (11, 12, 13, 14, 15, 18, 19, 17, 16))	4q2k_ligand
((5, 4, 3, 2, 1, 16, 17, 15, 14),)	4q9z_ligand
((21, 20, 19, 18, 17, 16, 11, 23, 22),)	4qaa_ligand
((19, 18, 17, 16, 15, 14, 13, 21, 20),)	4qev_ligand
((20, 19, 18, 17, 16, 15, 14, 22, 21),)	4qew_ligand
((26, 25, 24, 23, 22, 21, 20, 28, 27),)	4qge_ligand
((23, 22, 21, 16, 15, 14, 13, 19, 20),)	4qkx_ligand
((22, 21, 20, 19, 18, 17, 16, 24, 23),)	4qlq_ligand
((22, 21, 20, 19, 18, 17, 16, 24, 23),)	4qls_ligand
((22, 21, 20, 19, 18, 17, 16, 24, 23),)	4qlv_ligand
((36, 43, 22, 14, 10, 17, 5, 37, 16),)	4qvx_ligand
((22, 21, 20, 19, 18, 17, 16, 24, 23),)	4qwx_ligand
((22, 21, 20, 19, 18, 17, 16, 24, 23),)	4qxj_ligand
((22, 21, 20, 19, 18, 17, 16, 24, 23),)	4qz0_ligand
((22, 21, 20, 19, 18, 17, 16, 24, 23),)	4qz1_ligand
((22, 21, 20, 19, 18, 17, 16, 24, 23),)	4qz2_ligand
((22, 21, 20, 19, 18, 17, 16, 24, 23),)	4qz3_ligand
((22, 21, 20, 19, 18, 17, 16, 24, 23),)	4qz4_ligand
((22, 21, 20, 19, 18, 17, 16, 24, 23),)	4qz5_ligand
((22, 21, 20, 19, 18, 17, 16, 24, 23),)	4qz6_ligand
((22, 21, 20, 19, 18, 17, 16, 24, 23),)	4qz7_ligand
((22, 21, 20, 19, 18, 17, 16, 24, 23),)	4qzw_ligand
((22, 21, 20, 19, 18, 17, 16, 24, 23),)	4qzx_ligand
((35, 34, 5, 3, 1, 0, 9, 2, 4),)	4r1y_ligand
((8, 7, 4, 3, 2, 1, 6, 0, 5),)	4r5n_ligand
((23, 22, 21, 19, 16, 17, 18, 25, 24), (27, 26, 25, 17, 16, 19, 20, 21, 24))	4r6v_ligand
((19, 20, 21, 10, 9, 8, 6, 23, 22),)	4ra5_ligand
((4, 18, 0, 2, 3, 25, 26, 24, 9),)	4rcd_ligand
((0, 19, 5, 4, 8, 9, 20, 1, 6), (5, 19, 0, 2, 3, 17, 16, 18, 10), (21, 20, 9, 1, 6, 5, 19, 4, 8))	4rce_ligand
((0, 22, 5, 6, 10, 9, 20, 4, 8), (5, 22, 0, 2, 3, 27, 1, 26, 13))	4rcf_ligand
((11, 12, 13, 14, 15, 16, 17, 21, 22),)	4rfc_ligand
((11, 10, 9, 0, 1, 2, 3, 7, 8),)	4rfd_ligand
((34, 33, 32, 30, 28, 27, 26, 29, 31),)	4rh5_ligand
((8, 9, 1, 0, 5, 4, 14, 3, 2),)	4rrn_ligand
((8, 7, 3, 2, 1, 0, 6, 5, 4),)	4rro_ligand
((8, 7, 4, 3, 2, 1, 6, 0, 5),)	4rrs_ligand
((11, 10, 9, 0, 1, 2, 3, 7, 8),)	4rux_ligand
((2, 3, 4, 5, 6, 7, 8, 12, 13),)	4ruy_ligand
((1, 2, 3, 4, 5, 6, 7, 11, 12),)	4ruz_ligand
((21, 20, 1, 18, 17, 0, 12, 16, 19), (27, 26, 3, 4, 5, 2, 21, 22, 23), (32, 31, 23, 3, 4, 5, 24, 2, 22))	4rwl_ligand
((35, 28, 2, 1, 22, 19, 0, 3, 5),)	4ryc_ligand
((17, 28, 3, 6, 4, 21, 0, 23, 24),)	4ryg_ligand
((10, 25, 6, 7, 9, 4, 3, 5, 8),)	4rz1_ligand
((22, 21, 20, 12, 13, 14, 15, 18, 19),)	4tqn_ligand
((27, 26, 9, 8, 7, 6, 0, 11, 10),)	4tsx_ligand
((35, 13, 36, 37, 38, 39, 15, 40, 41),)	4tuh_ligand
((6, 5, 4, 2, 3, 11, 12, 10, 7), (36, 35, 34, 33, 32, 30, 29, 31, 37))	4tw6_ligand
((24, 23, 22, 21, 20, 18, 17, 19, 25), (54, 53, 52, 49, 48, 46, 39, 47, 55))	4tw7_ligand
((37, 36, 35, 34, 33, 31, 30, 32, 38), (67, 66, 65, 62, 61, 59, 52, 60, 68))	4tw8_ligand
((9, 11, 12, 13, 18, 17, 19, 16, 15), (9, 14, 15, 12, 13, 18, 5, 17, 16))	4tw9_ligand
((13, 14, 15, 16, 17, 19, 20, 21, 22),)	4txe_ligand
((7, 45, 2, 0, 1, 3, 44, 5, 4),)	4u01_ligand
((19, 20, 21, 22, 24, 31, 32, 30, 25),)	4u6r_ligand
((19, 20, 21, 22, 23, 30, 31, 29, 24),)	4u79_ligand
((8, 7, 6, 3, 2, 1, 0, 4, 5),)	4ucv_ligand
((0, 1, 2, 3, 4, 5, 10, 6, 7),)	4uit_ligand
((31, 30, 29, 24, 23, 22, 21, 25, 26),)	4uiu_ligand
((31, 30, 29, 24, 23, 22, 21, 25, 26),)	4uix_ligand
((0, 1, 2, 3, 4, 5, 10, 6, 7),)	4uiz_ligand
((6, 5, 4, 3, 2, 21, 22, 20, 19),)	4umt_ligand
((7, 6, 5, 4, 3, 22, 23, 21, 20),)	4umu_ligand
((2, 1, 0, 3, 4, 5, 8, 6, 7),)	4up5_ligand
((10, 15, 16, 17, 19, 20, 27, 21, 22),)	4urn_ligand
((10, 15, 16, 17, 19, 20, 27, 21, 22),)	4uro_ligand
((16, 15, 14, 11, 10, 9, 1, 12, 13),)	4uru_ligand
((6, 2, 13, 14, 15, 16, 20, 17, 18),)	4ux6_ligand
((3, 12, 9, 8, 7, 6, 14, 10, 11), (9, 12, 3, 2, 0, 1, 13, 5, 4))	4w9n_ligand
((6, 5, 4, 2, 3, 9, 10, 8, 7), (11, 10, 9, 3, 2, 4, 5, 7, 8))	4w9o_ligand
((6, 5, 4, 2, 3, 9, 10, 8, 7), (11, 10, 9, 3, 2, 4, 5, 7, 8))	4w9p_ligand
((6, 5, 4, 2, 3, 9, 10, 8, 7), (11, 10, 9, 3, 2, 4, 5, 7, 8))	4w9q_ligand
((21, 6, 4, 3, 2, 1, 8, 0, 5),)	4wag_ligand
((23, 22, 21, 18, 17, 26, 27, 25, 24),)	4wcu_ligand
((9, 19, 11, 5, 7, 12, 20, 8, 6),)	4wk7_ligand
((15, 16, 17, 18, 19, 21, 22, 23, 25),)	4wmu_ligand
((25, 31, 15, 7, 4, 12, 16, 5, 8),)	4wn1_ligand
((23, 22, 21, 17, 16, 18, 13, 19, 20),)	4wrb_ligand
((11, 12, 22, 20, 21, 25, 26, 24, 23),)	4wtu_ligand
((42, 40, 41, 46, 44, 39, 38, 45, 47),)	4wvs_ligand
((50, 49, 45, 43, 41, 40, 39, 42, 44), (57, 56, 16, 14, 12, 11, 10, 13, 15))	4wvt_ligand
((18, 27, 3, 4, 5, 6, 12, 7, 8),)	4wx4_ligand
((12, 23, 0, 1, 2, 16, 3, 17, 18),)	4wx7_ligand
((8, 20, 1, 0, 18, 17, 14, 19, 2),)	4wyy_ligand
((8, 18, 1, 0, 16, 15, 12, 17, 2),)	4wz4_ligand
((8, 18, 1, 0, 16, 15, 12, 17, 2),)	4wz5_ligand
((12, 11, 10, 9, 8, 7, 6, 14, 13),)	4wzv_ligand
((19, 18, 3, 2, 1, 0, 6, 5, 4),)	4x0f_ligand
((14, 23, 10, 3, 1, 9, 0, 2, 6),)	4x48_ligand
((17, 16, 15, 12, 11, 10, 9, 13, 14),)	4x50_ligand
((15, 26, 25, 2, 1, 21, 20, 22, 23),)	4x5p_ligand
((23, 9, 4, 6, 7, 8, 22, 10, 12),)	4x5q_ligand
((18, 27, 26, 2, 1, 22, 21, 23, 24),)	4x5r_ligand
((27, 35, 17, 12, 10, 16, 28, 11, 13),)	4x6x_ligand
((7, 17, 18, 19, 2, 3, 23, 4, 20), (22, 21, 20, 4, 3, 2, 0, 19, 18))	4x7h_ligand
((29, 28, 27, 26, 25, 23, 22, 24, 30),)	4x7j_ligand
((30, 29, 27, 8, 7, 24, 0, 10, 28),)	4x8v_ligand
((30, 29, 28, 26, 23, 24, 25, 32, 31), (34, 33, 32, 24, 23, 26, 27, 28, 31))	4xcu_ligand
((6, 15, 0, 1, 2, 3, 18, 4, 5),)	4xh6_ligand
((25, 24, 19, 7, 20, 22, 23, 6, 18),)	4xir_ligand
((11, 12, 22, 20, 21, 25, 26, 24, 23),)	4xkx_ligand
((2, 3, 4, 5, 6, 9, 10, 8, 7), (29, 28, 27, 26, 25, 24, 23, 31, 30))	4xmb_ligand
((1, 4, 5, 6, 7, 10, 11, 9, 8),)	4xnv_ligand
((6, 20, 3, 2, 1, 0, 19, 5, 4),)	4xum_ligand
((24, 31, 17, 4, 5, 14, 7, 11, 6),)	4xy2_ligand
((16, 15, 14, 2, 1, 0, 12, 10, 13),)	4xy8_ligand
((16, 15, 14, 2, 1, 0, 12, 10, 13),)	4xy9_ligand
((20, 19, 13, 14, 15, 9, 5, 10, 16), (24, 23, 21, 0, 1, 2, 7, 3, 22), (24, 25, 22, 3, 2, 1, 4, 0, 21))	4y29_ligand
((13, 17, 11, 7, 5, 9, 12, 6, 8),)	4y2t_ligand
((19, 18, 17, 16, 15, 22, 23, 21, 20),)	4yad_ligand
((0, 1, 2, 3, 4, 7, 8, 6, 5),)	4yat_ligand
((0, 1, 2, 3, 4, 7, 8, 6, 5), (7, 8, 9, 10, 11, 18, 16, 19, 20), (9, 8, 7, 4, 3, 2, 1, 5, 6))	4yax_ligand
((6, 5, 4, 2, 3, 9, 10, 8, 7), (27, 26, 25, 14, 15, 16, 17, 23, 24))	4ybm_ligand
((10, 11, 12, 13, 14, 21, 19, 22, 23),)	4ybs_ligand
((12, 13, 14, 15, 16, 23, 21, 24, 25),)	4ybt_ligand
((6, 5, 4, 2, 3, 9, 10, 8, 7), (27, 26, 25, 14, 15, 16, 17, 23, 24))	4yc9_ligand
((21, 20, 17, 16, 15, 14, 11, 19, 18),)	4ydn_ligand
((38, 37, 0, 1, 2, 3, 6, 4, 5),)	4ye3_ligand
((6, 30, 29, 5, 4, 28, 27, 36, 35),)	4yhf_ligand
((18, 0, 17, 16, 15, 14, 5, 22, 21),)	4yl1_ligand
((3, 25, 17, 16, 15, 14, 24, 12, 18),)	4yt6_ligand
((1, 19, 16, 15, 14, 13, 26, 18, 17),)	4yt7_ligand
((23, 22, 19, 18, 17, 16, 14, 21, 20),)	4yw6_ligand
((1, 18, 6, 4, 2, 0, 12, 10, 8), (6, 18, 1, 3, 5, 7, 19, 9, 11))	4yx9_ligand
((8, 7, 6, 0, 1, 2, 3, 4, 5),)	4yyl_ligand
((19, 18, 16, 15, 20, 21, 22, 23, 17),)	4yzn_ligand
((18, 17, 16, 15, 14, 13, 12, 20, 19),)	4z1e_ligand
((0, 19, 16, 1, 2, 15, 30, 27, 14),)	4z93_ligand
((2, 1, 0, 3, 4, 5, 8, 6, 7),)	4zip_ligand
((1, 0, 2, 3, 4, 5, 8, 6, 7),)	4zls_ligand
((9, 24, 22, 7, 6, 3, 20, 23, 8),)	4zo5_ligand
((19, 26, 17, 16, 15, 14, 10, 13, 18), (29, 28, 16, 15, 14, 13, 12, 18, 17))	4zyc_ligand
((10, 27, 8, 7, 6, 5, 24, 4, 9), (11, 28, 7, 6, 5, 4, 3, 9, 8))	4zyi_ligand
((5, 15, 12, 11, 10, 9, 7, 14, 13),)	4zyr_ligand
((6, 5, 4, 0, 1, 2, 35, 30, 3),)	5a14_ligand
((8, 4, 10, 11, 12, 13, 2, 14, 15), (16, 2, 13, 12, 11, 10, 4, 15, 14))	5aen_ligand
((10, 11, 2, 1, 0, 5, 6, 4, 3),)	5aib_ligand
((11, 12, 13, 14, 15, 18, 19, 17, 16), (13, 12, 11, 0, 1, 8, 7, 9, 10))	5ajv_ligand
((10, 11, 12, 13, 14, 17, 23, 16, 15), (12, 11, 10, 7, 6, 5, 4, 8, 9))	5ajw_ligand
((6, 19, 20, 21, 22, 23, 26, 24, 25), (20, 19, 6, 5, 4, 9, 10, 8, 7))	5ajx_ligand
((16, 2, 19, 20, 21, 22, 9, 23, 24), (19, 2, 16, 15, 14, 13, 7, 18, 17))	5ajy_ligand
((10, 11, 12, 13, 17, 16, 18, 15, 14), (12, 11, 10, 7, 6, 5, 4, 8, 9))	5ajz_ligand
((13, 14, 15, 16, 17, 18, 19, 22, 21), (15, 14, 13, 10, 9, 8, 7, 11, 12))	5ak0_ligand
((26, 35, 16, 10, 9, 15, 25, 11, 17),)	5alh_ligand
((0, 1, 2, 3, 4, 5, 8, 6, 7),)	5ali_ligand
((12, 17, 4, 0, 2, 5, 18, 3, 1),)	5alm_ligand
((22, 29, 5, 2, 0, 4, 6, 1, 3),)	5am3_ligand
((26, 25, 22, 21, 18, 17, 16, 24, 23),)	5ap0_ligand
((26, 25, 22, 21, 18, 17, 16, 24, 23),)	5ap3_ligand
((21, 28, 14, 4, 3, 13, 24, 8, 11),)	5apj_ligand
((19, 18, 15, 14, 13, 12, 11, 17, 16),)	5ar7_ligand
((19, 25, 11, 4, 2, 10, 22, 3, 5),)	5avi_ligand
((40, 39, 0, 1, 2, 3, 6, 4, 5),)	5bry_ligand
((20, 27, 5, 4, 10, 16, 25, 11, 6),)	5c26_ligand
((6, 5, 4, 2, 3, 9, 10, 8, 7), (29, 28, 27, 26, 25, 23, 22, 24, 30))	5c6o_ligand
((6, 5, 4, 2, 3, 9, 10, 8, 7), (29, 28, 27, 26, 25, 23, 22, 24, 30))	5c6p_ligand
((12, 0, 11, 10, 9, 8, 4, 22, 13),)	5c91_ligand
((0, 22, 1, 2, 3, 4, 7, 5, 6),)	5cqj_ligand
((21, 3, 19, 18, 2, 1, 27, 0, 20),)	5ct7_ligand
((21, 27, 26, 8, 7, 12, 29, 10, 25),)	5ctb_ligand
((15, 26, 11, 10, 9, 19, 16, 13, 12),)	5cxh_ligand
((19, 20, 21, 22, 23, 26, 27, 25, 24),)	5d10_ligand
((38, 37, 0, 1, 2, 3, 6, 4, 5),)	5dgu_ligand
((38, 37, 0, 1, 2, 3, 6, 4, 5),)	5dgw_ligand
((30, 29, 28, 27, 26, 24, 23, 25, 31),)	5dit_ligand
((8, 19, 4, 9, 13, 12, 22, 21, 20),)	5dls_ligand
((6, 10, 0, 1, 2, 3, 9, 4, 5),)	5dtj_ligand
((0, 13, 1, 3, 2, 16, 18, 15, 14), (4, 17, 3, 1, 14, 15, 5, 16, 2))	5e1e_ligand
((18, 17, 16, 0, 1, 5, 7, 4, 2),)	5e8r_ligand
((16, 17, 18, 19, 20, 21, 26, 22, 23), (18, 17, 16, 7, 8, 1, 35, 14, 15))	5ek0_ligand
((21, 20, 17, 16, 15, 14, 12, 19, 18),)	5fl5_ligand
((4, 6, 7, 8, 9, 10, 13, 11, 12), (7, 6, 4, 3, 2, 1, 27, 0, 5))	830c_ligand
((4, 6, 7, 8, 9, 10, 13, 11, 12),)	966c_ligand
