((3, 18, 19, 20, 21, 22, 23, 24),)	1aid_ligand
((20, 2, 1, 6, 5, 24, 4, 3),)	1bgq_ligand
((12, 13, 14, 15, 16, 19, 17, 18),)	1bju_ligand
((5, 4, 3, 2, 1, 0, 7, 6),)	1c50_ligand
((3, 4, 5, 6, 7, 21, 8, 9),)	1cet_ligand
((15, 16, 4, 3, 2, 20, 18, 17),)	1e66_ligand
((4, 1, 0, 3, 7, 10, 8, 5), (25, 27, 28, 30, 32, 33, 31, 29))	1em6_ligand
((28, 22, 21, 27, 25, 26, 24, 23),)	1exv_ligand
((28, 29, 0, 34, 32, 33, 31, 30),)	1ezf_ligand
((10, 4, 3, 2, 1, 25, 0, 5),)	1gj4_ligand
((10, 4, 3, 2, 1, 25, 0, 5),)	1gj6_ligand
((10, 4, 3, 2, 1, 25, 0, 5),)	1gj7_ligand
((22, 9, 8, 7, 11, 23, 14, 10),)	1h01_ligand
((5, 4, 3, 2, 1, 0, 7, 6),)	1h5u_ligand
((6, 7, 8, 9, 10, 0, 11, 12),)	1ikv_ligand
((6, 7, 8, 9, 10, 0, 11, 12),)	1ikw_ligand
((24, 27, 28, 29, 32, 33, 30, 31),)	1j17_ligand
((11, 10, 5, 6, 7, 1, 8, 9),)	1jh1_ligand
((9, 8, 7, 10, 11, 14, 12, 13),)	1jqe_ligand
((20, 14, 13, 18, 17, 19, 16, 15),)	1kfy_ligand
((2, 3, 4, 5, 6, 20, 7, 8),)	1kv1_ligand
((0, 1, 2, 4, 6, 18, 5, 3),)	1l2s_ligand
((5, 6, 12, 13, 14, 15, 16, 17),)	1lev_ligand
((7, 0, 1, 2, 3, 4, 5, 6), (17, 11, 10, 16, 14, 15, 13, 12))	1mq5_ligand
((19, 11, 10, 16, 14, 15, 13, 12),)	1mq6_ligand
((4, 5, 6, 7, 8, 11, 9, 10),)	1n7i_ligand
((19, 22, 25, 28, 31, 32, 29, 26),)	1nde_ligand
((21, 22, 23, 25, 26, 27, 28, 29),)	1nfu_ligand
((24, 25, 26, 28, 29, 30, 31, 32),)	1nfx_ligand
((21, 22, 23, 25, 26, 27, 28, 29),)	1nfy_ligand
((12, 3, 2, 0, 1, 13, 5, 4), (12, 9, 8, 7, 6, 14, 10, 11))	1nhg_ligand
((5, 7, 8, 9, 10, 13, 11, 12),)	1nhu_ligand
((5, 7, 8, 9, 10, 13, 11, 12),)	1nhv_ligand
((7, 6, 4, 3, 1, 2, 0, 15),)	1nhw_ligand
((11, 12, 13, 14, 15, 16, 17, 18),)	1nnu_ligand
((11, 1, 0, 5, 4, 34, 3, 2),)	1nt1_ligand
((11, 5, 4, 3, 1, 2, 0, 6),)	1o2n_ligand
((11, 5, 4, 3, 1, 2, 0, 6),)	1o2p_ligand
((11, 5, 4, 3, 1, 2, 0, 6),)	1o2q_ligand
((10, 4, 3, 2, 1, 25, 0, 5),)	1o5e_ligand
((16, 21, 12, 17, 8, 6, 9, 23),)	1o5m_ligand
((21, 22, 23, 24, 25, 30, 26, 27),)	1o79_ligand
((13, 12, 5, 6, 7, 8, 9, 10),)	1pbq_ligand
((3, 15, 17, 18, 19, 23, 20, 21),)	1pmn_ligand
((7, 6, 3, 2, 1, 0, 4, 5), (14, 15, 16, 17, 18, 19, 20, 21))	1pzo_ligand
((14, 15, 16, 17, 18, 21, 19, 20),)	1q4l_ligand
((24, 27, 28, 29, 32, 33, 30, 31),)	1ql7_ligand
((24, 27, 28, 29, 32, 33, 30, 31),)	1ql9_ligand
((6, 9, 10, 11, 12, 20, 13, 14),)	1qpe_ligand
((16, 12, 11, 10, 9, 19, 8, 13),)	1qs4_ligand
((0, 1, 33, 34, 35, 40, 36, 37),)	1r6n_ligand
((4, 5, 1, 14, 12, 13, 11, 10),)	1rev_ligand
((8, 7, 1, 2, 3, 4, 5, 6),)	1rwq_ligand
((35, 26, 22, 23, 24, 30, 25, 27),)	1sl3_ligand
((7, 4, 3, 2, 1, 0, 6, 5), (24, 25, 26, 27, 28, 29, 30, 31))	1t4e_ligand
((32, 27, 26, 31, 30, 33, 29, 28),)	1ta2_ligand
((26, 20, 19, 24, 23, 25, 22, 21),)	1ta6_ligand
((16, 23, 24, 26, 27, 28, 29, 30),)	1tg5_ligand
((6, 12, 13, 14, 15, 18, 16, 17),)	1tkt_ligand
((6, 12, 13, 14, 15, 18, 16, 17),)	1tkz_ligand
((6, 12, 13, 14, 15, 18, 16, 17),)	1tl1_ligand
((6, 12, 13, 14, 15, 18, 16, 17),)	1tl3_ligand
((2, 5, 6, 7, 8, 11, 9, 10), (3, 17, 12, 13, 14, 18, 15, 16))	1ttv_ligand
((4, 5, 1, 14, 13, 12, 11, 10),)	1tvr_ligand
((2, 1, 0, 7, 5, 6, 4, 3), (14, 13, 12, 19, 17, 18, 16, 15))	1utr_ligand
((0, 1, 5, 10, 11, 12, 13, 14),)	1uwb_ligand
((25, 1, 0, 19, 18, 24, 3, 2),)	1uwh_ligand
((8, 7, 4, 2, 3, 27, 11, 10),)	1uyd_ligand
((9, 8, 5, 2, 1, 0, 12, 11),)	1uye_ligand
((9, 8, 5, 2, 1, 0, 12, 11),)	1uyf_ligand
((24, 27, 28, 29, 32, 33, 30, 31),)	1v2k_ligand
((30, 29, 27, 28, 33, 34, 32, 31),)	1v3x_ligand
((6, 0, 1, 2, 3, 15, 4, 5),)	1vgc_ligand
((7, 6, 3, 2, 1, 0, 4, 5),)	1w82_ligand
((15, 14, 3, 2, 1, 0, 4, 13),)	1w83_ligand
((2, 12, 11, 16, 15, 17, 14, 13),)	1way_ligand
((5, 7, 8, 9, 10, 11, 12, 13),)	1wbg_ligand
((10, 11, 12, 13, 14, 15, 16, 25),)	1wbn_ligand
((8, 13, 14, 15, 16, 19, 17, 18),)	1wok_ligand
((16, 15, 11, 12, 13, 14, 18, 17),)	1wu1_ligand
((7, 2, 1, 0, 5, 6, 4, 3),)	1wxz_ligand
((6, 7, 8, 9, 10, 11, 12, 13),)	1x81_ligand
((0, 1, 2, 4, 6, 7, 8, 10), (3, 2, 1, 10, 8, 9, 6, 4), (5, 4, 2, 1, 10, 11, 8, 6))	1y4z_ligand
((4, 6, 7, 8, 9, 12, 10, 11),)	1yvz_ligand
((6, 7, 2, 1, 10, 11, 9, 8),)	1yz3_ligand
((9, 10, 11, 12, 13, 24, 14, 15),)	1z9h_ligand
((18, 16, 8, 7, 5, 6, 4, 17),)	1z9y_ligand
((23, 1, 0, 5, 4, 22, 3, 2),)	1zgv_ligand
((7, 6, 0, 1, 2, 3, 4, 5),)	1zxv_ligand
((4, 16, 5, 20, 6, 26, 19, 18), (22, 19, 6, 20, 5, 21, 16, 18))	2am1_ligand
((22, 6, 5, 4, 19, 21, 20, 7),)	2am2_ligand
((6, 3, 2, 1, 0, 10, 5, 4),)	2aou_ligand
((4, 6, 7, 8, 9, 15, 10, 11),)	2aov_ligand
((6, 10, 11, 13, 15, 16, 14, 12),)	2b54_ligand
((6, 7, 8, 14, 13, 21, 12, 11),)	2bed_ligand
((9, 10, 11, 12, 13, 17, 14, 15),)	2bmg_ligand
((28, 24, 22, 23, 25, 30, 26, 27),)	2bqw_ligand
((7, 3, 2, 1, 0, 6, 5, 4),)	2bvr_ligand
((7, 3, 2, 1, 0, 6, 5, 4),)	2bvs_ligand
((9, 6, 4, 3, 5, 1, 7, 8),)	2bvx_ligand
((9, 6, 4, 3, 5, 1, 7, 8),)	2bxt_ligand
((25, 24, 17, 18, 19, 20, 21, 23),)	2byh_ligand
((5, 4, 3, 2, 1, 0, 7, 8),)	2byi_ligand
((0, 1, 2, 3, 4, 5, 6, 7),)	2bz5_ligand
((5, 4, 3, 2, 1, 0, 27, 26),)	2c1a_ligand
((5, 4, 3, 2, 1, 0, 28, 26),)	2c1b_ligand
((32, 31, 25, 26, 27, 28, 29, 30),)	2c8w_ligand
((7, 4, 3, 2, 1, 0, 6, 5),)	2c90_ligand
((6, 5, 4, 2, 1, 0, 7, 8),)	2ccs_ligand
((30, 29, 22, 23, 24, 25, 26, 28),)	2ccu_ligand
((19, 2, 1, 6, 5, 21, 4, 3),)	2cgf_ligand
((14, 13, 11, 10, 8, 9, 7, 12),)	2chz_ligand
((5, 4, 3, 2, 1, 0, 7, 6),)	2cji_ligand
((11, 8, 7, 6, 4, 5, 10, 9),)	2csn_ligand
((7, 1, 0, 5, 4, 6, 3, 2),)	2e9u_ligand
((20, 1, 0, 5, 4, 7, 3, 2),)	2e9v_ligand
((5, 4, 3, 2, 1, 0, 6, 7),)	2ei6_ligand
((14, 9, 8, 13, 12, 15, 11, 10),)	2evm_ligand
((19, 18, 12, 13, 14, 15, 16, 17), (20, 2, 1, 0, 5, 21, 4, 3))	2fhy_ligand
((19, 2, 1, 0, 5, 20, 4, 3),)	2fie_ligand
((19, 2, 1, 0, 5, 20, 4, 3),)	2fix_ligand
((6, 5, 4, 12, 10, 11, 8, 7),)	2fxs_ligand
((6, 8, 9, 10, 11, 12, 13, 14),)	2g01_ligand
((22, 14, 13, 12, 11, 23, 9, 15),)	2g5t_ligand
((15, 16, 17, 18, 19, 22, 20, 21),)	2g8n_ligand
((7, 4, 3, 2, 1, 0, 6, 5),)	2ga2_ligand
((9, 3, 2, 1, 6, 7, 5, 4),)	2gc8_ligand
((6, 5, 4, 12, 10, 11, 8, 7),)	2gfd_ligand
((12, 14, 15, 16, 17, 18, 19, 20),)	2glm_ligand
((19, 20, 21, 22, 23, 24, 25, 26),)	2gu8_ligand
((47, 48, 49, 56, 54, 55, 53, 50),)	2gv2_ligand
((6, 5, 0, 1, 2, 26, 3, 4), (7, 3, 2, 1, 0, 27, 5, 4))	2gz7_ligand
((25, 26, 22, 21, 29, 30, 28, 27),)	2h8h_ligand
((7, 6, 0, 1, 2, 3, 4, 5),)	2hvx_ligand
((17, 0, 1, 2, 14, 18, 15, 16),)	2i0v_ligand
((5, 6, 7, 8, 9, 10, 11, 12),)	2ilp_ligand
((5, 6, 7, 9, 12, 13, 11, 10),)	2ima_ligand
((32, 6, 5, 9, 12, 31, 8, 7),)	2iw6_ligand
((18, 3, 1, 7, 6, 20, 5, 4),)	2iws_ligand
((18, 3, 2, 7, 6, 20, 5, 4),)	2iwu_ligand
((19, 2, 1, 6, 5, 21, 4, 3),)	2iwx_ligand
((5, 4, 3, 2, 1, 0, 7, 6),)	2j2u_ligand
((5, 4, 3, 2, 1, 0, 7, 6),)	2j34_ligand
((31, 30, 28, 29, 34, 35, 33, 32),)	2j4i_ligand
((5, 4, 3, 2, 1, 0, 27, 26),)	2jdo_ligand
((5, 4, 3, 2, 1, 0, 27, 26),)	2jdt_ligand
((6, 5, 0, 1, 2, 27, 3, 4),)	2lzg_ligand
((9, 3, 4, 11, 12, 15, 13, 14),)	2o5k_ligand
((15, 16, 17, 18, 19, 22, 20, 21),)	2obf_ligand
((12, 1, 5, 3, 2, 11, 4, 6),)	2ony_ligand
((12, 1, 5, 3, 2, 11, 4, 6),)	2onz_ligand
((17, 12, 4, 2, 11, 23, 3, 5),)	2ot1_ligand
((24, 19, 18, 17, 22, 23, 21, 20),)	2p4y_ligand
((8, 5, 4, 2, 1, 7, 0, 6),)	2p7a_ligand
((24, 21, 7, 20, 6, 23, 8, 22),)	2phb_ligand
((0, 8, 9, 10, 11, 14, 12, 13),)	2pou_ligand
((6, 1, 0, 5, 4, 15, 3, 2),)	2pov_ligand
((17, 18, 19, 20, 21, 26, 22, 23),)	2pvk_ligand
((16, 3, 4, 5, 6, 17, 7, 8),)	2q1j_ligand
((4, 10, 3, 2, 1, 21, 0, 11),)	2q6h_ligand
((7, 8, 9, 10, 13, 40, 12, 11),)	2q7m_ligand
((1, 2, 3, 4, 5, 8, 6, 7),)	2q7q_ligand
((20, 2, 1, 6, 5, 22, 4, 3),)	2q8i_ligand
((1, 3, 4, 5, 6, 23, 7, 8),)	2qe2_ligand
((13, 14, 15, 16, 17, 20, 18, 19),)	2qe5_ligand
((7, 6, 0, 1, 2, 3, 4, 5),)	2qn3_ligand
((11, 5, 4, 9, 8, 10, 7, 6),)	2qp6_ligand
((20, 21, 22, 23, 24, 28, 25, 26),)	2qu5_ligand
((19, 2, 1, 0, 5, 21, 4, 3),)	2qu6_ligand
((23, 7, 6, 5, 20, 21, 9, 8),)	2r2m_ligand
((25, 26, 27, 28, 29, 32, 30, 31),)	2rl5_ligand
((6, 0, 1, 2, 3, 17, 4, 5),)	2std_ligand
((7, 4, 3, 2, 1, 0, 6, 5),)	2uw0_ligand
((2, 3, 4, 5, 6, 7, 8, 9),)	2uw5_ligand
((2, 3, 4, 5, 6, 7, 8, 9),)	2uw6_ligand
((7, 4, 3, 2, 1, 0, 6, 5),)	2uw7_ligand
((8, 11, 0, 1, 2, 15, 3, 12),)	2uw8_ligand
((25, 24, 17, 18, 19, 20, 21, 23),)	2uwd_ligand
((7, 6, 0, 1, 2, 3, 4, 5),)	2v22_ligand
((31, 30, 23, 24, 25, 26, 27, 29),)	2vcj_ligand
((7, 6, 3, 2, 1, 0, 4, 5),)	2vd4_ligand
((6, 0, 1, 2, 3, 14, 4, 5),)	2vgc_ligand
((2, 6, 7, 8, 9, 10, 11, 12),)	2vo7_ligand
((11, 12, 8, 7, 15, 16, 14, 13),)	2vwu_ligand
((16, 17, 13, 12, 20, 21, 19, 18),)	2vww_ligand
((10, 11, 7, 6, 14, 15, 13, 12),)	2vwx_ligand
((11, 12, 8, 7, 15, 16, 14, 13),)	2vwy_ligand
((11, 12, 8, 7, 15, 16, 14, 13),)	2vwz_ligand
((5, 4, 3, 2, 1, 0, 9, 8),)	2vx0_ligand
((11, 12, 8, 7, 15, 16, 14, 13),)	2vx1_ligand
((14, 15, 16, 17, 18, 19, 20, 21),)	2w3i_ligand
((12, 13, 14, 15, 16, 17, 18, 19),)	2w3k_ligand
((12, 7, 6, 5, 1, 0, 2, 8),)	2waj_ligand
((7, 4, 3, 2, 1, 0, 6, 5),)	2wd7_ligand
((20, 2, 1, 6, 5, 22, 4, 3),)	2wer_ligand
((5, 4, 3, 2, 1, 0, 6, 7),)	2wgj_ligand
((3, 4, 5, 6, 10, 11, 9, 8),)	2wgs_ligand
((8, 7, 3, 2, 1, 0, 4, 5),)	2wi4_ligand
((8, 7, 1, 2, 3, 4, 5, 6),)	2wi6_ligand
((14, 15, 16, 22, 20, 21, 19, 17), (23, 22, 16, 15, 17, 18, 19, 20))	2wi7_ligand
((30, 29, 6, 26, 7, 27, 8, 28),)	2wtv_ligand
((30, 29, 6, 26, 7, 27, 8, 28),)	2wtw_ligand
((16, 15, 8, 9, 11, 12, 13, 14),)	2wu7_ligand
((10, 11, 12, 13, 14, 15, 16, 17),)	2x39_ligand
((29, 30, 31, 32, 33, 34, 35, 36),)	2x6d_ligand
((14, 13, 11, 10, 8, 9, 7, 12),)	2x6j_ligand
((30, 29, 6, 26, 7, 27, 8, 28),)	2x81_ligand
((26, 12, 7, 8, 9, 25, 10, 11),)	2xae_ligand
((13, 27, 32, 35, 30, 31, 34, 33),)	2xbw_ligand
((13, 27, 32, 35, 30, 31, 34, 33),)	2xbx_ligand
((10, 11, 15, 13, 12, 16, 14, 36),)	2xc4_ligand
((19, 2, 1, 6, 5, 21, 4, 3),)	2xd6_ligand
((16, 11, 7, 8, 9, 10, 15, 12),)	2xel_ligand
((6, 8, 9, 10, 20, 21, 22, 23), (11, 10, 9, 8, 23, 24, 22, 20))	2xhr_ligand
((18, 16, 8, 7, 5, 6, 4, 17),)	2xn5_ligand
((6, 5, 0, 7, 4, 14, 3, 1),)	2xo8_ligand
((5, 4, 3, 2, 1, 0, 6, 7),)	2xp2_ligand
((3, 18, 26, 30, 28, 4, 31, 27),)	2xu1_ligand
((18, 2, 1, 6, 5, 20, 4, 3),)	2xx2_ligand
((27, 0, 1, 2, 3, 25, 4, 5),)	2xx4_ligand
((8, 9, 10, 11, 12, 6, 13, 14),)	2y1d_ligand
((8, 7, 3, 2, 1, 0, 4, 6),)	2y1g_ligand
((15, 18, 19, 16, 22, 28, 27, 23),)	2y6c_ligand
((22, 29, 25, 26, 27, 28, 31, 30),)	2y7x_ligand
((23, 24, 25, 32, 30, 31, 29, 28),)	2y7z_ligand
((23, 24, 25, 32, 30, 31, 29, 28),)	2y80_ligand
((22, 29, 25, 26, 27, 28, 31, 30),)	2y81_ligand
((27, 26, 25, 28, 29, 30, 31, 32),)	2y82_ligand
((7, 6, 3, 2, 1, 0, 4, 5),)	2yek_ligand
((5, 4, 3, 2, 1, 0, 6, 7),)	2yfx_ligand
((17, 11, 4, 15, 14, 21, 13, 12),)	2yi0_ligand
((17, 11, 4, 15, 14, 21, 13, 12),)	2yi5_ligand
((17, 11, 4, 15, 14, 21, 13, 12),)	2yi7_ligand
((3, 18, 26, 30, 28, 4, 31, 27),)	2yjc_ligand
((15, 14, 12, 10, 18, 19, 17, 16),)	2ylp_ligand
((19, 20, 21, 26, 24, 25, 23, 22),)	2yof_ligand
((19, 20, 21, 26, 24, 25, 23, 22),)	2yog_ligand
((2, 3, 4, 5, 6, 7, 8, 10),)	2yol_ligand
((18, 17, 12, 13, 14, 22, 15, 16),)	2ywp_ligand
((48, 49, 50, 51, 54, 55, 53, 52),)	2yxj_ligand
((20, 2, 1, 6, 5, 22, 4, 3),)	2zbk_ligand
((5, 0, 1, 2, 10, 14, 11, 12),)	2zdt_ligand
((1, 9, 10, 25, 11, 28, 26, 27),)	2zir_ligand
((6, 9, 10, 11, 12, 20, 13, 14),)	2zv9_ligand
((23, 22, 20, 19, 26, 27, 25, 24),)	3a4p_ligand
((9, 10, 11, 12, 13, 24, 14, 15),)	3ads_ligand
((1, 0, 4, 8, 10, 7, 12, 14),)	3asx_ligand
((6, 7, 8, 9, 10, 17, 11, 12), (18, 0, 1, 2, 3, 19, 4, 5))	3az9_ligand
((7, 8, 9, 10, 11, 18, 12, 13),)	3aza_ligand
((7, 8, 9, 10, 11, 18, 12, 13),)	3azb_ligand
((3, 8, 7, 13, 11, 12, 10, 9),)	3b28_ligand
((8, 7, 0, 1, 3, 4, 5, 6),)	3b5r_ligand
((26, 27, 28, 29, 30, 33, 31, 32),)	3b8q_ligand
((13, 14, 15, 16, 17, 18, 19, 20),)	3bgp_ligand
((11, 10, 5, 4, 6, 7, 8, 9),)	3bl1_ligand
((24, 23, 18, 19, 20, 26, 21, 22),)	3bmy_ligand
((14, 4, 3, 2, 1, 25, 0, 5),)	3c6u_ligand
((20, 2, 1, 6, 5, 22, 4, 3),)	3cgy_ligand
((19, 18, 12, 13, 14, 15, 16, 17),)	3cy2_ligand
((19, 18, 15, 14, 13, 12, 16, 17),)	3d52_ligand
((7, 0, 1, 2, 3, 6, 4, 5),)	3dga_ligand
((13, 11, 10, 9, 8, 14, 7, 12),)	3di6_ligand
((7, 6, 0, 1, 2, 3, 4, 5),)	3doy_ligand
((17, 15, 14, 13, 1, 0, 2, 16),)	3drp_ligand
((17, 15, 14, 13, 1, 0, 2, 16),)	3drr_ligand
((17, 15, 14, 13, 1, 0, 2, 16),)	3drs_ligand
((19, 18, 13, 14, 15, 20, 16, 17),)	3dxm_ligand
((47, 48, 49, 56, 54, 55, 53, 50),)	3fea_ligand
((1, 8, 14, 22, 20, 24, 23, 15),)	3fei_ligand
((1, 8, 14, 22, 20, 24, 23, 15),)	3fej_ligand
((7, 6, 0, 1, 2, 3, 4, 5),)	3fh7_ligand
((9, 7, 2, 3, 4, 8, 5, 6),)	3fue_ligand
((8, 7, 1, 2, 3, 4, 5, 6),)	3fur_ligand
((25, 1, 0, 19, 18, 24, 3, 2),)	3gcs_ligand
((8, 7, 3, 2, 1, 0, 5, 6),)	3gol_ligand
((8, 6, 5, 4, 1, 0, 2, 7),)	3gwu_ligand
((9, 10, 11, 12, 13, 24, 14, 15),)	3h1x_ligand
((8, 7, 0, 1, 2, 3, 4, 6), (10, 0, 1, 2, 4, 5, 6, 7))	3h30_ligand
((7, 4, 3, 2, 1, 0, 6, 5),)	3hcm_ligand
((25, 27, 28, 33, 31, 32, 30, 29),)	3hd3_ligand
((25, 1, 0, 19, 18, 24, 3, 2),)	3heg_ligand
((16, 0, 1, 2, 3, 17, 14, 15),)	3hek_ligand
((0, 5, 8, 9, 10, 23, 11, 12),)	3hl7_ligand
((8, 7, 3, 2, 1, 0, 4, 5),)	3hl8_ligand
((5, 6, 7, 8, 9, 10, 11, 12),)	3hmp_ligand
((7, 6, 3, 2, 1, 0, 4, 5),)	3hng_ligand
((19, 18, 16, 15, 13, 14, 12, 17),)	3hp9_ligand
((12, 13, 14, 19, 17, 18, 16, 15),)	3hrf_ligand
((7, 8, 9, 17, 15, 16, 14, 13),)	3hub_ligand
((14, 13, 0, 4, 8, 3, 10, 12),)	3hyf_ligand
((10, 11, 3, 2, 1, 0, 5, 6),)	3i0s_ligand
((7, 1, 0, 5, 4, 9, 3, 2),)	3i4y_ligand
((6, 0, 1, 2, 3, 8, 4, 5), (7, 1, 0, 5, 4, 9, 3, 2))	3i51_ligand
((6, 1, 0, 5, 4, 7, 3, 2),)	3i7g_ligand
((17, 10, 12, 11, 13, 14, 15, 16),)	3idp_ligand
((11, 18, 19, 20, 21, 36, 22, 23), (25, 26, 27, 28, 29, 37, 30, 31))	3iej_ligand
((3, 2, 0, 10, 9, 1, 8, 7),)	3iit_ligand
((10, 0, 4, 6, 7, 5, 8, 9),)	3iog_ligand
((15, 17, 8, 20, 10, 19, 18, 9),)	3itz_ligand
((9, 7, 4, 11, 1, 6, 13, 12),)	3iu9_ligand
((9, 16, 17, 18, 19, 7, 20, 21),)	3jvr_ligand
((3, 18, 13, 14, 15, 4, 16, 17),)	3jy0_ligand
((4, 11, 10, 15, 14, 7, 13, 12),)	3jya_ligand
((18, 9, 15, 7, 16, 22, 8, 17),)	3k97_ligand
((17, 8, 6, 14, 15, 19, 7, 16),)	3k98_ligand
((4, 6, 7, 8, 9, 12, 10, 11),)	3kdt_ligand
((23, 25, 26, 27, 28, 31, 29, 30),)	3kdu_ligand
((20, 5, 16, 17, 3, 18, 4, 19),)	3kl6_ligand
((5, 4, 3, 2, 1, 0, 24, 22),)	3koo_ligand
((6, 5, 4, 3, 2, 1, 0, 9),)	3kqw_ligand
((7, 4, 3, 2, 1, 0, 6, 5),)	3kr1_ligand
((14, 15, 1, 21, 22, 0, 23, 16),)	3ksq_ligand
((17, 18, 19, 20, 21, 22, 23, 24),)	3l1s_ligand
((24, 5, 4, 3, 1, 2, 0, 6), (36, 37, 38, 39, 40, 41, 42, 43))	3lbj_ligand
((12, 4, 3, 2, 0, 1, 6, 5), (24, 25, 26, 27, 28, 29, 30, 31))	3lbk_ligand
((7, 6, 0, 1, 2, 3, 4, 5),)	3lbl_ligand
((15, 10, 9, 8, 7, 1, 12, 11),)	3lfs_ligand
((2, 5, 6, 13, 12, 19, 11, 10),)	3lk0_ligand
((0, 10, 9, 17, 18, 1, 19, 20),)	3lpt_ligand
((0, 7, 6, 4, 2, 1, 9, 8),)	3lpu_ligand
((15, 17, 18, 19, 20, 25, 21, 22),)	3m67_ligand
((11, 14, 15, 16, 17, 22, 18, 19),)	3m96_ligand
((8, 5, 3, 1, 0, 2, 7, 6), (24, 28, 29, 30, 31, 4, 32, 33))	3mpf_ligand
((7, 4, 3, 2, 1, 0, 6, 5),)	3ms9_ligand
((8, 5, 3, 1, 0, 14, 2, 4),)	3msj_ligand
((7, 1, 0, 5, 4, 6, 3, 2),)	3msk_ligand
((8, 0, 1, 2, 3, 10, 4, 5),)	3msl_ligand
((17, 18, 19, 20, 21, 3, 22, 23),)	3mt8_ligand
((19, 22, 10, 8, 20, 7, 9, 11),)	3mxf_ligand
((8, 7, 0, 1, 2, 3, 4, 6), (10, 0, 1, 2, 4, 5, 6, 7))	3my1_ligand
((8, 7, 0, 1, 2, 3, 4, 6), (10, 0, 1, 2, 4, 5, 6, 7))	3my5_ligand
((15, 17, 18, 19, 20, 25, 21, 22),)	3myq_ligand
((5, 4, 3, 2, 1, 0, 14, 13),)	3n1v_ligand
((5, 4, 3, 2, 1, 0, 13, 12),)	3n1w_ligand
((0, 1, 2, 6, 7, 10, 8, 9),)	3n5h_ligand
((3, 2, 1, 9, 8, 10, 7, 6),)	3n5j_ligand
((23, 3, 5, 27, 25, 26, 4, 24),)	3n7o_ligand
((8, 7, 6, 12, 13, 17, 14, 15),)	3ncz_ligand
((3, 4, 5, 6, 7, 25, 8, 9), (16, 17, 18, 19, 20, 23, 21, 22))	3ndm_ligand
((9, 3, 2, 1, 0, 23, 5, 4),)	3nf7_ligand
((9, 3, 2, 1, 0, 24, 5, 4),)	3nf8_ligand
((6, 4, 3, 2, 1, 23, 0, 5),)	3nf9_ligand
((0, 13, 16, 17, 18, 22, 19, 20),)	3nox_ligand
((9, 2, 0, 8, 6, 7, 4, 3),)	3np7_ligand
((17, 8, 5, 0, 14, 4, 13, 11),)	3nyx_ligand
((18, 19, 9, 10, 11, 0, 21, 20),)	3o0g_ligand
((2, 3, 4, 5, 6, 7, 8, 9),)	3o8p_ligand
((39, 37, 34, 32, 33, 35, 36, 38),)	3o9l_ligand
((40, 33, 32, 31, 36, 39, 35, 34),)	3oad_ligand
((2, 8, 5, 18, 17, 3, 9, 12),)	3oaf_ligand
((37, 32, 31, 30, 35, 36, 34, 33),)	3oag_ligand
((20, 22, 23, 24, 25, 1, 26, 27),)	3ocb_ligand
((7, 15, 27, 28, 0, 31, 29, 30),)	3og7_ligand
((7, 9, 19, 20, 21, 34, 22, 23),)	3okh_ligand
((0, 8, 11, 15, 13, 17, 16, 12),)	3oki_ligand
((1, 13, 23, 29, 28, 31, 30, 24),)	3olf_ligand
((1, 13, 23, 31, 29, 32, 30, 24),)	3omm_ligand
((1, 11, 18, 29, 26, 31, 30, 19),)	3oof_ligand
((1, 16, 23, 32, 30, 33, 31, 24),)	3ook_ligand
((9, 13, 14, 15, 16, 1, 17, 18),)	3ouh_ligand
((8, 2, 1, 0, 7, 3, 6, 4), (10, 1, 0, 7, 6, 5, 4, 2))	3oui_ligand
((26, 25, 18, 19, 20, 21, 22, 24),)	3owb_ligand
((30, 18, 11, 19, 21, 33, 10, 17),)	3owd_ligand
((7, 6, 3, 2, 1, 0, 4, 5),)	3p5o_ligand
((12, 3, 2, 0, 1, 13, 5, 4), (12, 9, 8, 7, 6, 14, 10, 11))	3p9t_ligand
((1, 10, 18, 19, 20, 23, 21, 22),)	3pa3_ligand
((1, 10, 18, 19, 20, 23, 21, 22),)	3pa4_ligand
((4, 18, 19, 20, 21, 24, 22, 23),)	3pa5_ligand
((2, 3, 4, 5, 6, 7, 8, 9),)	3pdc_ligand
((33, 34, 35, 36, 37, 38, 39, 40),)	3phe_ligand
((6, 3, 2, 1, 0, 23, 5, 4),)	3prf_ligand
((18, 19, 20, 21, 22, 1, 23, 24),)	3q2g_ligand
((11, 8, 7, 6, 4, 5, 10, 9),)	3q2j_ligand
((11, 8, 7, 6, 4, 5, 10, 9),)	3q2m_ligand
((1, 7, 6, 8, 11, 3, 10, 9),)	3q3k_ligand
((44, 45, 46, 48, 50, 51, 49, 47),)	3q4k_ligand
((47, 50, 45, 42, 49, 41, 43, 46),)	3q4l_ligand
((6, 10, 11, 13, 15, 17, 14, 12),)	3qce_ligand
((6, 10, 11, 13, 15, 17, 14, 12),)	3qcf_ligand
((6, 7, 8, 11, 12, 13, 9, 10),)	3qch_ligand
((10, 11, 12, 13, 14, 18, 15, 16),)	3qci_ligand
((4, 5, 6, 7, 8, 11, 9, 10),)	3qcj_ligand
((2, 3, 4, 7, 8, 9, 5, 6),)	3qck_ligand
((10, 11, 12, 13, 14, 18, 15, 16),)	3qcl_ligand
((8, 9, 10, 11, 15, 16, 14, 13), (12, 17, 18, 19, 22, 23, 21, 20))	3qiy_ligand
((16, 17, 18, 19, 23, 24, 22, 21), (25, 8, 9, 10, 13, 14, 12, 11))	3qj0_ligand
((25, 26, 27, 28, 29, 4, 30, 31),)	3qkd_ligand
((16, 15, 11, 0, 10, 31, 1, 12),)	3r4o_ligand
((24, 0, 5, 10, 12, 9, 14, 16),)	3r4p_ligand
((18, 16, 8, 7, 5, 6, 4, 17),)	3rf4_ligand
((11, 4, 5, 6, 10, 17, 7, 8), (15, 7, 8, 4, 5, 16, 6, 10))	3rlp_ligand
((6, 13, 2, 3, 4, 21, 14, 10), (19, 14, 4, 3, 2, 20, 13, 10))	3rlq_ligand
((13, 6, 8, 10, 12, 22, 7, 11), (20, 10, 8, 6, 11, 21, 7, 12))	3rlr_ligand
((1, 10, 0, 3, 5, 2, 7, 9),)	3rm9_ligand
((33, 35, 32, 30, 29, 27, 28, 34),)	3rul_ligand
((9, 2, 0, 8, 6, 7, 4, 3),)	3s0j_ligand
((8, 0, 1, 2, 3, 10, 4, 5),)	3s2o_ligand
((6, 5, 0, 1, 2, 38, 3, 4),)	3s7b_ligand
((8, 12, 13, 14, 15, 22, 16, 17),)	3s9t_ligand
((8, 12, 13, 14, 15, 20, 16, 17),)	3sax_ligand
((2, 3, 4, 5, 6, 7, 8, 9),)	3sfh_ligand
((2, 12, 7, 5, 0, 4, 8, 11),)	3skh_ligand
((30, 28, 12, 10, 27, 4, 11, 13),)	3spf_ligand
((4, 6, 1, 3, 9, 38, 5, 7),)	3sw2_ligand
((4, 3, 0, 1, 7, 23, 2, 8),)	3sww_ligand
((8, 7, 2, 5, 13, 27, 6, 14),)	3sx4_ligand
((1, 7, 5, 3, 0, 4, 10, 9), (6, 16, 11, 12, 13, 8, 14, 15))	3t19_ligand
((1, 7, 5, 3, 0, 4, 10, 9), (6, 16, 11, 12, 13, 8, 14, 15))	3t1a_ligand
((19, 24, 15, 13, 22, 3, 14, 16),)	3tfp_ligand
((6, 3, 2, 1, 0, 8, 5, 4),)	3tgs_ligand
((6, 8, 7, 14, 13, 1, 12, 15),)	3thb_ligand
((7, 6, 4, 3, 13, 14, 10, 9), (11, 10, 9, 6, 4, 5, 3, 13))	3tt0_ligand
((20, 21, 22, 23, 24, 25, 26, 27),)	3tu1_ligand
((17, 16, 11, 1, 2, 12, 3, 15),)	3tza_ligand
((2, 3, 0, 12, 13, 27, 14, 16),)	3u15_ligand
((21, 9, 0, 1, 10, 27, 3, 6),)	3u4o_ligand
((11, 10, 9, 7, 8, 34, 14, 15),)	3u4r_ligand
((7, 6, 0, 1, 2, 3, 4, 5),)	3u5j_ligand
((15, 20, 3, 2, 1, 0, 22, 21),)	3u5l_ligand
((1, 23, 9, 27, 25, 5, 8, 24), (20, 27, 9, 23, 24, 4, 8, 25))	3ue4_ligand
((1, 0, 4, 5, 6, 7, 8, 9),)	3uxd_ligand
((1, 0, 4, 5, 6, 7, 8, 9),)	3uz5_ligand
((18, 19, 11, 23, 22, 24, 21, 20),)	3v66_ligand
((2, 3, 0, 12, 13, 27, 14, 16),)	3vbg_ligand
((12, 11, 5, 6, 7, 8, 9, 10),)	3vbt_ligand
((0, 1, 2, 15, 21, 22, 20, 14),)	3vva_ligand
((7, 6, 3, 2, 1, 0, 4, 5),)	3vws_ligand
((12, 13, 14, 15, 16, 17, 18, 19),)	3vzd_ligand
((18, 19, 20, 21, 24, 25, 23, 22), (29, 31, 32, 33, 36, 37, 35, 34))	3vzv_ligand
((12, 11, 10, 20, 18, 19, 16, 13),)	3w54_ligand
((13, 14, 15, 16, 18, 19, 20, 21),)	3wav_ligand
((14, 15, 16, 17, 19, 20, 21, 22),)	3waw_ligand
((22, 23, 24, 25, 27, 28, 29, 30),)	3wax_ligand
((8, 7, 0, 1, 3, 4, 5, 6),)	3way_ligand
((0, 7, 6, 1, 9, 13, 4, 8),)	3wha_ligand
((5, 4, 3, 2, 1, 0, 6, 7),)	3zbf_ligand
((8, 7, 0, 1, 3, 4, 5, 6),)	3zhx_ligand
((23, 28, 29, 30, 31, 32, 33, 35),)	3zhz_ligand
((10, 12, 13, 14, 15, 7, 16, 17),)	3zi0_ligand
((14, 8, 3, 2, 1, 0, 10, 9),)	3zm4_ligand
((1, 9, 10, 12, 13, 14, 16, 15), (17, 16, 13, 12, 10, 11, 9, 15))	3zm5_ligand
((1, 9, 10, 16, 14, 15, 13, 11), (17, 16, 10, 9, 11, 12, 13, 14))	3zm6_ligand
((6, 20, 17, 18, 22, 14, 19, 23),)	3zze_ligand
((6, 0, 1, 2, 3, 27, 4, 5),)	456c_ligand
((4, 6, 7, 8, 9, 10, 11, 12),)	4a16_ligand
((2, 19, 20, 21, 22, 13, 23, 24),)	4a9r_ligand
((6, 7, 8, 9, 10, 15, 11, 12),)	4abu_ligand
((6, 7, 8, 9, 10, 15, 11, 12),)	4abv_ligand
((5, 4, 3, 2, 1, 0, 6, 7),)	4anq_ligand
((10, 11, 12, 17, 15, 16, 14, 13),)	4anw_ligand
((24, 23, 17, 18, 19, 20, 21, 22),)	4ap0_ligand
((25, 1, 0, 19, 18, 24, 3, 2),)	4asd_ligand
((7, 6, 3, 2, 1, 0, 4, 5),)	4avg_ligand
((7, 6, 3, 2, 1, 0, 4, 5),)	4awg_ligand
((24, 25, 26, 27, 30, 31, 29, 28),)	4awk_ligand
((21, 2, 3, 4, 5, 7, 8, 9),)	4axa_ligand
((12, 13, 14, 15, 16, 17, 18, 19),)	4axm_ligand
((18, 11, 10, 9, 8, 13, 7, 12),)	4b71_ligand
((4, 12, 13, 14, 15, 1, 16, 24),)	4b73_ligand
((2, 13, 14, 15, 16, 17, 18, 26),)	4b74_ligand
((8, 6, 3, 13, 12, 7, 11, 10),)	4b81_ligand
((1, 9, 10, 11, 12, 17, 13, 14),)	4b85_ligand
((6, 7, 8, 9, 10, 11, 12, 13),)	4b95_ligand
((7, 10, 4, 8, 2, 1, 9, 21),)	4bdt_ligand
((4, 5, 6, 7, 8, 9, 10, 11),)	4bjx_ligand
((11, 10, 2, 3, 4, 5, 6, 9),)	4bo1_ligand
((13, 11, 2, 1, 10, 12, 0, 9),)	4bqg_ligand
((29, 28, 27, 24, 25, 26, 31, 30),)	4btu_ligand
((18, 19, 20, 21, 22, 23, 24, 25),)	4bty_ligand
((3, 7, 5, 6, 13, 8, 10, 9),)	4bvb_ligand
((27, 26, 20, 21, 22, 23, 24, 25),)	4bxn_ligand
((5, 4, 3, 2, 1, 0, 6, 7),)	4c9w_ligand
((3, 2, 1, 8, 6, 7, 5, 4),)	4c9x_ligand
((6, 5, 4, 12, 10, 11, 8, 7),)	4ce1_ligand
((6, 5, 4, 12, 10, 11, 8, 7),)	4ce2_ligand
((18, 2, 1, 6, 5, 20, 4, 3),)	4ce3_ligand
((15, 12, 11, 10, 9, 25, 8, 13),)	4cfe_ligand
((8, 15, 6, 4, 14, 0, 5, 7),)	4cl6_ligand
((1, 2, 3, 4, 5, 0, 6, 7),)	4cr5_ligand
((32, 30, 25, 26, 27, 31, 28, 29),)	4crb_ligand
((10, 9, 4, 5, 6, 15, 7, 8),)	4crc_ligand
((27, 10, 2, 5, 12, 33, 6, 9),)	4crd_ligand
((32, 31, 25, 26, 27, 29, 28, 30),)	4crf_ligand
((22, 21, 15, 16, 17, 18, 19, 20),)	4d0w_ligand
((5, 4, 3, 2, 1, 0, 10, 9),)	4d0x_ligand
((36, 35, 29, 30, 31, 32, 33, 34),)	4d1s_ligand
((18, 17, 16, 15, 24, 25, 23, 22),)	4dhp_ligand
((7, 8, 4, 3, 1, 0, 10, 9), (22, 23, 24, 25, 26, 2, 27, 28))	4dij_ligand
((13, 11, 10, 9, 8, 23, 7, 12),)	4dko_ligand
((17, 1, 4, 3, 2, 22, 21, 20),)	4dkp_ligand
((17, 1, 4, 3, 2, 22, 21, 20),)	4dkq_ligand
((14, 10, 9, 8, 7, 12, 6, 11),)	4dkr_ligand
((17, 16, 11, 1, 2, 12, 3, 15),)	4dld_ligand
((7, 6, 3, 2, 1, 0, 4, 5),)	4dmn_ligand
((5, 4, 3, 2, 1, 0, 6, 7),)	4do3_ligand
((4, 5, 6, 8, 9, 3, 10, 11),)	4dst_ligand
((16, 26, 27, 28, 29, 4, 30, 31),)	4dum_ligand
((23, 1, 2, 3, 4, 24, 6, 11),)	4e26_ligand
((7, 6, 3, 2, 1, 0, 4, 5),)	4e5h_ligand
((13, 15, 16, 29, 27, 28, 26, 25),)	4e7r_ligand
((20, 2, 1, 6, 5, 22, 4, 3),)	4egk_ligand
((14, 16, 17, 18, 19, 20, 21, 22),)	4ehv_ligand
((7, 6, 3, 2, 1, 0, 4, 5),)	4ere_ligand
((24, 25, 26, 27, 28, 29, 30, 31),)	4erf_ligand
((7, 6, 3, 2, 1, 0, 4, 5),)	4f3i_ligand
((1, 2, 3, 10, 8, 9, 7, 4),)	4fcr_ligand
((6, 9, 10, 11, 12, 20, 13, 14),)	4few_ligand
((6, 3, 2, 1, 0, 10, 5, 4),)	4fgz_ligand
((19, 22, 10, 8, 20, 7, 9, 11),)	4flp_ligand
((24, 25, 26, 27, 28, 29, 30, 31),)	4fny_ligand
((0, 1, 2, 3, 4, 5, 6, 7),)	4frj_ligand
((2, 8, 5, 18, 17, 3, 9, 12),)	4g95_ligand
((8, 9, 11, 12, 13, 26, 14, 15),)	4gj6_ligand
((7, 6, 3, 2, 1, 0, 4, 5),)	4gv1_ligand
((6, 20, 21, 22, 23, 27, 24, 25),)	4gvm_ligand
((6, 20, 21, 22, 23, 27, 24, 25),)	4gw6_ligand
((7, 4, 3, 2, 1, 6, 0, 5),)	4h4m_ligand
((7, 6, 3, 2, 1, 0, 4, 5),)	4hbm_ligand
((23, 24, 25, 26, 27, 28, 29, 30), (31, 33, 34, 35, 36, 37, 38, 39))	4hg7_ligand
((12, 11, 5, 6, 7, 8, 9, 10), (16, 17, 18, 19, 21, 22, 23, 25))	4hw2_ligand
((15, 16, 17, 18, 20, 21, 22, 24),)	4hw3_ligand
((7, 4, 3, 2, 1, 0, 6, 5),)	4hzt_ligand
((7, 1, 2, 3, 4, 15, 0, 16),)	4i0d_ligand
((12, 6, 3, 2, 1, 0, 4, 5),)	4i0f_ligand
((9, 17, 16, 18, 19, 23, 20, 21),)	4i0s_ligand
((10, 4, 3, 2, 1, 0, 6, 5),)	4i0z_ligand
((10, 4, 3, 2, 1, 0, 6, 5),)	4i10_ligand
((5, 4, 3, 2, 1, 0, 12, 11),)	4i12_ligand
((5, 4, 3, 2, 1, 0, 12, 11),)	4i1c_ligand
((18, 19, 20, 21, 23, 24, 25, 26),)	4i54_ligand
((29, 1, 0, 5, 4, 28, 3, 2),)	4i9h_ligand
((8, 12, 13, 14, 15, 16, 17, 18),)	4i9o_ligand
((20, 19, 2, 15, 16, 21, 17, 18),)	4i9u_ligand
((10, 9, 4, 3, 5, 6, 7, 8),)	4ibe_ligand
((26, 30, 31, 32, 33, 55, 34, 35),)	4ieh_ligand
((7, 6, 0, 1, 2, 3, 4, 5),)	4io8_ligand
((1, 3, 10, 11, 12, 13, 14, 15), (4, 6, 16, 17, 18, 19, 20, 21))	4ipf_ligand
((6, 0, 1, 2, 3, 17, 4, 5), (16, 1, 0, 5, 4, 18, 3, 2))	4iz0_ligand
((6, 0, 1, 2, 3, 17, 4, 5), (16, 1, 0, 5, 4, 18, 3, 2), (19, 11, 10, 15, 14, 22, 13, 12))	4j04_ligand
((16, 11, 10, 15, 14, 19, 13, 12),)	4j06_ligand
((23, 24, 25, 26, 27, 28, 29, 30), (31, 33, 34, 35, 36, 37, 38, 39))	4j3e_ligand
((1, 2, 8, 9, 10, 11, 12, 13), (3, 4, 14, 15, 16, 17, 18, 19))	4j74_ligand
((1, 3, 10, 11, 12, 13, 14, 15), (4, 6, 16, 17, 18, 19, 20, 21))	4j7d_ligand
((1, 3, 10, 11, 12, 13, 14, 15), (4, 6, 16, 17, 18, 19, 20, 21))	4j7e_ligand
((0, 12, 15, 16, 17, 21, 18, 19),)	4jh0_ligand
((1, 10, 18, 19, 20, 23, 21, 22),)	4jik_ligand
((7, 6, 3, 2, 1, 0, 4, 5),)	4jlh_ligand
((19, 22, 23, 24, 27, 28, 26, 25),)	4jrg_ligand
((20, 23, 24, 26, 29, 30, 28, 27),)	4jsc_ligand
((7, 6, 0, 1, 2, 3, 4, 5), (21, 22, 23, 24, 25, 26, 27, 28))	4jv9_ligand
((7, 6, 0, 1, 2, 3, 4, 5), (21, 22, 23, 24, 25, 26, 27, 28))	4jve_ligand
((18, 17, 11, 12, 13, 14, 15, 16),)	4jvi_ligand
((22, 23, 24, 25, 26, 27, 28, 29),)	4jwr_ligand
((7, 4, 3, 2, 1, 0, 6, 5),)	4k2f_ligand
((6, 5, 0, 10, 2, 1, 3, 4),)	4k2y_ligand
((7, 6, 1, 2, 3, 9, 4, 5),)	4k4e_ligand
((3, 8, 4, 5, 6, 7, 10, 9),)	4k5z_ligand
((3, 6, 7, 8, 9, 16, 10, 11),)	4km0_ligand
((0, 1, 2, 3, 4, 5, 8, 6),)	4knb_ligand
((4, 10, 11, 12, 13, 16, 14, 15),)	4kne_ligand
((9, 10, 11, 12, 13, 24, 14, 15),)	4kyk_ligand
((8, 7, 0, 1, 3, 4, 5, 6),)	4l02_ligand
((10, 11, 12, 13, 14, 15, 16, 17),)	4l0v_ligand
((10, 9, 3, 4, 5, 6, 7, 8),)	4l2f_ligand
((11, 14, 15, 16, 17, 18, 19, 20),)	4l6s_ligand
((3, 0, 1, 4, 9, 13, 6, 2),)	4li7_ligand
((4, 16, 17, 19, 20, 21, 22, 23),)	4lko_ligand
((29, 28, 27, 24, 25, 26, 31, 30),)	4loy_ligand
((26, 8, 0, 21, 12, 64, 7, 1),)	4lvt_ligand
((3, 5, 7, 8, 9, 13, 10, 11),)	4lwc_ligand
((2, 3, 0, 5, 8, 24, 7, 6),)	4lwt_ligand
((7, 37, 1, 2, 3, 4, 39, 38),)	4lwu_ligand
((19, 12, 0, 9, 18, 4, 10, 1),)	4lxd_ligand
((21, 20, 2, 12, 32, 6, 13, 3),)	4man_ligand
((12, 11, 5, 6, 7, 8, 9, 10), (32, 33, 34, 39, 37, 38, 36, 35))	4mdn_ligand
((21, 22, 23, 24, 25, 26, 27, 28),)	4mdq_ligand
((5, 4, 3, 2, 1, 0, 6, 7),)	4mjr_ligand
((8, 6, 5, 4, 1, 0, 2, 7),)	4mm5_ligand
((4, 10, 3, 2, 1, 21, 0, 11),)	4mma_ligand
((10, 24, 7, 8, 9, 23, 6, 22),)	4mq1_ligand
((10, 23, 7, 8, 9, 22, 6, 21),)	4mq2_ligand
((0, 1, 2, 3, 5, 6, 7, 8),)	4mrh_ligand
((1, 11, 5, 6, 7, 8, 9, 10),)	4mrw_ligand
((16, 15, 14, 17, 18, 19, 20, 21),)	4mw2_ligand
((3, 2, 1, 4, 5, 6, 7, 8),)	4mw4_ligand
((6, 5, 4, 3, 1, 0, 2, 14),)	4mw6_ligand
((3, 2, 1, 6, 7, 8, 9, 10),)	4mw7_ligand
((8, 7, 3, 2, 1, 0, 12, 13),)	4mwe_ligand
((10, 11, 3, 2, 1, 0, 13, 12),)	4n99_ligand
((11, 12, 9, 10, 15, 16, 14, 13),)	4n9a_ligand
((11, 12, 13, 24, 14, 28, 25, 26),)	4nah_ligand
((6, 5, 0, 7, 4, 14, 3, 1),)	4nal_ligand
((10, 22, 11, 23, 24, 25, 26, 12),)	4nat_ligand
((11, 12, 13, 24, 14, 28, 25, 26),)	4nau_ligand
((131, 134, 129, 126, 133, 125, 127, 130),)	4nb3_ligand
((3, 4, 5, 6, 7, 8, 9, 10),)	4nra_ligand
((3, 17, 18, 19, 20, 23, 21, 22),)	4nyf_ligand
((4, 5, 6, 7, 9, 10, 11, 12),)	4o0a_ligand
((3, 6, 7, 8, 9, 12, 10, 11),)	4o0j_ligand
((16, 5, 0, 1, 2, 25, 3, 4),)	4o12_ligand
((24, 25, 26, 29, 31, 32, 30, 28),)	4o55_ligand
((24, 25, 26, 29, 31, 32, 30, 28),)	4o5b_ligand
((22, 23, 24, 25, 26, 27, 28, 29),)	4oas_ligand
((29, 30, 31, 32, 33, 34, 35, 36),)	4oba_ligand
((19, 35, 36, 37, 38, 42, 39, 40),)	4oc6_ligand
((19, 20, 21, 22, 23, 24, 25, 26),)	4occ_ligand
((9, 10, 11, 12, 14, 15, 16, 17),)	4ode_ligand
((36, 37, 38, 39, 40, 41, 42, 43),)	4odf_ligand
((36, 37, 38, 39, 40, 41, 42, 43),)	4ogn_ligand
((36, 37, 38, 39, 40, 41, 42, 43),)	4ogt_ligand
((28, 29, 30, 31, 32, 33, 34, 35),)	4ogv_ligand
((7, 4, 3, 2, 1, 0, 6, 5),)	4oq3_ligand
((1, 23, 9, 27, 25, 5, 8, 24), (20, 27, 9, 23, 24, 4, 8, 25))	4otw_ligand
((7, 6, 3, 2, 1, 0, 4, 5),)	4ovf_ligand
((4, 5, 6, 7, 19, 20, 18, 17),)	4ovg_ligand
((20, 19, 18, 2, 1, 17, 0, 22),)	4p90_ligand
((9, 15, 16, 17, 18, 19, 20, 21),)	4pv7_ligand
((0, 1, 2, 12, 14, 15, 16, 17),)	4pvo_ligand
((2, 3, 1, 14, 12, 13, 0, 4),)	4pvt_ligand
((14, 15, 16, 17, 18, 19, 20, 22),)	4q3r_ligand
((24, 25, 9, 10, 0, 19, 1, 20),)	4q6r_ligand
((22, 23, 24, 25, 26, 27, 28, 29),)	4qev_ligand
((23, 24, 25, 26, 27, 28, 29, 30),)	4qew_ligand
((7, 6, 3, 2, 1, 0, 4, 5),)	4qo4_ligand
((20, 21, 22, 23, 24, 25, 26, 27),)	4qoc_ligand
((9, 5, 0, 1, 2, 6, 3, 4),)	4qp2_ligand
((16, 15, 10, 9, 11, 12, 13, 14),)	4qr4_ligand
((19, 22, 10, 8, 20, 7, 9, 11),)	4qzs_ligand
((13, 14, 1, 19, 0, 18, 16, 15),)	4r4c_ligand
((33, 34, 35, 36, 37, 38, 39, 41),)	4r4i_ligand
((13, 14, 1, 19, 0, 18, 16, 15),)	4r4o_ligand
((13, 14, 1, 19, 0, 18, 16, 15),)	4r4q_ligand
((28, 29, 30, 31, 32, 35, 33, 34),)	4r4t_ligand
((22, 21, 19, 16, 17, 18, 25, 24), (26, 25, 17, 16, 19, 20, 21, 24))	4r6v_ligand
((0, 1, 2, 4, 6, 7, 8, 10), (3, 2, 1, 10, 8, 9, 6, 4), (5, 4, 2, 1, 10, 11, 8, 6))	4rpn_ligand
((5, 2, 1, 6, 7, 8, 9, 3),)	4rpo_ligand
((7, 4, 3, 2, 1, 0, 6, 5),)	4rqk_ligand
((7, 4, 3, 2, 1, 0, 6, 5),)	4rqv_ligand
((8, 13, 14, 15, 16, 19, 17, 18),)	4tju_ligand
((20, 0, 3, 2, 22, 5, 1, 21),)	4tpw_ligand
((47, 50, 45, 42, 49, 41, 43, 46),)	4tsz_ligand
((2, 3, 1, 14, 12, 13, 0, 4),)	4tyt_ligand
((11, 12, 13, 19, 17, 18, 16, 14),)	4ucc_ligand
((18, 4, 0, 2, 5, 19, 3, 1),)	4uuq_ligand
((11, 12, 13, 14, 15, 16, 17, 18),)	4uvv_ligand
((11, 12, 13, 14, 15, 16, 17, 18),)	4uvx_ligand
((16, 9, 10, 11, 12, 15, 13, 14),)	4uvy_ligand
((4, 5, 6, 7, 8, 9, 10, 11),)	4uyf_ligand
((4, 5, 6, 7, 8, 9, 10, 11),)	4uyg_ligand
((12, 3, 2, 0, 1, 13, 5, 4), (12, 9, 8, 7, 6, 14, 10, 11))	4w9n_ligand
((19, 11, 5, 7, 12, 20, 8, 6),)	4wk7_ligand
((23, 8, 6, 2, 7, 25, 3, 9),)	4wke_ligand
((25, 5, 11, 10, 12, 26, 2, 13),)	4wki_ligand
((12, 11, 5, 6, 7, 8, 9, 10), (16, 17, 18, 19, 21, 22, 23, 25))	4wmu_ligand
((33, 34, 35, 36, 38, 39, 40, 41),)	4wt2_ligand
((9, 15, 16, 17, 18, 22, 19, 20),)	4x6j_ligand
((36, 32, 31, 34, 10, 35, 12, 33),)	4x6m_ligand
((30, 25, 8, 28, 27, 29, 10, 26),)	4x6n_ligand
((12, 11, 1, 16, 8, 7, 9, 10),)	4x6o_ligand
((27, 26, 8, 9, 10, 28, 11, 25),)	4x6p_ligand
((0, 4, 2, 5, 8, 11, 10, 7),)	4x8t_ligand
((2, 0, 1, 5, 8, 10, 7, 3),)	4x8u_ligand
((29, 28, 26, 23, 24, 25, 32, 31), (33, 32, 24, 23, 26, 27, 28, 31))	4xcu_ligand
((24, 19, 7, 20, 22, 23, 6, 18),)	4xir_ligand
((0, 19, 8, 16, 7, 14, 15, 25),)	4xit_ligand
((3, 2, 1, 0, 11, 30, 10, 9),)	4xj0_ligand
((8, 7, 6, 13, 11, 12, 10, 9),)	4xjs_ligand
((31, 10, 11, 12, 32, 33, 29, 30),)	4xt9_ligand
((9, 10, 11, 12, 13, 24, 14, 15),)	4xum_ligand
((19, 20, 21, 22, 23, 24, 25, 26),)	4y79_ligand
((15, 17, 18, 19, 20, 24, 21, 22),)	4y87_ligand
((15, 17, 18, 19, 20, 24, 21, 22),)	4y8c_ligand
((26, 1, 2, 8, 7, 14, 6, 5),)	4y8x_ligand
((32, 9, 6, 31, 30, 36, 29, 28),)	4y8y_ligand
((32, 31, 27, 9, 28, 33, 29, 30),)	4y8z_ligand
((17, 18, 14, 15, 22, 23, 20, 19),)	4ydq_ligand
((19, 18, 17, 25, 23, 24, 22, 21),)	4yes_ligand
((17, 16, 13, 12, 11, 10, 14, 15),)	4yk5_ligand
((16, 14, 11, 10, 8, 7, 9, 15),)	4yl0_ligand
((11, 3, 2, 20, 19, 37, 1, 17),)	4ynd_ligand
((23, 9, 4, 5, 10, 28, 11, 6),)	4yz9_ligand
((22, 23, 24, 25, 26, 27, 28, 29),)	4z1q_ligand
((22, 23, 24, 25, 26, 27, 28, 29),)	4z1s_ligand
((3, 14, 16, 17, 18, 22, 19, 20),)	4z9l_ligand
((22, 4, 3, 23, 24, 25, 26, 27),)	4zg6_ligand
((8, 7, 1, 2, 3, 26, 5, 6),)	4zg7_ligand
((12, 11, 13, 16, 2, 30, 1, 20),)	4zim_ligand
((14, 6, 5, 4, 3, 12, 13, 16),)	4zji_ligand
((17, 15, 10, 11, 12, 16, 13, 14),)	4zjj_ligand
((1, 3, 4, 5, 6, 7, 9, 8),)	4zjr_ligand
((14, 13, 12, 11, 22, 23, 24, 15),)	4zjw_ligand
((10, 22, 21, 1, 0, 20, 24, 23),)	4zyc_ligand
((24, 21, 20, 1, 0, 19, 23, 22),)	4zyi_ligand
((6, 5, 4, 3, 1, 0, 2, 7),)	5aep_ligand
((11, 2, 1, 0, 5, 6, 4, 3),)	5aib_ligand
((17, 14, 8, 4, 13, 0, 5, 9),)	5akw_ligand
((8, 7, 1, 2, 3, 4, 5, 6),)	5al3_ligand
((12, 2, 1, 0, 5, 6, 4, 3),)	5ale_ligand
((6, 8, 4, 7, 11, 0, 12, 10),)	5aom_ligand
((23, 25, 26, 27, 28, 29, 30, 31),)	5ar5_ligand
((6, 9, 10, 11, 12, 18, 19, 13),)	5c7c_ligand
((12, 1, 2, 15, 5, 14, 4, 3),)	5cbr_ligand
((10, 8, 0, 1, 2, 12, 3, 4),)	5cc2_ligand
((5, 4, 3, 2, 1, 0, 10, 9),)	5ccm_ligand
((10, 0, 1, 2, 3, 9, 4, 5),)	5dtj_ligand
((29, 10, 9, 27, 13, 28, 26, 25),)	5e2o_ligand
((32, 30, 25, 26, 27, 31, 28, 29),)	5e2p_ligand
((17, 20, 3, 6, 7, 10, 25, 23),)	5ea6_ligand
((25, 26, 27, 28, 29, 32, 30, 31),)	5em5_ligand
((6, 3, 2, 1, 0, 17, 5, 4),)	7std_ligand
((6, 4, 3, 2, 1, 27, 0, 5),)	830c_ligand
