((6, 3, 2, 1, 0, 5, 4),)	1a7t_ligand
((2, 12, 1, 0, 11, 14, 13),)	1b0f_ligand
((42, 39, 38, 37, 36, 41, 40),)	1cgl_ligand
((6, 3, 2, 1, 0, 5, 4),)	1epo_ligand
((42, 39, 38, 37, 36, 41, 40),)	1fq4_ligand
((6, 3, 2, 1, 0, 5, 4),)	1fq6_ligand
((6, 3, 2, 1, 0, 5, 4),)	1fq8_ligand
((24, 25, 26, 27, 28, 29, 30),)	1ft4_ligand
((15, 21, 16, 17, 18, 19, 20),)	1i8z_ligand
((14, 20, 15, 16, 17, 18, 19),)	1i91_ligand
((30, 27, 26, 25, 24, 29, 28),)	1jqy_ligand
((32, 33, 34, 35, 36, 37, 38),)	1kv2_ligand
((0, 7, 1, 2, 6, 3, 4),)	1ms6_ligand
((6, 4, 3, 2, 1, 0, 5),)	1nl6_ligand
((1, 3, 4, 5, 6, 7, 8),)	1npz_ligand
((1, 3, 4, 5, 6, 7, 8),)	1nqc_ligand
((17, 15, 13, 12, 14, 16, 18),)	1utt_ligand
((23, 25, 26, 27, 28, 29, 30),)	1w83_ligand
((3, 27, 28, 29, 30, 31, 32),)	1wbs_ligand
((3, 27, 28, 29, 30, 31, 32),)	1wbt_ligand
((3, 19, 20, 21, 22, 23, 24),)	1wbv_ligand
((3, 0, 1, 4, 5, 6, 2),)	1yi3_ligand
((22, 23, 7, 29, 30, 28, 27),)	2am1_ligand
((8, 4, 9, 10, 3, 11, 12),)	2axi_ligand
((20, 22, 23, 24, 25, 26, 27),)	2bak_ligand
((23, 25, 26, 27, 28, 29, 30),)	2cji_ligand
((13, 15, 16, 17, 18, 19, 20),)	2hh5_ligand
((13, 15, 16, 17, 18, 19, 20),)	2hhn_ligand
((7, 6, 5, 4, 12, 13, 11),)	2hu6_ligand
((14, 23, 18, 19, 20, 21, 22),)	2i6b_ligand
((6, 5, 0, 1, 2, 3, 4),)	2ito_ligand
((6, 5, 0, 1, 2, 3, 4),)	2ity_ligand
((6, 5, 0, 1, 2, 3, 4),)	2itz_ligand
((22, 24, 25, 26, 27, 28, 29),)	2j2u_ligand
((21, 23, 24, 25, 26, 27, 28),)	2j34_ligand
((1, 2, 3, 4, 5, 6, 7),)	2j94_ligand
((21, 23, 24, 25, 26, 27, 28),)	2j95_ligand
((19, 21, 22, 23, 24, 25, 26),)	2jh0_ligand
((18, 20, 21, 22, 23, 24, 25),)	2jh5_ligand
((18, 20, 21, 22, 23, 24, 25),)	2jh6_ligand
((6, 5, 0, 1, 2, 3, 4),)	2jkk_ligand
((6, 3, 2, 1, 0, 5, 4),)	2jxr_ligand
((6, 5, 0, 1, 2, 3, 4),)	2p4i_ligand
((6, 5, 0, 1, 2, 3, 4),)	2r75_ligand
((0, 7, 1, 2, 6, 3, 4),)	2r9m_ligand
((21, 0, 2, 20, 19, 18, 17),)	2rfn_ligand
((6, 5, 0, 1, 2, 3, 4),)	2uue_ligand
((18, 20, 21, 22, 23, 24, 25),)	2uwl_ligand
((19, 21, 22, 23, 24, 25, 26),)	2uwo_ligand
((18, 20, 21, 22, 23, 24, 25),)	2uwp_ligand
((6, 5, 0, 1, 2, 3, 4),)	2vci_ligand
((6, 5, 0, 1, 2, 3, 4),)	2vcj_ligand
((22, 23, 24, 25, 26, 27, 28),)	2vgo_ligand
((6, 5, 0, 1, 2, 3, 4),)	2vrx_ligand
((12, 13, 14, 15, 16, 17, 18),)	2vvt_ligand
((21, 23, 24, 25, 26, 27, 28),)	2vx0_ligand
((21, 22, 23, 24, 25, 26, 27),)	2w1c_ligand
((13, 14, 15, 16, 17, 18, 19),)	2w1e_ligand
((17, 18, 19, 20, 21, 22, 23),)	2w1g_ligand
((18, 19, 20, 21, 22, 23, 24),)	2w1i_ligand
((11, 1, 0, 2, 4, 5, 3),)	2w26_ligand
((15, 22, 23, 24, 25, 26, 27),)	2wgs_ligand
((5, 14, 0, 1, 2, 3, 4),)	2wmu_ligand
((8, 9, 10, 14, 13, 12, 11),)	2wmv_ligand
((9, 10, 11, 15, 14, 13, 12),)	2wmw_ligand
((14, 15, 16, 20, 19, 18, 17),)	2wmx_ligand
((6, 5, 0, 1, 2, 3, 4), (9, 10, 11, 12, 13, 14, 15))	2wxl_ligand
((1, 12, 14, 15, 0, 33, 34),)	2wxp_ligand
((6, 5, 0, 1, 2, 3, 4),)	2x6d_ligand
((10, 11, 12, 13, 14, 15, 16),)	2x6k_ligand
((13, 14, 15, 16, 17, 18, 19),)	2xhr_ligand
((11, 13, 14, 15, 16, 17, 18),)	2xht_ligand
((6, 22, 23, 7, 24, 25, 26),)	2xne_ligand
((26, 27, 28, 29, 30, 31, 32),)	2xng_ligand
((15, 17, 18, 2, 21, 20, 19),)	2xp8_ligand
((12, 20, 21, 22, 23, 24, 25),)	2xvd_ligand
((11, 12, 13, 17, 16, 15, 14),)	2ym3_ligand
((21, 22, 23, 24, 25, 26, 29),)	2ym4_ligand
((5, 4, 3, 2, 24, 23, 22),)	2ym5_ligand
((5, 20, 12, 11, 16, 19, 13),)	2ym6_ligand
((32, 33, 34, 35, 36, 37, 38),)	2zir_ligand
((12, 30, 31, 32, 33, 34, 35),)	3aox_ligand
((6, 5, 0, 1, 2, 3, 4),)	3apc_ligand
((17, 1, 9, 10, 20, 19, 14),)	3bgl_ligand
((8, 9, 10, 11, 12, 13, 14),)	3bmy_ligand
((31, 33, 34, 35, 36, 37, 38),)	3bqn_ligand
((34, 38, 39, 40, 41, 42, 43),)	3bv2_ligand
((34, 38, 39, 40, 41, 42, 43),)	3bv3_ligand
((1, 3, 4, 5, 6, 7, 8),)	3bwk_ligand
((1, 2, 3, 4, 5, 6, 7),)	3cj5_ligand
((11, 10, 7, 6, 5, 8, 9),)	3d6p_ligand
((25, 29, 30, 31, 32, 33, 34),)	3d83_ligand
((1, 12, 14, 15, 0, 33, 34),)	3dbs_ligand
((10, 11, 12, 13, 14, 15, 16),)	3dpd_ligand
((1, 18, 3, 2, 21, 20, 19),)	3dt1_ligand
((34, 36, 37, 38, 39, 40, 41),)	3e2m_ligand
((5, 9, 10, 11, 12, 13, 14),)	3e93_ligand
((14, 30, 31, 32, 33, 34, 35),)	3eid_ligand
((32, 33, 34, 35, 36, 37, 38),)	3fzs_ligand
((13, 14, 15, 16, 17, 18, 19),)	3hc8_ligand
((6, 5, 0, 1, 2, 3, 4),)	3hv6_ligand
((6, 1, 0, 5, 4, 3, 2),)	3iej_ligand
((29, 30, 31, 32, 33, 34, 35),)	3krr_ligand
((24, 27, 12, 8, 19, 9, 13), (26, 28, 14, 10, 20, 11, 15))	3kvx_ligand
((16, 9, 18, 19, 2, 20, 21),)	3l13_ligand
((4, 12, 24, 25, 2, 26, 27),)	3l16_ligand
((0, 9, 10, 11, 12, 13, 14),)	3l17_ligand
((24, 25, 26, 27, 28, 29, 30),)	3lq8_ligand
((23, 37, 28, 30, 41, 31, 29),)	3lzb_ligand
((9, 11, 23, 24, 25, 26, 27),)	3nox_ligand
((32, 33, 34, 35, 36, 37, 38),)	3npc_ligand
((0, 17, 15, 13, 4, 14, 16),)	3nzk_ligand
((8, 19, 11, 13, 22, 14, 12),)	3qcs_ligand
((8, 20, 11, 12, 23, 13, 14),)	3qcx_ligand
((14, 26, 18, 20, 31, 21, 19),)	3qcy_ligand
((22, 1, 6, 3, 2, 12, 10),)	3qqu_ligand
((11, 17, 12, 13, 15, 16, 14),)	3s2a_ligand
((1, 3, 4, 5, 6, 7, 8),)	3s3q_ligand
((9, 19, 20, 21, 22, 23, 24), (11, 13, 14, 15, 16, 17, 18))	3sd5_ligand
((33, 1, 0, 3, 2, 6, 9),)	3tge_ligand
((24, 10, 9, 7, 2, 0, 12),)	3tjc_ligand
((25, 26, 27, 28, 29, 30, 31),)	3tkh_ligand
((22, 1, 0, 4, 2, 5, 6),)	3tki_ligand
((9, 10, 11, 12, 13, 14, 15),)	3tl5_ligand
((6, 5, 0, 1, 2, 3, 4),)	3tv5_ligand
((26, 28, 29, 30, 31, 32, 33),)	3u1y_ligand
((6, 5, 0, 1, 2, 3, 4),)	3ug2_ligand
((17, 21, 10, 12, 22, 13, 11),)	3ui7_ligand
((6, 5, 0, 1, 2, 3, 4),)	3v5j_ligand
((8, 15, 11, 13, 18, 14, 12),)	3wkd_ligand
((23, 26, 27, 28, 29, 30, 31),)	3zim_ligand
((1, 3, 4, 5, 6, 7, 8),)	3zm5_ligand
((1, 3, 4, 5, 6, 7, 8),)	3zm6_ligand
((9, 24, 25, 26, 27, 28, 29),)	3zmm_ligand
((16, 18, 19, 20, 21, 22, 23),)	4aa0_ligand
((0, 1, 2, 3, 4, 5, 6),)	4ajw_ligand
((23, 26, 27, 28, 29, 30, 31),)	4aqc_ligand
((21, 22, 23, 24, 25, 26, 27),)	4axm_ligand
((3, 0, 1, 4, 5, 6, 2),)	4azt_ligand
((18, 22, 24, 25, 26, 27, 28),)	4bbe_ligand
((24, 27, 28, 29, 30, 31, 32),)	4bbf_ligand
((14, 15, 16, 17, 18, 19, 20),)	4bch_ligand
((14, 15, 16, 17, 18, 19, 20),)	4bcm_ligand
((20, 19, 18, 16, 17, 23, 22),)	4bcq_ligand
((0, 1, 2, 3, 4, 5, 6),)	4bfr_ligand
((3, 16, 15, 18, 19, 20, 17),)	4bny_ligand
((6, 5, 0, 1, 2, 3, 4),)	4brx_ligand
((20, 22, 23, 24, 25, 26, 27),)	4bsq_ligand
((34, 35, 36, 37, 38, 39, 40),)	4btt_ligand
((25, 26, 27, 28, 29, 30, 31),)	4d08_ligand
((33, 34, 35, 36, 37, 38, 39),)	4dij_ligand
((11, 12, 13, 14, 15, 16, 17),)	4ec0_ligand
((4, 5, 6, 7, 8, 9, 10),)	4edy_ligand
((4, 5, 6, 7, 8, 9, 10),)	4edz_ligand
((4, 5, 6, 7, 8, 9, 10),)	4ee0_ligand
((1, 2, 3, 4, 5, 6, 7),)	4egh_ligand
((4, 5, 6, 7, 8, 9, 10),)	4eym_ligand
((16, 17, 18, 19, 20, 21, 22),)	4ezj_ligand
((23, 15, 32, 33, 2, 34, 35),)	4ezk_ligand
((16, 27, 28, 29, 30, 31, 32),)	4ezl_ligand
((22, 23, 24, 25, 26, 27, 28),)	4f6u_ligand
((21, 22, 23, 24, 25, 26, 27),)	4f70_ligand
((6, 19, 11, 12, 20, 21, 13),)	4fjz_ligand
((16, 17, 18, 22, 21, 20, 19),)	4g11_ligand
((22, 13, 23, 24, 2, 25, 26),)	4gb9_ligand
((24, 26, 27, 28, 29, 30, 31),)	4gmc_ligand
((27, 28, 29, 30, 31, 32, 33),)	4im0_ligand
((21, 22, 5, 6, 23, 7, 24),)	4j22_ligand
((9, 8, 7, 21, 20, 12, 10),)	4jv7_ligand
((9, 8, 7, 21, 20, 12, 10),)	4jv9_ligand
((9, 8, 7, 21, 20, 12, 10),)	4jve_ligand
((17, 16, 14, 9, 8, 7, 22),)	4jwr_ligand
()	4kbk_ligand
((13, 14, 15, 16, 17, 18, 19),)	4kio_ligand
((10, 11, 12, 13, 14, 15, 16),)	4l23_ligand
((22, 41, 20, 17, 26, 18, 21),)	4l8m_ligand
((43, 51, 34, 36, 57, 37, 35),)	4lvt_ligand
((7, 6, 1, 2, 3, 4, 5),)	4ly9_ligand
((10, 25, 11, 12, 29, 13, 20),)	4mbc_ligand
((21, 22, 23, 24, 25, 26, 27),)	4mvh_ligand
((4, 7, 18, 22, 17, 21, 19),)	4mzo_ligand
((4, 8, 21, 25, 18, 24, 22),)	4mzs_ligand
((23, 38, 25, 27, 43, 28, 26),)	4nwm_ligand
((6, 5, 0, 1, 2, 3, 4),)	4o2p_ligand
((6, 5, 0, 1, 2, 3, 4),)	4o44_ligand
((22, 23, 24, 25, 26, 27, 28),)	4o72_ligand
((17, 16, 14, 9, 8, 7, 29),)	4oba_ligand
((17, 16, 14, 9, 8, 7, 19),)	4occ_ligand
((24, 23, 21, 9, 8, 7, 36),)	4odf_ligand
((24, 23, 21, 9, 8, 7, 36),)	4ogt_ligand
((17, 16, 14, 9, 8, 7, 28),)	4ogv_ligand
((17, 19, 20, 21, 22, 23, 24),)	4ot6_ligand
((4, 19, 8, 7, 21, 6, 20),)	4pl5_ligand
((18, 4, 15, 14, 16, 13, 17),)	4pmt_ligand
((17, 18, 19, 20, 21, 22, 23),)	4puj_ligand
((6, 2, 1, 0, 5, 4, 3),)	4puz_ligand
((16, 17, 18, 19, 20, 21, 22),)	4q4r_ligand
((6, 5, 0, 1, 2, 3, 4),)	4qab_ligand
((2, 3, 5, 7, 4, 8, 6),)	4qlq_ligand
((2, 3, 5, 7, 4, 8, 6),)	4qls_ligand
((2, 3, 5, 7, 4, 8, 6),)	4qlv_ligand
((2, 3, 5, 7, 4, 8, 6),)	4qw4_ligand
((2, 3, 5, 7, 4, 8, 6),)	4qw5_ligand
((2, 3, 5, 7, 4, 8, 6),)	4qw6_ligand
((2, 3, 5, 7, 4, 8, 6),)	4qw7_ligand
((2, 3, 5, 7, 4, 8, 6),)	4qwf_ligand
((2, 3, 5, 7, 4, 8, 6),)	4qwg_ligand
((2, 3, 5, 7, 4, 8, 6),)	4qwi_ligand
((2, 3, 5, 7, 4, 8, 6),)	4qwj_ligand
((2, 3, 5, 7, 4, 8, 6),)	4qwk_ligand
((2, 3, 5, 7, 4, 8, 6),)	4qwl_ligand
((2, 3, 5, 7, 4, 8, 6),)	4qwr_ligand
((2, 3, 5, 7, 4, 8, 6),)	4qws_ligand
((2, 3, 5, 7, 4, 8, 6),)	4qwx_ligand
((2, 3, 5, 7, 4, 8, 6),)	4qxj_ligand
((2, 3, 5, 7, 4, 8, 6),)	4qz0_ligand
((2, 3, 5, 7, 4, 8, 6),)	4qz1_ligand
((2, 3, 5, 7, 4, 8, 6),)	4qz2_ligand
((2, 3, 5, 7, 4, 8, 6),)	4qz3_ligand
((2, 3, 5, 7, 4, 8, 6),)	4qz4_ligand
((2, 3, 5, 7, 4, 8, 6),)	4qz5_ligand
((2, 3, 5, 7, 4, 8, 6),)	4qz6_ligand
((2, 3, 5, 7, 4, 8, 6),)	4qz7_ligand
((2, 3, 5, 7, 4, 8, 6),)	4qzw_ligand
((2, 3, 5, 7, 4, 8, 6),)	4qzx_ligand
((15, 17, 18, 19, 20, 21, 22),)	4rfy_ligand
((15, 17, 18, 19, 20, 21, 22),)	4rfz_ligand
((0, 20, 1, 2, 3, 21, 22),)	4tlr_ligand
((6, 5, 0, 1, 2, 3, 4),)	4tw7_ligand
((11, 7, 6, 4, 12, 9, 14),)	4tyb_ligand
((5, 9, 10, 11, 12, 13, 14),)	4urk_ligand
((7, 20, 12, 14, 23, 15, 13),)	4uwf_ligand
((7, 21, 12, 14, 25, 15, 13),)	4uwh_ligand
((1, 11, 16, 17, 18, 19, 20),)	4uwl_ligand
()	4xu1_ligand
((2, 4, 5, 6, 7, 8, 9),)	4y79_ligand
((6, 5, 0, 1, 2, 3, 4),)	4y8d_ligand
((26, 38, 39, 40, 41, 42, 43),)	4y8y_ligand
((0, 15, 16, 1, 17, 2, 18),)	4yff_ligand
((3, 20, 21, 22, 23, 24, 25),)	4yps_ligand
((36, 37, 38, 39, 40, 41, 42),)	4yur_ligand
((24, 26, 27, 28, 29, 30, 31),)	4yzn_ligand
((1, 13, 2, 14, 15, 16, 17),)	4z2b_ligand
((5, 25, 7, 9, 29, 10, 8),)	4zim_ligand
((2, 7, 16, 17, 18, 19, 20),)	4ztn_ligand
((18, 39, 40, 41, 42, 43, 44),)	5ar8_ligand
((42, 43, 44, 45, 46, 47, 48),)	5dit_ligand
((6, 2, 1, 0, 5, 4, 3),)	5ea5_ligand
